Sample	total_reads	avg_input_read_length	uniquely_mapped	uniquely_mapped_percent	avg_mapped_read_length	num_splices	num_annotated_splices	num_GTAG_splices	num_GCAG_splices	num_ATAC_splices	num_noncanonical_splices	mismatch_rate	deletion_rate	deletion_length	insertion_rate	insertion_length	multimapped	multimapped_percent	multimapped_toomany	multimapped_toomany_percent	unmapped_mismatches_percent	unmapped_tooshort_percent	unmapped_other_percent	unmapped_mismatches	unmapped_tooshort	unmapped_other
SRR7828562	41097487.0	100.0	36151416.0	87.97	99.26	5317740.0	5278868.0	5225783.0	47942.0	8395.0	35620.0	0.32	0.01	1.28	0.01	1.2	2279245.0	5.55	83412.0	0.2	0.0	6.03	0.25	0	2480571	102843
SRR7828562._STARpass1	41097487.0	100.0	36160608.0	87.99	99.25	5163102.0	5064765.0	5085138.0	35296.0	6781.0	35887.0	0.32	0.01	1.28	0.01	1.2	2250669.0	5.48	76847.0	0.19	0.0	6.1	0.25	0	2506632	102731
SRR7828563	34010474.0	100.0	30307696.0	89.11	99.2	4271921.0	4233536.0	4193381.0	36391.0	6875.0	35274.0	0.3	0.01	1.28	0.01	1.17	1621091.0	4.77	50122.0	0.15	0.0	5.75	0.22	0	1956700	74865
SRR7828563._STARpass1	34010474.0	100.0	30309039.0	89.12	99.2	4146577.0	4056128.0	4077085.0	28093.0	5753.0	35646.0	0.3	0.01	1.28	0.01	1.17	1608437.0	4.73	49018.0	0.14	0.0	5.79	0.22	0	1969159	74821
SRR7828564	39646036.0	100.0	35082558.0	88.49	99.2	7407595.0	7371070.0	7301504.0	60631.0	10899.0	34561.0	0.28	0.01	1.26	0.0	1.2	2088407.0	5.27	52255.0	0.13	0.0	5.98	0.13	0	2371267	51549
SRR7828564._STARpass1	39646036.0	100.0	35091004.0	88.51	99.19	7314570.0	7184542.0	7217566.0	52485.0	9828.0	34691.0	0.28	0.01	1.26	0.0	1.2	2077647.0	5.24	49197.0	0.12	0.0	5.99	0.13	0	2376609	51579
SRR7828565	32047046.0	100.0	28456256.0	88.8	99.09	7229481.0	7198477.0	7134471.0	54737.0	10520.0	29753.0	0.26	0.01	1.24	0.0	1.22	1780321.0	5.56	22716.0	0.07	0.0	5.53	0.05	0	1771734	16019
SRR7828565._STARpass1	32047046.0	100.0	28467392.0	88.83	99.08	7152762.0	7042957.0	7067778.0	46202.0	8943.0	29839.0	0.26	0.01	1.24	0.0	1.22	1769413.0	5.52	17092.0	0.05	0.0	5.54	0.05	0	1777110	16039
SRR7828566	40355699.0	100.0	35433142.0	87.8	99.18	7837604.0	7794669.0	7720032.0	67859.0	9942.0	39771.0	0.31	0.01	1.27	0.0	1.19	2172029.0	5.38	37318.0	0.09	0.0	6.62	0.1	0	2672835	40375
SRR7828566._STARpass1	40355699.0	100.0	35444095.0	87.83	99.17	7724068.0	7581831.0	7618099.0	56503.0	9288.0	40178.0	0.31	0.01	1.27	0.0	1.19	2159279.0	5.35	33129.0	0.08	0.0	6.65	0.09	0	2682886	36310
SRR7828567	34954611.0	100.0	31375408.0	89.76	99.31	7383169.0	7353339.0	7288564.0	58694.0	9561.0	26350.0	0.26	0.01	1.29	0.0	1.22	1759946.0	5.03	33269.0	0.1	0.0	5.01	0.1	0	1751037	34951
SRR7828567._STARpass1	34954611.0	100.0	31383532.0	89.78	99.3	7328101.0	7217602.0	7238180.0	54393.0	9047.0	26481.0	0.26	0.01	1.29	0.0	1.22	1752915.0	5.01	30487.0	0.09	0.0	5.01	0.1	0	1752693	34984
SRR7828568	36440832.0	100.0	32627655.0	89.54	99.26	7879154.0	7842613.0	7771219.0	60003.0	14046.0	33886.0	0.25	0.01	1.27	0.0	1.22	1897880.0	5.21	33271.0	0.09	0.0	5.04	0.12	0	1838258	43768
SRR7828568._STARpass1	36440832.0	100.0	32656838.0	89.62	99.25	7810345.0	7684764.0	7714013.0	53141.0	9185.0	34006.0	0.25	0.01	1.27	0.0	1.22	1868925.0	5.13	31118.0	0.09	0.0	5.05	0.12	0	1840223	43728
SRR7828569	34307581.0	100.0	30281841.0	88.27	99.23	5897172.0	5871122.0	5813831.0	52627.0	7947.0	22767.0	0.34	0.01	1.27	0.0	1.21	1675532.0	4.88	31878.0	0.09	0.0	6.63	0.13	0	2273747	44583
SRR7828569._STARpass1	34307581.0	100.0	30284113.0	88.27	99.23	5818217.0	5726017.0	5748333.0	39692.0	7351.0	22841.0	0.34	0.01	1.27	0.0	1.21	1667483.0	4.86	30717.0	0.09	0.0	6.65	0.13	0	2280683	44585
SRR7828570	35856632.0	100.0	31902374.0	88.97	99.24	7463711.0	7422887.0	7357761.0	58863.0	10082.0	37005.0	0.26	0.01	1.31	0.0	1.24	2017287.0	5.63	34240.0	0.1	0.0	5.2	0.11	0	1863315	39416
SRR7828570._STARpass1	35856632.0	100.0	31928024.0	89.04	99.23	7402798.0	7268871.0	7305529.0	51186.0	8885.0	37198.0	0.26	0.01	1.31	0.0	1.24	1991990.0	5.56	31598.0	0.09	0.0	5.2	0.11	0	1865556	39464
SRR7828571	32347607.0	100.0	29042809.0	89.78	99.29	6200886.0	6169535.0	6111674.0	52237.0	8545.0	28430.0	0.25	0.01	1.28	0.0	1.21	1624128.0	5.02	27051.0	0.08	0.0	5.0	0.11	0	1618023	35596
SRR7828571._STARpass1	32347607.0	100.0	29049578.0	89.8	99.29	6135610.0	6035449.0	6054317.0	44499.0	8240.0	28554.0	0.25	0.01	1.28	0.0	1.21	1617729.0	5.0	24881.0	0.08	0.0	5.01	0.11	0	1619853	35566
SRR7828572	31890916.0	100.0	28196644.0	88.42	99.22	5309873.0	5272037.0	5220046.0	47607.0	8085.0	34135.0	0.31	0.01	1.26	0.01	1.17	1651670.0	5.18	47283.0	0.15	0.0	6.09	0.17	0	1941133	54186
SRR7828572._STARpass1	31890916.0	100.0	28207395.0	88.45	99.21	5207000.0	5106152.0	5129546.0	36386.0	6604.0	34464.0	0.31	0.01	1.26	0.01	1.17	1633648.0	5.12	43467.0	0.14	0.0	6.12	0.17	0	1952179	54227
SRR7828573	43247592.0	100.0	38954679.0	90.07	99.37	1478527.0	1455978.0	1438290.0	15898.0	5860.0	18479.0	0.31	0.01	1.24	0.01	1.17	1609876.0	3.72	86415.0	0.2	0.0	5.65	0.35	0	2445152	151470
SRR7828573._STARpass1	43247592.0	100.0	38959137.0	90.08	99.37	1350530.0	1304576.0	1319167.0	10853.0	1769.0	18741.0	0.31	0.01	1.24	0.01	1.17	1583533.0	3.66	86830.0	0.2	0.0	5.7	0.35	0	2466632	151460
SRR7828574	35915255.0	100.0	31868876.0	88.73	99.18	6338202.0	6301694.0	6241834.0	55129.0	7872.0	33367.0	0.29	0.01	1.31	0.0	1.22	1784310.0	4.97	36866.0	0.1	0.0	6.06	0.13	0	2178470	46733
SRR7828574._STARpass1	35915255.0	100.0	31886551.0	88.78	99.17	6244374.0	6108505.0	6159889.0	43808.0	6977.0	33700.0	0.29	0.01	1.31	0.0	1.22	1766919.0	4.92	32928.0	0.09	0.0	6.07	0.13	0	2182123	46734
SRR7828575	37586621.0	100.0	33181091.0	88.28	99.2	7326614.0	7284688.0	7217784.0	61013.0	9060.0	38757.0	0.32	0.01	1.28	0.0	1.21	1813941.0	4.83	36817.0	0.1	0.0	6.7	0.1	0	2517202	37570
SRR7828575._STARpass1	37586621.0	100.0	33190784.0	88.3	99.19	7233497.0	7090372.0	7135524.0	50319.0	8776.0	38878.0	0.32	0.01	1.28	0.0	1.21	1805505.0	4.8	32220.0	0.09	0.0	6.71	0.1	0	2520548	37564
SRR7828576	37514010.0	100.0	32804726.0	87.45	99.15	6280059.0	6240753.0	6175128.0	62067.0	7460.0	35404.0	0.3	0.01	1.27	0.0	1.22	1692098.0	4.51	33397.0	0.09	0.0	7.86	0.1	0	2946304	37485
SRR7828576._STARpass1	37514010.0	100.0	32812281.0	87.47	99.14	6154449.0	6010799.0	6068512.0	43198.0	7203.0	35536.0	0.3	0.01	1.27	0.0	1.22	1684634.0	4.49	30035.0	0.08	0.0	7.87	0.1	0	2949581	37479
