Sample	TOTAL_READS	PF_READS	READ_LENGTH	TOTAL_BASES	PF_BASES	Q20_BASES	PF_Q20_BASES	Q30_BASES	PF_Q30_BASES	Q20_EQUIVALENT_YIELD	PF_Q20_EQUIVALENT_YIELD
SRR22373268	39939954	39939954	101	4033935354	4033935354	3972517035	3972517035	3847518733	3847518733	7307807257	7307807257
SRR22373269	57382298	57382298	101	5795612098	5795612098	5720640728	5720640728	5550811750	5550811750	10522335332	10522335332
SRR22373270	43169170	43169170	101	4360086170	4360086170	4304174514	4304174514	4174589171	4174589171	7915582055	7915582055
SRR22373271	67842356	67842356	101	6852077956	6852077956	6764364709	6764364709	6563362464	6563362464	12441494257	12441494257
SRR22373272	56615630	56615630	101	5718178630	5718178630	5641098803	5641098803	5464049947	5464049947	10372011272	10372011272
SRR22373273	62397892	62397892	101	6302187092	6302187092	6225206228	6225206228	6045539754	6045539754	11450967064	11450967064
SRR22373274	67772498	67772498	101	6845022298	6845022298	6753885997	6753885997	6545734737	6545734737	12419701246	12419701246
SRR22373275	68917610	68917610	101	6960678610	6960678610	6871220318	6871220318	6663278363	6663278363	12635968529	12635968529
SRR22373276	53446508	53446508	101	5398097308	5398097308	5320764214	5320764214	5148979184	5148979184	9782701810	9782701810
SRR22373277	56067656	56067656	101	5662833256	5662833256	5580609429	5580609429	5399490983	5399490983	10260496268	10260496268
SRR22373278	57013646	57013646	101	5758378246	5758378246	5672258938	5672258938	5484408096	5484408096	10428147441	10428147441
SRR22373279	53769788	53769788	101	5430748588	5430748588	5360549425	5360549425	5199912091	5199912091	9859068538	9859068538
SRR22373280	76573978	76573978	101	7733971778	7733971778	7624309656	7624309656	7380901562	7380901562	14018990554	14018990554
SRR22373281	64756064	64756064	101	6540362464	6540362464	6443406398	6443406398	6232013276	6232013276	11846579858	11846579858
SRR22373282	82258774	82258774	101	8308136174	8308136174	8184745583	8184745583	7911188575	7911188575	15045239770	15045239770
SRR22373283	70899738	70899738	101	7160873538	7160873538	7066550321	7066550321	6855032535	6855032535	12997853546	12997853546
SRR22373284	70330566	70330566	101	7103387166	7103387166	6998608415	6998608415	6769804746	6769804746	12867542073	12867542073
SRR22373285	54199494	54199494	101	5474148894	5474148894	5392343443	5392343443	5214196251	5214196251	9913761839	9913761839
SRR22373286	60013980	60013980	101	6061411980	6061411980	5974317233	5974317233	5782932203	5782932203	10985361623	10985361623
SRR22373287	63475464	63475464	101	6411021864	6411021864	6315070741	6315070741	6107579209	6107579209	11610951950	11610951950
SRR22373288	63591032	63591032	101	6422694232	6422694232	6333872331	6333872331	6130591616	6130591616	11644338709	11644338709
SRR22373289	71403702	71403702	101	7211773902	7211773902	7118967005	7118967005	6905082371	6905082371	13092568326	13092568326
SRR22373290	84860394	84860394	101	8570899794	8570899794	8441315694	8441315694	8159443770	8159443770	15518303986	15518303986
SRR22373291	51608776	51608776	101	5212486376	5212486376	5134992759	5134992759	4970440755	4970440755	9443458045	9443458045
SRR22373292	57966826	57966826	101	5854649426	5854649426	5764263320	5764263320	5571482226	5571482226	10597740290	10597740290
SRR22373293	51055062	51055062	101	5156561262	5156561262	5081605174	5081605174	4917048079	4917048079	9343294643	9343294643
SRR22373294	59072502	59072502	101	5966322702	5966322702	5887012799	5887012799	5706004923	5706004923	10825797004	10825797004
SRR22373295	59409804	59409804	101	6000390204	6000390204	5919146025	5919146025	5742697520	5742697520	10889040514	10889040514
SRR22373296	60883738	60883738	101	6149257538	6149257538	6065591313	6065591313	5875961823	5875961823	11153383144	11153383144
SRR22373297	57090268	57090268	101	5766117068	5766117068	5681366732	5681366732	5496477587	5496477587	10446020600	10446020600
SRR22373298	59353400	59353400	101	5994693400	5994693400	5910426518	5910426518	5728668103	5728668103	10871385570	10871385570
SRR22373299	55580046	55580046	101	5613584646	5613584646	5534928814	5534928814	5358345390	5358345390	10176746957	10176746957
SRR22373300	49832198	49832198	101	5033051998	5033051998	4968300277	4968300277	4821756375	4821756375	9138878907	9138878907
SRR22373301	45928232	45928232	101	4638751432	4638751432	4580771423	4580771423	4445970042	4445970042	8425285520	8425285520
SRR22373302	58770356	58770356	101	5935805956	5935805956	5852379964	5852379964	5667897018	5667897018	10761904865	10761904865
SRR22373303	52581504	52581504	101	5310731904	5310731904	5231197207	5231197207	5060416176	5060416176	9618817427	9618817427
SRR22373304	56030334	56030334	101	5659063734	5659063734	5572790499	5572790499	5384531778	5384531778	10243972830	10243972830
SRR22373305	55957288	55957288	101	5651686088	5651686088	5582202596	5582202596	5419505617	5419505617	10267489055	10267489055
SRR22373306	53147090	53147090	101	5367856090	5367856090	5295219139	5295219139	5132653183	5132653183	9738391697	9738391697
SRR22373307	47970750	47970750	101	4845045750	4845045750	4773906559	4773906559	4618588648	4618588648	8777506200	8777506200
SRR22373308	45555990	45555990	101	4601154990	4601154990	4529076917	4529076917	4374980313	4374980313	8325828247	8325828247
SRR22373309	48286394	48286394	101	4876925794	4876925794	4811484797	4811484797	4664851694	4664851694	8849101444	8849101444
SRR22373310	51508054	51508054	101	5202313454	5202313454	5128577381	5128577381	4967999063	4967999063	9431906643	9431906643
SRR22373311	43331326	43331326	101	4376463926	4376463926	4313652443	4313652443	4172983835	4172983835	7930260457	7930260457
SRR22373312	40502628	40502628	101	4090765428	4090765428	4038106815	4038106815	3918489305	3918489305	7427556934	7427556934
SRR22373313	59120514	59120514	101	5971171914	5971171914	5882376209	5882376209	5684002890	5684002890	10812016274	10812016274
SRR22373314	57135162	57135162	101	5770651362	5770651362	5687445197	5687445197	5501786979	5501786979	10455954972	10455954972
