## htsjdk.samtools.metrics.StringHeader
# CollectInsertSizeMetrics HISTOGRAM_FILE=/work/ugbogu/pipeline/data/nbl/GSE189367/results/picard/SRR17010976_insert_size_histogram.pdf MINIMUM_PCT=0.5 INPUT=/work/ugbogu/pipeline/data/nbl/GSE189367/results/star/SRR17010976.Aligned.sortedByCoord.out.bam OUTPUT=/work/ugbogu/pipeline/data/nbl/GSE189367/results/picard/SRR17010976_insert_size_metrics.txt    DEVIATIONS=10.0 METRIC_ACCUMULATION_LEVEL=[ALL_READS] INCLUDE_DUPLICATES=false ASSUME_SORTED=true STOP_AFTER=0 VERBOSITY=INFO QUIET=false VALIDATION_STRINGENCY=STRICT COMPRESSION_LEVEL=5 MAX_RECORDS_IN_RAM=500000 CREATE_INDEX=false CREATE_MD5_FILE=false USE_JDK_DEFLATER=false USE_JDK_INFLATER=false
## htsjdk.samtools.metrics.StringHeader
# Started on: Wed Apr 15 09:37:42 UTC 2026

## METRICS CLASS	picard.analysis.InsertSizeMetrics
MEDIAN_INSERT_SIZE	MODE_INSERT_SIZE	MEDIAN_ABSOLUTE_DEVIATION	MIN_INSERT_SIZE	MAX_INSERT_SIZE	MEAN_INSERT_SIZE	STANDARD_DEVIATION	READ_PAIRS	PAIR_ORIENTATION	WIDTH_OF_10_PERCENT	WIDTH_OF_20_PERCENT	WIDTH_OF_30_PERCENT	WIDTH_OF_40_PERCENT	WIDTH_OF_50_PERCENT	WIDTH_OF_60_PERCENT	WIDTH_OF_70_PERCENT	WIDTH_OF_80_PERCENT	WIDTH_OF_90_PERCENT	WIDTH_OF_95_PERCENT	WIDTH_OF_99_PERCENT	SAMPLE	LIBRARY	READ_GROUP
596	133	474	25	3181299	984.012551	1243.075106	34993572	FR	465	713	829	895	949	1305	3381	7493	21281	64995	195731			

## HISTOGRAM	java.lang.Integer
insert_size	All_Reads.fr_count
25	2
26	1
27	1
28	5
29	6
30	1
31	15
32	6
33	28
34	22
35	190
36	193
37	200
38	221
39	257
40	287
41	342
42	291
43	340
44	320
45	368
46	394
47	424
48	490
49	536
50	623
51	657
52	791
53	708
54	764
55	809
56	913
57	1125
58	1286
59	1320
60	1591
61	1622
62	1837
63	2023
64	2050
65	2413
66	2660
67	2935
68	3446
69	3588
70	4027
71	4954
72	4733
73	6234
74	6362
75	13952
76	7969
77	7804
78	9570
79	9864
80	10171
81	11416
82	11987
83	13996
84	14910
85	16350
86	17909
87	19440
88	21158
89	22965
90	25297
91	28214
92	30268
93	32647
94	35343
95	38970
96	41302
97	46301
98	48743
99	53168
100	55016
101	58067
102	60610
103	65174
104	69841
105	74253
106	77247
107	80247
108	82986
109	86667
110	90045
111	91348
112	95688
113	98701
114	100478
115	104171
116	107443
117	110593
118	115060
119	114387
120	118147
121	123782
122	123079
123	127761
124	128312
125	126506
126	125735
127	127910
128	128379
129	127232
130	129570
131	130189
132	129653
133	135877
134	134525
135	131961
136	133742
137	131009
138	130014
139	130042
140	129179
141	127791
142	128298
143	127454
144	126441
145	123785
146	121603
147	120218
148	121943
149	118323
150	116912
151	119120
152	116667
153	115172
154	115016
155	114635
156	111312
157	111621
158	108925
159	107015
160	105432
161	104804
162	103472
163	102567
164	99984
165	97951
166	98456
167	97422
168	94950
169	95232
170	93909
171	91526
172	90898
173	89318
174	88735
175	87708
176	86285
177	83436
178	84905
179	83100
180	81700
181	80600
182	79105
183	77624
184	76048
185	75253
186	74124
187	73601
188	73326
189	71094
190	70262
191	69619
192	68359
193	67272
194	66289
195	65506
196	65308
197	64395
198	63504
199	62441
200	62982
201	61070
202	60744
203	60682
204	58862
205	58005
206	57405
207	56308
208	56511
209	55775
210	54748
211	54511
212	52824
213	52628
214	51882
215	51461
216	50835
217	50770
218	49417
219	48747
220	48583
221	47731
222	47189
223	46920
224	46792
225	45915
226	46402
227	45321
228	44783
229	44011
230	44159
231	43275
232	43040
233	43083
234	41800
235	41209
236	41618
237	41131
238	40044
239	39380
240	38484
241	38418
242	38728
243	37520
244	37214
245	37095
246	36590
247	35961
248	36101
249	34874
250	35026
251	34755
252	34704
253	33847
254	33303
255	33269
256	33493
257	33576
258	32343
259	32151
260	31702
261	31300
262	31418
263	31579
264	30953
265	30809
266	30366
267	30453
268	29504
269	29451
270	28979
271	29195
272	28377
273	28253
274	28401
275	28212
276	27220
277	26711
278	26650
279	26393
280	25701
281	25666
282	25828
283	24820
284	25637
285	24722
286	24626
287	24055
288	23550
289	23155
290	23021
291	22895
292	23028
293	23013
294	23060
295	21735
296	22223
297	21773
298	21371
299	20869
300	21124
301	20148
302	20699
303	20315
304	20453
305	20071
306	19945
307	19370
308	19809
309	19536
310	19060
311	18573
312	17945
313	19145
314	18584
315	18471
316	18429
317	18582
318	18193
319	18087
320	17859
321	17461
322	17395
323	17290
324	17187
325	17000
326	16930
327	16328
328	16573
329	16567
330	16394
331	16691
332	16092
333	16017
334	15795
335	15910
336	15719
337	15710
338	15466
339	15664
340	15277
341	15145
342	15551
343	15101
344	14838
345	14692
346	15009
347	15012
348	14316
349	14517
350	14439
351	14026
352	14371
353	14131
354	13761
355	13634
356	13545
357	13888
358	13335
359	13466
360	13783
361	13502
362	13473
363	13154
364	13175
365	12901
366	12747
367	12940
368	12942
369	12753
370	12375
371	12690
372	12245
373	12129
374	12362
375	12140
376	12179
377	11899
378	11706
379	11564
380	11733
381	11862
382	11707
383	11480
384	11609
385	11584
386	11793
387	11233
388	10931
389	11066
390	11051
391	11052
392	10843
393	10912
394	11279
395	11088
396	10909
397	10723
398	10482
399	10364
400	10708
401	10805
402	10617
403	10344
404	10254
405	10447
406	10292
407	9921
408	10220
409	10159
410	10047
411	10104
412	9953
413	9729
414	9825
415	9488
416	9606
417	9841
418	9625
419	9682
420	9312
421	9669
422	9380
423	9574
424	9494
425	9888
426	9397
427	9398
428	9610
429	9341
430	9213
431	9176
432	8942
433	9259
434	9073
435	9194
436	8922
437	8940
438	8945
439	8969
440	8936
441	9084
442	9252
443	9159
444	9107
445	8749
446	8726
447	8730
448	8850
449	8933
450	8722
451	8667
452	8740
453	8900
454	9082
455	8773
456	8387
457	8473
458	8130
459	8614
460	8296
461	8459
462	8235
463	8118
464	8408
465	8056
466	8461
467	8338
468	8133
469	8223
470	8236
471	8156
472	8030
473	8035
474	7964
475	8047
476	7884
477	8224
478	8084
479	7747
480	7970
481	7737
482	7856
483	7574
484	7928
485	7800
486	7786
487	8153
488	7835
489	7830
490	7850
491	7782
492	7789
493	7794
494	7772
495	7460
496	7800
497	7942
498	7933
499	8202
500	7747
501	7843
502	7847
503	7851
504	7615
505	7961
506	7817
507	7950
508	8196
509	8002
510	8003
511	7880
512	7410
513	7819
514	7800
515	7519
516	7795
517	8096
518	7797
519	8060
520	7715
521	7771
522	7919
523	7790
524	7673
525	7451
526	7512
527	7702
528	7638
529	7578
530	7537
531	7587
532	7343
533	7556
534	7695
535	7919
536	8085
537	7856
538	7708
539	7647
540	7985
541	7646
542	7735
543	7802
544	7460
545	7511
546	7519
547	7290
548	7344
549	7332
550	7644
551	7378
552	7483
553	7574
554	7311
555	7669
556	7458
557	7399
558	7405
559	7401
560	7329
561	7163
562	7604
563	7942
564	7496
565	7270
566	7219
567	6956
568	7289
569	7366
570	7386
571	7477
572	7175
573	7423
574	6916
575	7124
576	7208
577	7094
578	7074
579	7419
580	7169
581	7404
582	7135
583	7240
584	7236
585	7091
586	7127
587	6879
588	7042
589	6905
590	7020
591	7158
592	7122
593	6956
594	7333
595	6986
596	7169
597	7201
598	7182
599	6895
600	6896
601	6856
602	6883
603	6807
604	6537
605	6887
606	6703
607	6923
608	6935
609	6863
610	6982
611	6691
612	6860
613	6955
614	6776
615	6840
616	6902
617	7030
618	6764
619	6627
620	6691
621	6397
622	6577
623	6588
624	6849
625	7078
626	6914
627	6960
628	6593
629	6615
630	6622
631	6549
632	6584
633	6553
634	6830
635	6951
636	6952
637	6478
638	6747
639	6659
640	6604
641	6776
642	6534
643	6461
644	6727
645	6682
646	6568
647	6410
648	6487
649	6907
650	6317
651	6500
652	6691
653	6504
654	6530
655	6502
656	6440
657	6579
658	6346
659	6608
660	6627
661	6384
662	6326
663	6494
664	6334
665	6390
666	6544
667	6586
668	6514
669	6728
670	6818
671	6458
672	6486
673	6498
674	6323
675	6185
676	6492
677	6415
678	6527
679	6378
680	6688
681	6257
682	6421
683	6362
684	6496
685	6696
686	6077
687	6346
688	6212
689	6339
690	6404
691	6760
692	6619
693	6581
694	6826
695	6422
696	6381
697	6448
698	6538
699	6435
700	6376
701	6657
702	6622
703	6627
704	6632
705	6468
706	6450
707	6319
708	6503
709	6257
710	6483
711	6438
712	6424
713	6464
714	6363
715	6560
716	6335
717	6478
718	6238
719	6563
720	6216
721	6090
722	6295
723	6465
724	6445
725	6548
726	6529
727	6344
728	6328
729	6204
730	6239
731	6351
732	6292
733	6382
734	6651
735	6614
736	6211
737	6255
738	6298
739	6149
740	6139
741	6159
742	6411
743	6258
744	6313
745	6207
746	5899
747	6109
748	5960
749	6054
750	6125
751	6136
752	6164
753	6197
754	6203
755	6173
756	6235
757	6239
758	6167
759	6099
760	6250
761	6034
762	6031
763	6196
764	6091
765	6248
766	6229
767	6202
768	6171
769	6131
770	6212
771	5819
772	6077
773	6324
774	6011
775	5901
776	5882
777	5733
778	5846
779	5910
780	6149
781	5938
782	6024
783	6116
784	6116
785	5936
786	6069
787	6086
788	6040
789	5822
790	5857
791	5901
792	5779
793	5973
794	6079
795	5759
796	5954
797	5936
798	5747
799	5899
800	5841
801	5939
802	6020
803	6085
804	5927
805	5898
806	5830
807	5802
808	5892
809	5753
810	5804
811	5646
812	5730
813	5667
814	5870
815	5976
816	5856
817	5811
818	5809
819	5887
820	5811
821	5695
822	5808
823	5655
824	5758
825	5579
826	5819
827	5768
828	5854
829	5643
830	5926
831	5722
832	5762
833	5946
834	5842
835	5866
836	5872
837	6136
838	5992
839	5796
840	5737
841	5879
842	5712
843	5648
844	5767
845	5610
846	5577
847	5391
848	5844
849	5487
850	5556
851	5642
852	5452
853	5671
854	5716
855	5804
856	5675
857	5767
858	5572
859	5640
860	5832
861	5478
862	5446
863	5671
864	5545
865	5608
866	5618
867	5598
868	5530
869	5538
870	5624
871	5745
872	5435
873	5584
874	5641
875	5488
876	5700
877	5672
878	5558
879	5480
880	5577
881	5582
882	5567
883	5630
884	5423
885	5264
886	5517
887	5517
888	5529
889	5491
890	5514
891	5578
892	5711
893	5540
894	5265
895	5399
896	5334
897	5439
898	5490
899	5412
900	5230
901	5496
902	5471
903	5149
904	5165
905	5244
906	5262
907	5259
908	5319
909	5150
910	5492
911	5199
912	5215
913	5336
914	5357
915	5211
916	5293
917	5324
918	5116
919	5254
920	5164
921	5444
922	5407
923	5349
924	5269
925	5274
926	5300
927	5185
928	5376
929	5352
930	5276
931	5331
932	5330
933	5349
934	5199
935	5506
936	5517
937	5155
938	5129
939	5348
940	5308
941	5294
942	5252
943	5419
944	5239
945	5064
946	5160
947	5309
948	5271
949	5078
950	5191
951	5368
952	5233
953	5095
954	4974
955	5161
956	5004
957	5021
958	5109
959	4884
960	4830
961	4878
962	5179
963	4926
964	4910
965	5247
966	5290
967	5133
968	5062
969	5096
970	5137
971	5165
972	5276
973	5101
974	5105
975	5072
976	4981
977	4928
978	4891
979	4936
980	5085
981	4993
982	5010
983	5159
984	5004
985	5141
986	4981
987	4979
988	5068
989	4912
990	5149
991	5065
992	5166
993	4883
994	4970
995	5064
996	4846
997	4837
998	4937
999	5079
1000	4947
1001	4972
1002	4892
1003	4723
1004	4800
1005	4740
1006	4840
1007	4922
1008	4765
1009	4722
1010	4796
1011	4763
1012	4828
1013	4897
1014	5035
1015	4946
1016	4706
1017	4793
1018	4926
1019	5039
1020	4694
1021	4844
1022	4729
1023	4754
1024	4699
1025	4707
1026	4793
1027	4709
1028	4674
1029	4585
1030	4697
1031	4667
1032	4436
1033	4741
1034	4555
1035	4764
1036	4607
1037	4630
1038	4600
1039	4411
1040	4624
1041	4441
1042	4696
1043	4556
1044	4581
1045	4550
1046	4585
1047	4842
1048	4480
1049	4570
1050	4514
1051	4503
1052	4687
1053	4514
1054	4476
1055	4389
1056	4400
1057	4611
1058	4521
1059	4555
1060	4350
1061	4558
1062	4503
1063	4349
1064	4289
1065	4442
1066	4503
1067	4376
1068	4428
1069	4316
1070	4369
1071	4402
1072	4382
1073	4435
1074	4478
1075	4444
1076	4426
1077	4322
1078	4484
1079	4277
1080	4299
1081	4318
1082	4328
1083	4391
1084	4300
1085	4404
1086	4421
1087	4324
1088	4354
1089	4417
1090	4216
1091	4266
1092	4192
1093	4102
1094	4492
1095	4389
1096	4265
1097	4195
1098	4249
1099	4210
1100	4208
1101	4319
1102	4355
1103	4118
1104	4420
1105	4297
1106	4226
1107	4281
1108	4334
1109	4327
1110	4446
1111	4168
1112	4302
1113	4347
1114	4387
1115	4396
1116	4023
1117	4515
1118	4243
1119	4340
1120	4447
1121	4284
1122	4415
1123	4335
1124	4549
1125	4269
1126	4295
1127	4329
1128	4175
1129	4340
1130	4340
1131	4435
1132	4409
1133	4274
1134	4490
1135	4265
1136	4383
1137	4178
1138	4401
1139	4318
1140	4333
1141	4525
1142	4517
1143	4417
1144	4452
1145	4517
1146	4421
1147	4410
1148	4569
1149	4368
1150	4476
1151	4433
1152	4330
1153	4493
1154	4465
1155	4376
1156	4364
1157	4660
1158	4631
1159	4448
1160	4630
1161	4252
1162	4619
1163	4394
1164	4634
1165	4516
1166	4462
1167	4580
1168	4335
1169	4368
1170	4351
1171	4278
1172	4436
1173	4469
1174	4641
1175	4343
1176	4215
1177	4233
1178	4320
1179	4417
1180	4520
1181	4464
1182	4462
1183	4239
1184	4462
1185	4278
1186	4342
1187	4208
1188	4236
1189	4414
1190	4251
1191	4500
1192	4450
1193	4331
1194	4292
1195	4436
1196	4503
1197	4490
1198	4314
1199	4411
1200	4527
1201	4259
1202	4302
1203	4397
1204	4259
1205	4558
1206	4335
1207	4515
1208	4681
1209	4499
1210	4474
1211	4455
1212	4388
1213	4307
1214	4345
1215	4399
1216	4400
1217	4393
1218	4266
1219	4396
1220	4309
1221	4628
1222	4383
1223	4427
1224	4531
1225	4404
1226	4658
1227	4693
1228	4605
1229	4564
1230	4314
1231	4318
1232	4449
1233	4429
1234	4358
1235	4453
1236	4408
1237	4411
1238	4524
1239	4379
1240	4518
1241	4501
1242	4575
1243	4586
1244	4383
1245	4341
1246	4674
1247	4646
1248	4320
1249	4331
1250	4380
1251	4550
1252	4424
1253	4824
1254	4404
1255	4778
1256	4558
1257	4494
1258	4572
1259	4446
1260	4378
1261	4619
1262	4457
1263	4808
1264	4820
1265	4805
1266	4620
1267	4641
1268	4595
1269	4492
1270	4378
1271	4437
1272	4492
1273	4455
1274	4358
1275	4388
1276	4183
1277	4308
1278	4467
1279	4457
1280	4286
1281	4411
1282	4421
1283	4324
1284	4110
1285	4312
1286	4280
1287	4122
1288	4320
1289	4217
1290	4379
1291	4358
1292	4370
1293	4178
1294	4318
1295	4064
1296	4166
1297	4144
1298	3923
1299	4169
1300	4132
1301	4289
1302	4201
1303	4304
1304	4166
1305	4386
1306	4235
1307	4260
1308	4415
1309	4312
1310	4184
1311	4300
1312	4119
1313	4303
1314	4971
1315	4681
1316	4092
1317	4526
1318	4240
1319	4163
1320	4068
1321	4134
1322	4100
1323	4165
1324	4025
1325	3946
1326	4208
1327	4323
1328	4031
1329	4056
1330	4133
1331	4103
1332	4053
1333	4009
1334	3981
1335	4061
1336	3939
1337	3942
1338	3932
1339	3846
1340	4036
1341	3933
1342	3869
1343	4023
1344	3755
1345	3852
1346	3982
1347	3842
1348	4016
1349	3974
1350	3952
1351	3968
1352	4007
1353	4018
1354	4043
1355	3801
1356	3946
1357	3936
1358	3786
1359	3956
1360	3949
1361	3723
1362	3923
1363	3961
1364	3995
1365	3793
1366	3951
1367	3995
1368	3897
1369	3912
1370	3795
1371	3824
1372	3728
1373	3896
1374	3856
1375	3822
1376	3838
1377	3943
1378	3981
1379	3931
1380	3809
1381	3848
1382	3703
1383	4003
1384	3806
1385	3893
1386	3740
1387	3929
1388	3785
1389	3680
1390	3697
1391	3816
1392	3778
1393	3729
1394	3858
1395	3735
1396	3902
1397	3900
1398	3854
1399	3780
1400	3608
1401	3711
1402	3680
1403	3732
1404	3713
1405	3666
1406	3502
1407	3798
1408	3718
1409	3742
1410	3798
1411	3668
1412	3798
1413	3697
1414	3610
1415	3634
1416	3676
1417	3702
1418	3714
1419	3523
1420	3593
1421	3614
1422	3639
1423	3578
1424	3514
1425	3742
1426	3740
1427	3595
1428	3788
1429	3752
1430	3565
1431	3689
1432	3546
1433	3662
1434	3643
1435	3589
1436	3599
1437	3558
1438	3712
1439	3567
1440	3618
1441	3702
1442	3766
1443	3706
1444	3580
1445	3632
1446	3551
1447	3700
1448	3525
1449	3490
1450	3649
1451	3689
1452	3710
1453	3631
1454	3648
1455	3549
1456	3684
1457	3658
1458	3707
1459	3760
1460	3747
1461	3779
1462	3620
1463	3573
1464	3650
1465	3532
1466	3678
1467	3600
1468	3528
1469	3653
1470	3697
1471	3677
1472	3776
1473	3712
1474	3577
1475	3575
1476	3597
1477	3733
1478	3663
1479	3630
1480	3871
1481	3758
1482	3806
1483	3793
1484	3698
1485	3640
1486	3697
1487	3553
1488	3650
1489	3727
1490	3801
1491	3933
1492	3929
1493	3983
1494	4108
1495	3764
1496	3714
1497	4007
1498	3853
1499	4245
1500	4090
1501	4065
1502	3848
1503	3944
1504	3833
1505	3700
1506	3778
1507	4081
1508	3887
1509	3873
1510	3953
1511	3814
1512	3843
1513	4071
1514	4024
1515	3732
1516	3843
1517	3858
1518	3816
1519	4056
1520	3828
1521	3989
1522	3750
1523	4217
1524	4027
1525	4217
1526	4131
1527	4036
1528	3893
1529	3765
1530	3918
1531	3929
1532	3941
1533	4051
1534	3915
1535	3995
1536	3850
1537	3991
1538	3895
1539	3883
1540	3994
1541	4012
1542	4190
1543	3892
1544	3852
1545	3978
1546	3954
1547	3911
1548	3942
1549	3979
1550	3978
1551	3970
1552	4114
1553	4024
1554	3960
1555	4093
1556	4051
1557	4008
1558	3926
1559	4103
1560	3883
1561	3733
1562	4010
1563	3930
1564	3844
1565	3808
1566	3736
1567	3964
1568	3761
1569	3762
1570	3824
1571	3899
1572	3956
1573	3986
1574	3793
1575	3853
1576	3946
1577	3764
1578	3730
1579	3819
1580	3807
1581	3890
1582	3934
1583	3856
1584	3994
1585	4149
1586	4080
1587	3870
1588	3719
1589	3868
1590	3849
1591	3748
1592	3667
1593	3695
1594	3734
1595	3615
1596	3689
1597	3648
1598	3533
1599	3768
1600	3560
1601	3844
1602	3714
1603	3855
1604	3778
1605	3803
1606	3467
1607	3722
1608	3712
1609	3583
1610	3490
1611	3552
1612	3641
1613	3625
1614	3623
1615	3543
1616	3676
1617	3557
1618	3582
1619	3684
1620	3693
1621	3591
1622	3581
1623	3589
1624	3640
1625	3567
1626	3653
1627	3797
1628	3606
1629	3588
1630	3506
1631	3596
1632	3521
1633	3478
1634	3405
1635	3662
1636	3466
1637	3678
1638	3457
1639	3624
1640	3642
1641	3647
1642	3638
1643	3603
1644	3639
1645	3607
1646	3600
1647	3455
1648	3475
1649	3529
1650	3480
1651	3648
1652	3599
1653	3568
1654	3499
1655	3590
1656	3611
1657	3590
1658	3641
1659	3571
1660	3705
1661	3497
1662	3533
1663	3698
1664	3745
1665	3791
1666	3718
1667	3659
1668	3697
1669	3558
1670	3742
1671	3731
1672	3631
1673	3579
1674	3645
1675	3585
1676	3490
1677	3688
1678	3799
1679	3502
1680	3712
1681	3538
1682	3986
1683	3715
1684	3634
1685	3521
1686	3610
1687	3635
1688	3726
1689	3556
1690	3491
1691	3692
1692	3755
1693	3582
1694	3486
1695	3473
1696	3458
1697	3682
1698	3562
1699	3654
1700	3726
1701	3759
1702	3667
1703	3548
1704	3579
1705	3690
1706	3457
1707	3752
1708	3624
1709	3841
1710	3687
1711	3568
1712	3686
1713	3559
1714	3604
1715	3736
1716	3433
1717	3585
1718	3678
1719	3612
1720	3479
1721	3444
1722	3600
1723	3609
1724	3642
1725	3584
1726	3431
1727	3540
1728	3492
1729	3580
1730	3417
1731	3657
1732	3612
1733	3665
1734	3589
1735	3438
1736	3619
1737	3474
1738	3476
1739	3614
1740	3541
1741	3571
1742	3376
1743	3470
1744	3492
1745	3340
1746	3324
1747	3477
1748	3518
1749	3381
1750	3381
1751	3336
1752	3514
1753	3449
1754	3656
1755	3377
1756	3329
1757	3428
1758	3343
1759	3552
1760	3481
1761	3410
1762	3273
1763	3265
1764	3258
1765	3255
1766	3383
1767	3294
1768	3263
1769	3415
1770	3593
1771	3488
1772	3555
1773	3426
1774	3235
1775	3244
1776	3194
1777	3180
1778	3247
1779	3128
1780	3244
1781	3240
1782	3105
1783	3028
1784	3167
1785	3070
1786	3145
1787	3019
1788	2956
1789	3313
1790	3061
1791	3068
1792	3240
1793	3047
1794	3147
1795	3027
1796	3148
1797	3182
1798	3139
1799	3112
1800	2974
1801	3057
1802	2979
1803	2978
1804	3271
1805	2937
1806	2993
1807	3106
1808	3023
1809	3227
1810	3036
1811	2944
1812	3012
1813	3031
1814	3013
1815	3000
1816	2897
1817	3135
1818	2964
1819	2995
1820	2829
1821	3036
1822	2961
1823	3004
1824	3004
1825	2808
1826	2887
1827	2993
1828	2830
1829	2835
1830	2944
1831	2854
1832	2840
1833	2846
1834	3009
1835	3009
1836	2911
1837	2793
1838	2928
1839	2850
1840	2983
1841	2889
1842	2827
1843	2866
1844	2790
1845	2818
1846	2811
1847	2817
1848	2964
1849	2816
1850	2937
1851	2927
1852	2924
1853	2996
1854	2985
1855	2948
1856	2881
1857	2976
1858	2946
1859	2631
1860	3086
1861	2896
1862	2955
1863	2977
1864	2926
1865	2760
1866	2836
1867	2761
1868	2858
1869	2964
1870	2922
1871	3013
1872	3003
1873	2982
1874	2896
1875	2768
1876	2886
1877	2785
1878	2884
1879	2793
1880	2989
1881	2820
1882	2949
1883	2861
1884	2982
1885	2972
1886	2947
1887	3001
1888	2881
1889	2779
1890	2883
1891	2838
1892	2999
1893	2990
1894	3012
1895	3047
1896	2852
1897	2951
1898	2842
1899	2869
1900	2943
1901	3087
1902	2967
1903	2929
1904	2997
1905	2798
1906	2905
1907	2957
1908	3032
1909	2985
1910	2850
1911	3155
1912	3072
1913	3040
1914	2936
1915	2978
1916	3069
1917	2976
1918	3108
1919	2952
1920	3049
1921	2959
1922	3076
1923	3091
1924	2869
1925	2987
1926	3016
1927	2972
1928	3028
1929	3041
1930	3106
1931	3138
1932	2978
1933	2896
1934	3040
1935	3102
1936	2972
1937	2981
1938	3143
1939	3030
1940	2978
1941	3100
1942	3003
1943	2950
1944	3036
1945	3008
1946	2904
1947	2827
1948	3031
1949	3033
1950	3070
1951	3080
1952	2962
1953	3018
1954	3143
1955	3076
1956	2990
1957	3085
1958	3137
1959	3080
1960	3139
1961	3100
1962	3073
1963	3115
1964	2950
1965	3017
1966	3125
1967	3099
1968	3163
1969	3017
1970	3182
1971	3241
1972	3083
1973	3080
1974	3028
1975	3103
1976	3338
1977	3202
1978	3206
1979	3120
1980	3106
1981	3237
1982	3323
1983	3120
1984	3157
1985	3177
1986	3178
1987	3312
1988	3105
1989	3215
1990	3277
1991	3238
1992	3585
1993	3266
1994	3281
1995	3205
1996	3254
1997	3272
1998	3139
1999	3383
2000	3317
2001	3348
2002	3320
2003	3360
2004	3328
2005	3301
2006	3352
2007	3337
2008	3376
2009	3448
2010	3417
2011	3293
2012	3584
2013	3557
2014	3367
2015	3371
2016	3349
2017	3301
2018	3255
2019	3339
2020	3479
2021	3306
2022	3346
2023	3262
2024	3279
2025	3331
2026	3277
2027	3255
2028	3283
2029	3250
2030	3198
2031	3418
2032	3212
2033	3258
2034	3288
2035	3220
2036	3368
2037	3295
2038	3282
2039	3225
2040	3338
2041	3309
2042	3278
2043	3294
2044	3235
2045	3325
2046	3104
2047	3281
2048	3046
2049	3273
2050	3185
2051	3202
2052	3158
2053	3308
2054	3318
2055	3196
2056	3281
2057	3239
2058	3243
2059	3210
2060	3120
2061	3260
2062	3075
2063	3160
2064	3225
2065	3078
2066	3081
2067	3115
2068	3104
2069	3228
2070	3148
2071	3118
2072	3082
2073	3100
2074	3033
2075	3010
2076	2946
2077	2854
2078	2980
2079	3067
2080	2880
2081	3038
2082	2991
2083	2802
2084	2899
2085	2759
2086	2940
2087	2920
2088	2850
2089	2967
2090	3003
2091	2909
2092	2853
2093	2788
2094	2736
2095	2815
2096	2900
2097	2809
2098	2882
2099	2871
2100	2983
2101	2849
2102	2830
2103	2728
2104	2804
2105	2871
2106	2818
2107	2981
2108	2916
2109	2884
2110	2709
2111	2577
2112	2653
2113	2768
2114	2746
2115	2696
2116	2762
2117	2694
2118	2769
2119	2701
2120	2750
2121	2553
2122	2725
2123	2631
2124	2751
2125	2597
2126	2736
2127	2711
2128	2770
2129	2747
2130	2670
2131	2783
2132	2717
2133	2795
2134	2697
2135	2674
2136	2545
2137	2543
2138	2601
2139	2590
2140	2553
2141	2557
2142	2632
2143	2662
2144	2583
2145	2497
2146	2626
2147	2590
2148	2741
2149	2764
2150	2523
2151	2511
2152	2533
2153	2516
2154	2665
2155	2471
2156	2485
2157	2496
2158	2616
2159	2543
2160	2559
2161	2690
2162	2473
2163	2684
2164	2488
2165	2647
2166	2621
2167	2561
2168	2592
2169	2485
2170	2648
2171	2654
2172	2669
2173	2506
2174	2629
2175	2664
2176	2641
2177	2518
2178	2595
2179	2696
2180	2567
2181	2686
2182	2528
2183	2532
2184	2460
2185	2610
2186	2727
2187	2568
2188	2509
2189	2761
2190	2516
2191	2609
2192	2510
2193	2545
2194	2389
2195	2588
2196	2619
2197	2710
2198	2666
2199	2668
2200	2699
2201	2757
2202	2715
2203	2684
2204	2871
2205	2618
2206	2596
2207	2571
2208	2723
2209	2844
2210	2818
2211	2592
2212	2663
2213	2553
2214	2599
2215	2691
2216	2531
2217	2698
2218	2607
2219	2585
2220	2696
2221	2693
2222	2674
2223	2515
2224	2593
2225	2568
2226	2668
2227	2609
2228	2540
2229	2469
2230	2563
2231	2563
2232	2682
2233	2699
2234	2596
2235	2636
2236	2775
2237	2815
2238	2649
2239	2627
2240	2581
2241	2726
2242	2625
2243	2652
2244	2705
2245	2627
2246	2590
2247	2585
2248	2621
2249	2624
2250	2630
2251	2790
2252	2601
2253	2715
2254	2795
2255	2637
2256	2743
2257	2829
2258	2643
2259	2861
2260	2838
2261	2728
2262	2699
2263	2611
2264	2776
2265	2681
2266	2688
2267	2634
2268	2682
2269	2664
2270	2698
2271	2638
2272	2600
2273	2622
2274	2557
2275	2610
2276	2655
2277	2672
2278	2645
2279	2572
2280	2495
2281	2546
2282	2474
2283	2419
2284	2508
2285	2642
2286	2430
2287	2673
2288	2718
2289	2555
2290	2459
2291	2543
2292	2490
2293	2292
2294	2458
2295	2499
2296	2470
2297	2411
2298	2362
2299	2595
2300	2350
2301	2585
2302	2667
2303	2504
2304	2652
2305	2418
2306	2368
2307	2605
2308	2418
2309	2422
2310	2472
2311	2484
2312	2496
2313	2500
2314	2589
2315	2548
2316	2728
2317	2326
2318	2500
2319	2637
2320	2480
2321	2480
2322	2516
2323	2585
2324	2487
2325	2613
2326	2595
2327	2518
2328	2543
2329	2476
2330	2383
2331	2432
2332	2347
2333	2408
2334	2495
2335	2485
2336	2497
2337	2499
2338	2427
2339	2319
2340	2366
2341	2463
2342	2364
2343	2335
2344	2413
2345	2369
2346	2409
2347	2475
2348	2435
2349	2434
2350	2317
2351	2343
2352	2228
2353	2319
2354	2411
2355	2425
2356	2381
2357	2488
2358	2481
2359	2420
2360	2471
2361	2414
2362	2537
2363	2359
2364	2461
2365	2313
2366	2249
2367	2545
2368	2345
2369	2254
2370	2484
2371	2310
2372	2351
2373	2484
2374	2365
2375	2319
2376	2322
2377	2304
2378	2257
2379	2309
2380	2288
2381	2273
2382	2322
2383	2367
2384	2182
2385	2173
2386	2216
2387	2252
2388	2296
2389	2131
2390	2223
2391	2241
2392	2315
2393	2284
2394	2256
2395	2262
2396	2153
2397	2088
2398	2351
2399	2247
2400	2255
2401	2292
2402	2273
2403	2259
2404	2216
2405	2310
2406	2275
2407	2244
2408	2207
2409	2304
2410	2131
2411	2240
2412	2219
2413	2149
2414	2161
2415	2143
2416	2191
2417	2171
2418	2142
2419	2133
2420	2056
2421	2141
2422	2229
2423	2131
2424	2172
2425	2180
2426	2116
2427	2270
2428	2209
2429	2202
2430	2138
2431	2110
2432	2147
2433	2186
2434	2282
2435	2107
2436	2069
2437	2051
2438	2019
2439	2149
2440	2128
2441	2170
2442	2049
2443	2141
2444	2048
2445	2167
2446	2006
2447	1988
2448	2178
2449	2117
2450	1974
2451	2071
2452	2114
2453	2203
2454	2189
2455	2003
2456	2159
2457	2092
2458	2084
2459	2159
2460	2016
2461	2081
2462	2098
2463	2022
2464	2060
2465	2038
2466	2080
2467	2012
2468	2170
2469	1975
2470	2054
2471	2118
2472	2151
2473	2060
2474	2069
2475	2078
2476	2121
2477	2074
2478	2091
2479	2088
2480	2244
2481	2002
2482	2135
2483	2193
2484	2076
2485	2101
2486	2170
2487	2148
2488	2107
2489	2208
2490	2157
2491	2109
2492	2103
2493	2054
2494	2104
2495	2133
2496	2118
2497	2101
2498	2152
2499	2254
2500	2234
2501	2181
2502	2167
2503	2227
2504	2073
2505	2278
2506	2295
2507	2110
2508	2215
2509	2208
2510	2146
2511	2067
2512	2197
2513	2196
2514	2239
2515	2221
2516	2244
2517	2086
2518	2129
2519	2176
2520	2081
2521	2268
2522	2127
2523	2150
2524	2243
2525	2280
2526	2137
2527	2145
2528	2304
2529	2280
2530	2163
2531	2239
2532	2151
2533	2182
2534	2302
2535	2186
2536	2052
2537	2212
2538	2205
2539	2242
2540	2266
2541	2266
2542	2366
2543	2359
2544	2129
2545	2186
2546	2200
2547	2238
2548	2328
2549	2182
2550	2194
2551	2308
2552	2195
2553	2260
2554	2284
2555	2148
2556	2149
2557	2176
2558	2291
2559	2277
2560	2238
2561	2090
2562	2236
2563	2235
2564	2280
2565	2326
2566	2215
2567	2220
2568	2233
2569	2281
2570	2139
2571	2119
2572	2148
2573	2201
2574	2121
2575	2060
2576	2143
2577	2048
2578	2256
2579	2155
2580	2256
2581	2193
2582	2150
2583	2161
2584	2256
2585	2148
2586	2062
2587	2206
2588	2106
2589	2282
2590	1981
2591	2160
2592	2049
2593	2133
2594	1999
2595	2143
2596	2056
2597	2086
2598	2042
2599	2175
2600	2073
2601	2157
2602	2090
2603	2136
2604	2111
2605	2110
2606	2018
2607	2108
2608	2192
2609	1993
2610	2060
2611	2033
2612	2040
2613	2087
2614	1968
2615	2198
2616	2174
2617	2118
2618	2094
2619	2138
2620	1998
2621	2017
2622	2061
2623	2106
2624	2171
2625	2060
2626	2100
2627	2023
2628	2050
2629	1938
2630	2105
2631	2067
2632	2057
2633	2150
2634	2225
2635	2169
2636	2110
2637	2171
2638	2153
2639	2255
2640	2252
2641	2207
2642	2280
2643	2151
2644	2104
2645	2208
2646	2202
2647	2173
2648	2067
2649	2096
2650	2184
2651	2206
2652	2221
2653	2416
2654	2319
2655	2079
2656	2106
2657	2258
2658	2100
2659	2090
2660	2138
2661	2120
2662	2233
2663	2037
2664	2038
2665	2208
2666	2074
2667	2038
2668	2140
2669	2098
2670	2082
2671	2003
2672	2154
2673	1963
2674	2018
2675	2125
2676	2223
2677	2132
2678	2167
2679	2185
2680	2126
2681	2191
2682	2107
2683	2105
2684	2360
2685	2143
2686	2183
2687	2060
2688	2163
2689	2020
2690	2307
2691	2117
2692	2206
2693	2241
2694	2090
2695	2086
2696	2104
2697	1985
2698	2110
2699	2052
2700	2191
2701	2070
2702	2254
2703	2118
2704	2032
2705	2121
2706	2050
2707	2146
2708	2121
2709	2263
2710	2233
2711	2205
2712	2088
2713	1921
2714	2090
2715	2078
2716	1999
2717	2129
2718	2002
2719	2113
2720	2019
2721	2059
2722	2056
2723	1987
2724	2061
2725	1961
2726	2010
2727	1945
2728	1971
2729	2110
2730	2003
2731	2071
2732	1865
2733	1893
2734	1990
2735	1793
2736	2019
2737	2058
2738	2080
2739	2054
2740	2061
2741	2088
2742	1983
2743	1983
2744	1932
2745	2021
2746	1983
2747	1956
2748	1981
2749	2025
2750	1991
2751	1959
2752	1832
2753	1838
2754	1900
2755	2002
2756	1981
2757	1918
2758	2041
2759	2037
2760	1985
2761	2055
2762	2074
2763	2014
2764	1841
2765	2087
2766	1942
2767	2082
2768	1991
2769	2156
2770	2066
2771	2105
2772	1967
2773	2008
2774	2092
2775	1926
2776	1892
2777	1981
2778	1897
2779	1921
2780	1965
2781	1978
2782	1951
2783	1925
2784	1995
2785	1982
2786	1972
2787	1943
2788	1907
2789	1892
2790	1786
2791	2007
2792	1974
2793	1899
2794	1969
2795	1844
2796	1999
2797	1844
2798	1905
2799	1990
2800	1961
2801	1948
2802	1988
2803	1865
2804	1946
2805	1815
2806	1933
2807	1933
2808	1846
2809	1973
2810	1859
2811	1938
2812	1950
2813	1903
2814	1810
2815	1992
2816	1935
2817	1875
2818	1854
2819	1877
2820	1811
2821	1905
2822	1978
2823	1898
2824	1870
2825	2083
2826	1967
2827	2018
2828	1872
2829	1892
2830	1916
2831	1886
2832	1877
2833	1863
2834	1877
2835	1905
2836	1884
2837	1804
2838	1815
2839	1843
2840	1968
2841	1822
2842	1809
2843	1703
2844	1902
2845	1868
2846	1931
2847	1793
2848	1925
2849	1803
2850	1852
2851	1773
2852	1743
2853	1823
2854	1910
2855	1850
2856	2020
2857	1971
2858	1826
2859	1834
2860	1962
2861	1911
2862	1873
2863	2136
2864	1864
2865	1884
2866	1807
2867	1820
2868	1765
2869	1826
2870	1835
2871	1772
2872	1809
2873	1918
2874	1938
2875	1806
2876	1811
2877	1858
2878	1769
2879	1713
2880	1782
2881	1832
2882	1813
2883	1818
2884	1782
2885	1777
2886	1779
2887	1827
2888	1871
2889	1978
2890	1866
2891	1744
2892	1893
2893	1904
2894	2072
2895	1844
2896	1775
2897	1804
2898	1846
2899	1814
2900	1897
2901	1911
2902	1805
2903	1854
2904	1705
2905	1764
2906	1686
2907	1796
2908	1832
2909	1964
2910	1809
2911	1768
2912	1850
2913	1766
2914	1901
2915	1858
2916	1826
2917	1850
2918	1895
2919	1679
2920	1893
2921	1802
2922	1756
2923	1836
2924	1812
2925	1787
2926	1736
2927	1834
2928	1815
2929	1813
2930	1639
2931	1823
2932	1830
2933	1823
2934	1840
2935	1825
2936	1917
2937	1848
2938	1828
2939	1730
2940	1673
2941	1783
2942	1900
2943	1921
2944	1837
2945	1860
2946	1854
2947	1772
2948	1999
2949	1881
2950	1725
2951	1720
2952	1797
2953	1974
2954	1868
2955	2002
2956	1869
2957	1767
2958	1802
2959	1884
2960	1817
2961	1893
2962	1822
2963	1829
2964	1841
2965	1814
2966	1839
2967	1689
2968	1821
2969	1861
2970	1941
2971	1894
2972	1878
2973	1806
2974	1876
2975	1858
2976	1823
2977	1983
2978	1918
2979	1803
2980	1807
2981	1980
2982	1804
2983	1780
2984	1821
2985	1875
2986	1791
2987	1892
2988	1933
2989	1797
2990	1831
2991	1833
2992	1782
2993	1773
2994	1944
2995	1897
2996	1876
2997	1788
2998	1945
2999	1872
3000	1775
3001	1999
3002	1863
3003	2034
3004	1904
3005	2018
3006	1897
3007	1869
3008	1861
3009	1889
3010	1918
3011	1911
3012	1877
3013	1871
3014	1950
3015	1864
3016	1827
3017	1806
3018	1840
3019	1929
3020	1782
3021	1856
3022	1825
3023	1908
3024	2003
3025	1898
3026	1861
3027	1766
3028	1811
3029	1797
3030	1828
3031	1907
3032	1846
3033	1851
3034	1793
3035	1875
3036	1799
3037	1834
3038	1836
3039	1757
3040	1827
3041	1751
3042	1803
3043	1847
3044	1825
3045	1797
3046	1987
3047	1825
3048	1834
3049	1880
3050	1849
3051	1986
3052	1900
3053	1941
3054	1932
3055	1976
3056	1969
3057	1935
3058	1883
3059	1939
3060	1945
3061	1975
3062	1906
3063	1860
3064	1942
3065	1947
3066	1980
3067	2003
3068	1974
3069	1946
3070	1972
3071	1886
3072	1926
3073	1894
3074	1896
3075	1789
3076	2087
3077	2083
3078	1951
3079	2056
3080	2100
3081	1921
3082	1896
3083	1830
3084	1978
3085	1990
3086	1996
3087	1950
3088	1889
3089	1882
3090	1921
3091	1878
3092	1873
3093	1890
3094	1982
3095	1874
3096	1886
3097	1965
3098	1838
3099	1915
3100	1901
3101	1972
3102	1979
3103	2037
3104	2051
3105	1924
3106	1993
3107	1949
3108	2010
3109	1931
3110	1868
3111	1728
3112	1910
3113	1894
3114	2009
3115	1899
3116	1921
3117	1743
3118	1793
3119	1913
3120	1954
3121	1776
3122	1845
3123	1838
3124	1817
3125	1868
3126	1836
3127	1738
3128	1938
3129	1766
3130	1695
3131	1762
3132	1864
3133	1901
3134	1859
3135	1697
3136	1810
3137	1746
3138	1732
3139	1801
3140	1806
3141	1944
3142	1835
3143	1778
3144	1908
3145	1892
3146	1639
3147	1737
3148	1781
3149	1684
3150	1606
3151	1796
3152	1701
3153	1785
3154	1723
3155	1752
3156	1751
3157	1756
3158	1751
3159	1770
3160	1723
3161	1719
3162	1816
3163	1646
3164	1891
3165	1697
3166	1712
3167	1734
3168	1684
3169	1710
3170	1765
3171	1760
3172	1694
3173	1700
3174	1705
3175	1686
3176	1638
3177	1668
3178	1575
3179	1795
3180	1733
3181	1747
3182	1726
3183	1596
3184	1676
3185	1639
3186	1573
3187	1701
3188	1769
3189	1801
3190	1756
3191	1823
3192	1771
3193	1817
3194	1700
3195	1737
3196	1736
3197	1636
3198	1604
3199	1741
3200	1722
3201	1624
3202	1699
3203	1735
3204	1709
3205	1645
3206	1794
3207	1749
3208	1697
3209	1617
3210	1732
3211	1696
3212	1712
3213	1734
3214	1653
3215	1712
3216	1637
3217	1668
3218	1806
3219	1762
3220	1705
3221	1783
3222	1678
3223	1679
3224	1725
3225	1663
3226	1704
3227	1578
3228	1657
3229	1567
3230	1671
3231	1636
3232	1737
3233	1676
3234	1679
3235	1799
3236	1757
3237	1769
3238	1786
3239	1770
3240	1676
3241	1687
3242	1750
3243	1728
3244	1841
3245	1661
3246	1738
3247	1672
3248	1613
3249	1671
3250	1655
3251	1688
3252	1722
3253	1745
3254	1815
3255	1715
3256	1664
3257	1703
3258	1798
3259	1777
3260	1841
3261	1663
3262	1757
3263	1598
3264	1718
3265	1815
3266	1742
3267	1723
3268	1723
3269	1759
3270	1720
3271	1732
3272	1675
3273	1685
3274	1750
3275	1763
3276	1687
3277	1661
3278	1724
3279	1736
3280	1803
3281	1711
3282	1659
3283	1784
3284	1651
3285	1772
3286	1798
3287	1736
3288	1805
3289	1819
3290	1739
3291	1634
3292	1756
3293	1868
3294	1796
3295	1803
3296	1636
3297	1782
3298	1797
3299	1830
3300	1782
3301	1801
3302	1804
3303	1787
3304	1805
3305	1857
3306	1688
3307	1724
3308	1704
3309	1794
3310	1794
3311	1784
3312	1726
3313	1722
3314	1733
3315	1828
3316	1781
3317	2009
3318	1883
3319	1907
3320	1910
3321	1927
3322	1889
3323	1953
3324	1878
3325	1828
3326	1777
3327	1644
3328	1682
3329	1626
3330	1738
3331	1724
3332	1870
3333	1673
3334	1760
3335	1810
3336	1832
3337	1796
3338	1718
3339	1664
3340	1801
3341	1714
3342	1699
3343	1887
3344	1773
3345	1869
3346	1657
3347	1827
3348	1850
3349	1882
3350	1885
3351	1836
3352	1683
3353	1623
3354	1693
3355	1672
3356	1651
3357	1534
3358	1763
3359	1562
3360	1677
3361	1624
3362	1720
3363	1768
3364	1560
3365	1652
3366	1604
3367	1601
3368	1615
3369	1746
3370	1592
3371	1633
3372	1521
3373	1663
3374	1582
3375	1569
3376	1429
3377	1566
3378	1536
3379	1552
3380	1617
3381	1551
3382	1580
3383	1583
3384	1607
3385	1495
3386	1555
3387	1639
3388	1619
3389	1491
3390	1502
3391	1476
3392	1439
3393	1552
3394	1539
3395	1624
3396	1527
3397	1625
3398	1553
3399	1533
3400	1644
3401	1602
3402	1573
3403	1548
3404	1582
3405	1545
3406	1528
3407	1648
3408	1634
3409	1544
3410	1521
3411	1552
3412	1660
3413	1502
3414	1548
3415	1614
3416	1539
3417	1645
3418	1604
3419	1621
3420	1451
3421	1619
3422	1604
3423	1535
3424	1494
3425	1583
3426	1620
3427	1678
3428	1551
3429	1563
3430	1438
3431	1535
3432	1647
3433	1569
3434	1531
3435	1641
3436	1586
3437	1512
3438	1646
3439	1539
3440	1622
3441	1605
3442	1608
3443	1613
3444	1676
3445	1465
3446	1565
3447	1523
3448	1564
3449	1462
3450	1542
3451	1554
3452	1504
3453	1604
3454	1590
3455	1635
3456	1590
3457	1476
3458	1569
3459	1392
3460	1581
3461	1538
3462	1492
3463	1611
3464	1692
3465	1599
3466	1538
3467	1539
3468	1442
3469	1616
3470	1531
3471	1560
3472	1526
3473	1450
3474	1418
3475	1564
3476	1440
3477	1437
3478	1458
3479	1573
3480	1471
3481	1473
3482	1501
3483	1500
3484	1539
3485	1528
3486	1513
3487	1467
3488	1497
3489	1478
3490	1461
3491	1575
3492	1589
3493	1503
3494	1441
3495	1460
3496	1430
3497	1490
3498	1537
3499	1546
3500	1461
3501	1523
3502	1474
3503	1591
3504	1568
3505	1520
3506	1446
3507	1431
3508	1492
3509	1467
3510	1521
3511	1476
3512	1467
3513	1524
3514	1526
3515	1461
3516	1360
3517	1609
3518	1441
3519	1525
3520	1500
3521	1465
3522	1426
3523	1493
3524	1490
3525	1522
3526	1524
3527	1480
3528	1572
3529	1459
3530	1503
3531	1392
3532	1454
3533	1415
3534	1482
3535	1515
3536	1488
3537	1379
3538	1464
3539	1499
3540	1480
3541	1430
3542	1422
3543	1328
3544	1357
3545	1346
3546	1451
3547	1438
3548	1453
3549	1586
3550	1432
3551	1426
3552	1492
3553	1457
3554	1544
3555	1418
3556	1365
3557	1413
3558	1439
3559	1436
3560	1489
3561	1449
3562	1415
3563	1461
3564	1352
3565	1458
3566	1417
3567	1399
3568	1475
3569	1492
3570	1441
3571	1502
3572	1428
3573	1444
3574	1384
3575	1467
3576	1618
3577	1418
3578	1448
3579	1444
3580	1446
3581	1459
3582	1387
3583	1483
3584	1546
3585	1437
3586	1399
3587	1411
3588	1392
3589	1392
3590	1532
3591	1424
3592	1450
3593	1510
3594	1624
3595	1472
3596	1382
3597	1389
3598	1388
3599	1447
3600	1380
3601	1409
3602	1513
3603	1474
3604	1456
3605	1478
3606	1445
3607	1463
3608	1366
3609	1455
3610	1489
3611	1409
3612	1487
3613	1416
3614	1447
3615	1502
3616	1467
3617	1595
3618	1367
3619	1532
3620	1416
3621	1474
3622	1521
3623	1595
3624	1481
3625	1258
3626	1410
3627	1356
3628	1523
3629	1536
3630	1491
3631	1444
3632	1479
3633	1361
3634	1407
3635	1384
3636	1538
3637	1444
3638	1493
3639	1494
3640	1434
3641	1518
3642	1409
3643	1419
3644	1490
3645	1485
3646	1477
3647	1486
3648	1460
3649	1492
3650	1469
3651	1367
3652	1423
3653	1540
3654	1407
3655	1498
3656	1483
3657	1415
3658	1536
3659	1345
3660	1427
3661	1337
3662	1438
3663	1414
3664	1357
3665	1459
3666	1429
3667	1462
3668	1495
3669	1365
3670	1392
3671	1440
3672	1471
3673	1431
3674	1447
3675	1503
3676	1439
3677	1422
3678	1468
3679	1479
3680	1517
3681	1488
3682	1578
3683	1542
3684	1463
3685	1384
3686	1504
3687	1433
3688	1555
3689	1456
3690	1438
3691	1702
3692	1482
3693	1570
3694	1532
3695	1516
3696	1633
3697	1637
3698	1424
3699	1690
3700	1652
3701	1570
3702	1572
3703	1607
3704	1681
3705	1638
3706	1608
3707	1594
3708	1585
3709	1451
3710	1619
3711	1669
3712	1740
3713	1678
3714	1574
3715	1556
3716	1654
3717	1595
3718	1610
3719	1592
3720	1617
3721	1563
3722	1533
3723	1574
3724	1455
3725	1602
3726	1610
3727	1690
3728	1674
3729	1667
3730	1490
3731	1555
3732	1517
3733	1557
3734	1534
3735	1588
3736	1571
3737	1704
3738	1538
3739	1629
3740	1586
3741	1639
3742	1587
3743	1528
3744	1648
3745	1609
3746	1714
3747	1665
3748	1573
3749	1541
3750	1515
3751	1604
3752	1524
3753	1672
3754	1530
3755	1564
3756	1498
3757	1560
3758	1747
3759	1620
3760	1631
3761	1565
3762	1495
3763	1571
3764	1491
3765	1563
3766	1584
3767	1605
3768	1594
3769	1478
3770	1512
3771	1618
3772	1525
3773	1585
3774	1520
3775	1488
3776	1548
3777	1535
3778	1446
3779	1520
3780	1512
3781	1556
3782	1678
3783	1595
3784	1542
3785	1456
3786	1449
3787	1503
3788	1464
3789	1446
3790	1491
3791	1472
3792	1531
3793	1378
3794	1450
3795	1439
3796	1453
3797	1408
3798	1410
3799	1424
3800	1409
3801	1410
3802	1384
3803	1299
3804	1418
3805	1397
3806	1343
3807	1426
3808	1511
3809	1408
3810	1393
3811	1351
3812	1327
3813	1319
3814	1315
3815	1433
3816	1385
3817	1312
3818	1384
3819	1409
3820	1393
3821	1348
3822	1337
3823	1299
3824	1330
3825	1254
3826	1461
3827	1257
3828	1380
3829	1246
3830	1291
3831	1231
3832	1264
3833	1333
3834	1211
3835	1284
3836	1312
3837	1257
3838	1267
3839	1294
3840	1290
3841	1334
3842	1353
3843	1210
3844	1298
3845	1341
3846	1376
3847	1265
3848	1270
3849	1286
3850	1270
3851	1355
3852	1400
3853	1358
3854	1316
3855	1329
3856	1334
3857	1334
3858	1255
3859	1308
3860	1206
3861	1290
3862	1269
3863	1362
3864	1300
3865	1255
3866	1331
3867	1436
3868	1219
3869	1198
3870	1298
3871	1250
3872	1211
3873	1343
3874	1292
3875	1353
3876	1254
3877	1223
3878	1285
3879	1314
3880	1392
3881	1285
3882	1335
3883	1343
3884	1278
3885	1225
3886	1318
3887	1292
3888	1395
3889	1378
3890	1358
3891	1349
3892	1308
3893	1361
3894	1297
3895	1369
3896	1413
3897	1380
3898	1303
3899	1379
3900	1355
3901	1488
3902	1371
3903	1399
3904	1290
3905	1420
3906	1405
3907	1294
3908	1339
3909	1563
3910	1331
3911	1442
3912	1393
3913	1413
3914	1377
3915	1535
3916	1348
3917	1443
3918	1433
3919	1469
3920	1519
3921	1388
3922	1419
3923	1415
3924	1468
3925	1387
3926	1447
3927	1571
3928	1569
3929	1580
3930	1460
3931	1501
3932	1522
3933	1575
3934	1444
3935	1563
3936	1466
3937	1394
3938	1583
3939	1407
3940	1501
3941	1422
3942	1415
3943	1542
3944	1396
3945	1491
3946	1379
3947	1544
3948	1418
3949	1470
3950	1466
3951	1462
3952	1467
3953	1418
3954	1469
3955	1495
3956	1547
3957	1505
3958	1515
3959	1512
3960	1450
3961	1469
3962	1633
3963	1490
3964	1583
3965	1513
3966	1466
3967	1476
3968	1521
3969	1519
3970	1468
3971	1456
3972	1487
3973	1442
3974	1546
3975	1475
3976	1580
3977	1403
3978	1579
3979	1456
3980	1429
3981	1473
3982	1486
3983	1547
3984	1459
3985	1456
3986	1384
3987	1497
3988	1438
3989	1372
3990	1410
3991	1229
3992	1268
3993	1377
3994	1357
3995	1250
3996	1251
3997	1377
3998	1287
3999	1331
4000	1346
4001	1273
4002	1452
4003	1357
4004	1312
4005	1330
4006	1340
4007	1274
4008	1275
4009	1498
4010	1382
4011	1369
4012	1387
4013	1312
4014	1488
4015	1416
4016	1346
4017	1393
4018	1365
4019	1490
4020	1455
4021	1388
4022	1278
4023	1372
4024	1406
4025	1440
4026	1463
4027	1475
4028	1376
4029	1413
4030	1386
4031	1434
4032	1575
4033	1447
4034	1432
4035	1521
4036	1345
4037	1261
4038	1284
4039	1223
4040	1397
4041	1327
4042	1417
4043	1302
4044	1270
4045	1211
4046	1231
4047	1227
4048	1284
4049	1349
4050	1291
4051	1386
4052	1359
4053	1297
4054	1289
4055	1278
4056	1271
4057	1390
4058	1331
4059	1313
4060	1306
4061	1312
4062	1305
4063	1315
4064	1383
4065	1328
4066	1500
4067	1432
4068	1338
4069	1275
4070	1226
4071	1375
4072	1377
4073	1292
4074	1260
4075	1219
4076	1341
4077	1256
4078	1268
4079	1393
4080	1376
4081	1300
4082	1262
4083	1380
4084	1234
4085	1229
4086	1337
4087	1308
4088	1374
4089	1295
4090	1354
4091	1267
4092	1266
4093	1256
4094	1274
4095	1271
4096	1327
4097	1247
4098	1398
4099	1364
4100	1306
4101	1354
4102	1218
4103	1210
4104	1269
4105	1177
4106	1225
4107	1265
4108	1256
4109	1175
4110	1305
4111	1201
4112	1285
4113	1198
4114	1217
4115	1261
4116	1318
4117	1305
4118	1397
4119	1257
4120	1242
4121	1282
4122	1233
4123	1158
4124	1181
4125	1327
4126	1368
4127	1182
4128	1315
4129	1304
4130	1167
4131	1219
4132	1226
4133	1121
4134	1146
4135	1241
4136	1210
4137	1172
4138	1209
4139	1208
4140	1206
4141	1153
4142	1141
4143	1173
4144	1170
4145	1119
4146	1166
4147	1201
4148	1202
4149	1158
4150	1199
4151	1134
4152	1133
4153	1159
4154	1126
4155	1142
4156	1220
4157	1084
4158	1184
4159	1111
4160	1200
4161	1183
4162	1193
4163	1164
4164	1232
4165	1253
4166	1239
4167	1054
4168	1200
4169	1115
4170	1247
4171	1149
4172	1262
4173	1121
4174	1123
4175	1150
4176	1141
4177	1107
4178	1049
4179	1086
4180	1195
4181	1150
4182	1211
4183	1149
4184	1171
4185	1093
4186	1180
4187	1085
4188	1099
4189	1180
4190	1163
4191	1170
4192	1154
4193	1152
4194	1111
4195	1091
4196	1099
4197	1148
4198	1158
4199	1076
4200	1220
4201	1128
4202	1152
4203	1078
4204	1137
4205	1134
4206	1120
4207	1262
4208	1121
4209	1226
4210	1155
4211	1152
4212	1141
4213	1041
4214	1070
4215	1258
4216	1151
4217	1069
4218	1161
4219	1195
4220	1162
4221	1149
4222	1079
4223	1257
4224	1150
4225	1157
4226	1152
4227	1164
4228	1099
4229	1230
4230	1171
4231	1107
4232	1063
4233	1166
4234	1122
4235	1046
4236	1190
4237	1160
4238	1158
4239	1070
4240	1208
4241	1091
4242	1161
4243	1155
4244	1065
4245	1118
4246	1102
4247	1210
4248	1029
4249	1085
4250	1104
4251	1166
4252	1092
4253	1156
4254	1150
4255	1174
4256	1169
4257	1182
4258	1093
4259	1193
4260	1144
4261	1141
4262	1180
4263	1165
4264	1218
4265	1170
4266	1238
4267	1140
4268	1131
4269	1180
4270	1098
4271	1138
4272	1221
4273	1213
4274	1172
4275	1143
4276	1169
4277	1154
4278	1255
4279	1149
4280	1237
4281	1125
4282	1105
4283	1262
4284	1191
4285	1073
4286	1072
4287	1299
4288	1066
4289	1184
4290	1284
4291	1155
4292	1129
4293	1178
4294	1239
4295	1227
4296	1091
4297	1157
4298	1180
4299	1122
4300	1205
4301	1165
4302	1206
4303	1259
4304	1260
4305	1190
4306	1136
4307	1199
4308	1167
4309	1161
4310	1144
4311	1281
4312	1237
4313	1154
4314	1225
4315	1238
4316	1154
4317	1090
4318	1169
4319	1117
4320	1126
4321	1076
4322	1202
4323	1282
4324	1183
4325	1219
4326	1140
4327	1212
4328	1077
4329	1051
4330	1094
4331	1151
4332	1252
4333	1136
4334	1183
4335	1075
4336	1072
4337	1177
4338	1039
4339	1153
4340	1190
4341	1134
4342	1060
4343	1083
4344	1143
4345	1094
4346	1078
4347	1103
4348	1093
4349	1070
4350	1092
4351	1184
4352	1087
4353	1115
4354	1027
4355	999
4356	1146
4357	1014
4358	1032
4359	1027
4360	1084
4361	1101
4362	1041
4363	1015
4364	1054
4365	1104
4366	1021
4367	1082
4368	1111
4369	1119
4370	1116
4371	1082
4372	1087
4373	1005
4374	990
4375	1123
4376	1084
4377	1037
4378	1137
4379	1047
4380	1044
4381	997
4382	1050
4383	1019
4384	1110
4385	963
4386	1078
4387	999
4388	1118
4389	1044
4390	1013
4391	1193
4392	1102
4393	1006
4394	996
4395	1014
4396	1026
4397	1052
4398	1076
4399	1054
4400	1017
4401	999
4402	1019
4403	988
4404	1098
4405	1068
4406	1075
4407	1052
4408	1125
4409	1051
4410	994
4411	1056
4412	1102
4413	1021
4414	990
4415	1064
4416	1074
4417	1116
4418	1040
4419	1078
4420	990
4421	1074
4422	987
4423	1018
4424	1072
4425	1060
4426	1002
4427	992
4428	988
4429	973
4430	1018
4431	1093
4432	1027
4433	1038
4434	1067
4435	1023
4436	1069
4437	1030
4438	982
4439	1087
4440	1087
4441	1017
4442	1019
4443	1043
4444	1026
4445	899
4446	993
4447	1091
4448	974
4449	991
4450	960
4451	1103
4452	982
4453	1006
4454	1008
4455	982
4456	989
4457	967
4458	966
4459	1000
4460	933
4461	981
4462	979
4463	942
4464	976
4465	954
4466	994
4467	1048
4468	976
4469	1055
4470	947
4471	953
4472	1046
4473	935
4474	1098
4475	1074
4476	1008
4477	992
4478	963
4479	1007
4480	999
4481	960
4482	994
4483	936
4484	1019
4485	980
4486	987
4487	1104
4488	1003
4489	997
4490	1101
4491	1045
4492	1077
4493	1129
4494	1083
4495	949
4496	1062
4497	1048
4498	960
4499	1003
4500	1053
4501	970
4502	1042
4503	924
4504	995
4505	1022
4506	1101
4507	984
4508	1061
4509	1043
4510	1036
4511	978
4512	948
4513	974
4514	985
4515	948
4516	1013
4517	1025
4518	1002
4519	933
4520	1015
4521	917
4522	1029
4523	1033
4524	954
4525	991
4526	991
4527	962
4528	1079
4529	987
4530	897
4531	1015
4532	931
4533	908
4534	975
4535	1016
4536	1012
4537	936
4538	938
4539	907
4540	941
4541	923
4542	875
4543	972
4544	910
4545	920
4546	985
4547	1011
4548	999
4549	922
4550	941
4551	936
4552	1003
4553	909
4554	963
4555	835
4556	911
4557	930
4558	878
4559	932
4560	996
4561	879
4562	937
4563	927
4564	948
4565	1012
4566	915
4567	860
4568	951
4569	870
4570	844
4571	910
4572	955
4573	881
4574	839
4575	881
4576	847
4577	914
4578	966
4579	919
4580	865
4581	798
4582	873
4583	886
4584	926
4585	931
4586	920
4587	957
4588	935
4589	836
4590	871
4591	875
4592	930
4593	860
4594	910
4595	940
4596	879
4597	874
4598	919
4599	938
4600	859
4601	885
4602	904
4603	859
4604	924
4605	982
4606	952
4607	938
4608	949
4609	991
4610	930
4611	948
4612	1039
4613	997
4614	953
4615	991
4616	1055
4617	1009
4618	908
4619	1018
4620	1043
4621	1025
4622	996
4623	917
4624	999
4625	988
4626	978
4627	945
4628	1119
4629	985
4630	1050
4631	1028
4632	1006
4633	1047
4634	1066
4635	1033
4636	1018
4637	1043
4638	1052
4639	987
4640	1011
4641	985
4642	1067
4643	989
4644	1001
4645	1098
4646	983
4647	1118
4648	992
4649	1111
4650	1094
4651	1053
4652	1052
4653	955
4654	1095
4655	1051
4656	958
4657	1013
4658	1075
4659	992
4660	988
4661	1088
4662	1072
4663	1045
4664	1015
4665	966
4666	1025
4667	1017
4668	1050
4669	1029
4670	985
4671	1018
4672	959
4673	1089
4674	1004
4675	1041
4676	1088
4677	987
4678	985
4679	971
4680	960
4681	1067
4682	992
4683	1059
4684	1070
4685	992
4686	1022
4687	933
4688	899
4689	911
4690	979
4691	1032
4692	959
4693	1025
4694	1001
4695	985
4696	947
4697	1002
4698	976
4699	921
4700	1041
4701	1040
4702	1011
4703	963
4704	1038
4705	996
4706	1028
4707	972
4708	1013
4709	950
4710	934
4711	1064
4712	1001
4713	997
4714	901
4715	989
4716	997
4717	950
4718	953
4719	1026
4720	969
4721	939
4722	995
4723	982
4724	925
4725	978
4726	1001
4727	921
4728	1012
4729	1038
4730	1020
4731	954
4732	1001
4733	979
4734	929
4735	929
4736	983
4737	998
4738	930
4739	899
4740	977
4741	996
4742	985
4743	947
4744	931
4745	961
4746	928
4747	903
4748	986
4749	953
4750	1036
4751	982
4752	1009
4753	930
4754	964
4755	997
4756	989
4757	1005
4758	948
4759	1010
4760	1084
4761	1093
4762	990
4763	953
4764	1008
4765	955
4766	993
4767	979
4768	1052
4769	1086
4770	928
4771	952
4772	1051
4773	900
4774	973
4775	970
4776	1064
4777	982
4778	1056
4779	980
4780	952
4781	952
4782	1041
4783	970
4784	919
4785	1052
4786	908
4787	950
4788	967
4789	983
4790	906
4791	899
4792	927
4793	1012
4794	1057
4795	999
4796	1002
4797	912
4798	909
4799	1059
4800	1030
4801	922
4802	948
4803	936
4804	1037
4805	958
4806	1048
4807	1047
4808	1026
4809	929
4810	921
4811	1005
4812	1004
4813	946
4814	1061
4815	1064
4816	1029
4817	984
4818	1043
4819	1061
4820	1035
4821	1108
4822	987
4823	1079
4824	1019
4825	1108
4826	1134
4827	988
4828	1047
4829	1000
4830	1005
4831	1063
4832	1070
4833	1060
4834	1012
4835	995
4836	924
4837	954
4838	1113
4839	1039
4840	1064
4841	1115
4842	1082
4843	1056
4844	1083
4845	1078
4846	1077
4847	1104
4848	1015
4849	1030
4850	1149
4851	1069
4852	1212
4853	1177
4854	1268
4855	1017
4856	956
4857	1035
4858	1033
4859	990
4860	931
4861	967
4862	1079
4863	995
4864	995
4865	927
4866	903
4867	1007
4868	991
4869	1178
4870	914
4871	977
4872	991
4873	942
4874	985
4875	965
4876	906
4877	1031
4878	1013
4879	916
4880	916
4881	991
4882	967
4883	1002
4884	912
4885	896
4886	1020
4887	958
4888	974
4889	989
4890	920
4891	943
4892	937
4893	951
4894	977
4895	922
4896	1067
4897	861
4898	980
4899	864
4900	804
4901	950
4902	880
4903	939
4904	948
4905	974
4906	954
4907	959
4908	970
4909	901
4910	883
4911	873
4912	873
4913	903
4914	844
4915	910
4916	895
4917	860
4918	927
4919	795
4920	924
4921	906
4922	996
4923	949
4924	900
4925	900
4926	780
4927	801
4928	845
4929	853
4930	887
4931	820
4932	979
4933	877
4934	884
4935	933
4936	893
4937	892
4938	854
4939	953
4940	894
4941	879
4942	890
4943	911
4944	872
4945	911
4946	937
4947	909
4948	898
4949	898
4950	878
4951	934
4952	895
4953	891
4954	958
4955	817
4956	880
4957	878
4958	890
4959	862
4960	860
4961	927
4962	971
4963	899
4964	906
4965	921
4966	888
4967	851
4968	921
4969	937
4970	926
4971	926
4972	852
4973	889
4974	833
4975	833
4976	919
4977	937
4978	887
4979	889
4980	825
4981	859
4982	835
4983	765
4984	818
4985	874
4986	862
4987	879
4988	849
4989	741
4990	792
4991	926
4992	783
4993	803
4994	809
4995	843
4996	892
4997	866
4998	842
4999	827
5000	884
5001	857
5002	859
5003	860
5004	788
5005	858
5006	764
5007	809
5008	784
5009	867
5010	847
5011	918
5012	874
5013	859
5014	861
5015	735
5016	695
5017	813
5018	797
5019	906
5020	839
5021	890
5022	827
5023	809
5024	721
5025	857
5026	772
5027	790
5028	769
5029	796
5030	810
5031	853
5032	878
5033	802
5034	837
5035	888
5036	832
5037	848
5038	797
5039	801
5040	809
5041	857
5042	804
5043	778
5044	780
5045	855
5046	776
5047	877
5048	786
5049	850
5050	820
5051	785
5052	762
5053	745
5054	786
5055	796
5056	755
5057	750
5058	754
5059	796
5060	748
5061	748
5062	794
5063	701
5064	748
5065	821
5066	795
5067	738
5068	765
5069	825
5070	865
5071	856
5072	784
5073	822
5074	890
5075	743
5076	841
5077	857
5078	759
5079	743
5080	750
5081	777
5082	780
5083	797
5084	747
5085	759
5086	771
5087	884
5088	788
5089	781
5090	862
5091	775
5092	777
5093	781
5094	849
5095	802
5096	882
5097	789
5098	866
5099	718
5100	749
5101	799
5102	839
5103	749
5104	779
5105	781
5106	761
5107	745
5108	772
5109	718
5110	785
5111	760
5112	752
5113	789
5114	723
5115	773
5116	833
5117	750
5118	762
5119	789
5120	769
5121	823
5122	766
5123	794
5124	753
5125	802
5126	774
5127	756
5128	767
5129	792
5130	778
5131	755
5132	673
5133	749
5134	851
5135	750
5136	752
5137	716
5138	790
5139	753
5140	778
5141	828
5142	736
5143	706
5144	790
5145	776
5146	743
5147	800
5148	765
5149	787
5150	730
5151	824
5152	803
5153	749
5154	736
5155	787
5156	778
5157	780
5158	790
5159	823
5160	785
5161	826
5162	772
5163	808
5164	823
5165	849
5166	805
5167	819
5168	829
5169	723
5170	774
5171	735
5172	819
5173	781
5174	811
5175	745
5176	808
5177	820
5178	831
5179	804
5180	833
5181	865
5182	848
5183	787
5184	773
5185	806
5186	793
5187	851
5188	809
5189	795
5190	785
5191	738
5192	722
5193	792
5194	838
5195	793
5196	828
5197	817
5198	821
5199	823
5200	858
5201	807
5202	774
5203	817
5204	792
5205	834
5206	769
5207	806
5208	769
5209	873
5210	759
5211	782
5212	818
5213	747
5214	698
5215	807
5216	784
5217	737
5218	760
5219	768
5220	800
5221	780
5222	815
5223	801
5224	873
5225	827
5226	792
5227	828
5228	764
5229	808
5230	848
5231	809
5232	834
5233	759
5234	733
5235	772
5236	875
5237	816
5238	792
5239	745
5240	830
5241	828
5242	811
5243	752
5244	820
5245	827
5246	700
5247	807
5248	740
5249	767
5250	703
5251	784
5252	776
5253	781
5254	741
5255	798
5256	747
5257	754
5258	841
5259	722
5260	726
5261	735
5262	698
5263	740
5264	790
5265	742
5266	760
5267	741
5268	795
5269	823
5270	768
5271	758
5272	772
5273	751
5274	837
5275	780
5276	749
5277	743
5278	752
5279	703
5280	754
5281	736
5282	744
5283	682
5284	734
5285	707
5286	724
5287	757
5288	743
5289	711
5290	746
5291	803
5292	867
5293	729
5294	777
5295	717
5296	737
5297	831
5298	773
5299	734
5300	740
5301	770
5302	830
5303	761
5304	753
5305	767
5306	715
5307	700
5308	715
5309	778
5310	717
5311	740
5312	771
5313	684
5314	712
5315	744
5316	729
5317	751
5318	731
5319	722
5320	726
5321	674
5322	690
5323	783
5324	687
5325	716
5326	748
5327	758
5328	685
5329	685
5330	718
5331	787
5332	710
5333	756
5334	739
5335	674
5336	720

