## htsjdk.samtools.metrics.StringHeader
# CollectInsertSizeMetrics HISTOGRAM_FILE=/work/ugbogu/pipeline/data/nbl/GSE189367/results/picard/SRR17011024_insert_size_histogram.pdf MINIMUM_PCT=0.5 INPUT=/work/ugbogu/pipeline/data/nbl/GSE189367/results/star/SRR17011024.Aligned.sortedByCoord.out.bam OUTPUT=/work/ugbogu/pipeline/data/nbl/GSE189367/results/picard/SRR17011024_insert_size_metrics.txt    DEVIATIONS=10.0 METRIC_ACCUMULATION_LEVEL=[ALL_READS] INCLUDE_DUPLICATES=false ASSUME_SORTED=true STOP_AFTER=0 VERBOSITY=INFO QUIET=false VALIDATION_STRINGENCY=STRICT COMPRESSION_LEVEL=5 MAX_RECORDS_IN_RAM=500000 CREATE_INDEX=false CREATE_MD5_FILE=false USE_JDK_DEFLATER=false USE_JDK_INFLATER=false
## htsjdk.samtools.metrics.StringHeader
# Started on: Wed Apr 15 16:10:02 UTC 2026

## METRICS CLASS	picard.analysis.InsertSizeMetrics
MEDIAN_INSERT_SIZE	MODE_INSERT_SIZE	MEDIAN_ABSOLUTE_DEVIATION	MIN_INSERT_SIZE	MAX_INSERT_SIZE	MEAN_INSERT_SIZE	STANDARD_DEVIATION	READ_PAIRS	PAIR_ORIENTATION	WIDTH_OF_10_PERCENT	WIDTH_OF_20_PERCENT	WIDTH_OF_30_PERCENT	WIDTH_OF_40_PERCENT	WIDTH_OF_50_PERCENT	WIDTH_OF_60_PERCENT	WIDTH_OF_70_PERCENT	WIDTH_OF_80_PERCENT	WIDTH_OF_90_PERCENT	WIDTH_OF_95_PERCENT	WIDTH_OF_99_PERCENT	SAMPLE	LIBRARY	READ_GROUP
738	153	599	25	3119908	1220.809331	1531.00349	57129045	FR	527	879	1037	1131	1199	1343	3427	7603	21441	76197	154135			

## HISTOGRAM	java.lang.Integer
insert_size	All_Reads.fr_count
25	4
26	6
27	7
28	8
29	9
30	8
31	22
32	15
33	37
34	49
35	418
36	376
37	497
38	444
39	481
40	558
41	519
42	545
43	672
44	611
45	568
46	733
47	780
48	832
49	797
50	841
51	811
52	913
53	980
54	978
55	1106
56	1163
57	1217
58	1415
59	1519
60	1569
61	1652
62	1930
63	2094
64	2204
65	2400
66	2595
67	2853
68	3091
69	3081
70	3575
71	4047
72	3986
73	4806
74	5267
75	7093
76	6225
77	6831
78	7255
79	8122
80	8551
81	9307
82	10133
83	11488
84	12343
85	14161
86	15383
87	16556
88	18365
89	20771
90	22534
91	23736
92	26621
93	29078
94	31954
95	34009
96	38168
97	39474
98	42927
99	47140
100	48780
101	51668
102	56238
103	61943
104	69133
105	71917
106	72421
107	75515
108	77643
109	81968
110	86183
111	88568
112	94103
113	97429
114	100032
115	106807
116	113393
117	118186
118	125965
119	121069
120	127828
121	133010
122	134204
123	134945
124	135692
125	135412
126	136893
127	145135
128	146358
129	154470
130	154494
131	157638
132	158473
133	163169
134	159435
135	157175
136	159210
137	161739
138	161287
139	166660
140	167289
141	168259
142	166076
143	165620
144	167667
145	169052
146	164812
147	168329
148	169937
149	169606
150	165367
151	167611
152	170349
153	175804
154	167919
155	162474
156	160981
157	161826
158	160488
159	158229
160	156842
161	154126
162	154129
163	155516
164	152476
165	149969
166	150161
167	152454
168	151289
169	151234
170	148421
171	145205
172	146792
173	147933
174	145208
175	143550
176	139665
177	136251
178	137842
179	138164
180	135832
181	133097
182	131684
183	128058
184	126527
185	126971
186	123906
187	124049
188	122601
189	118154
190	119374
191	119758
192	116741
193	115807
194	113520
195	112873
196	112290
197	111037
198	108789
199	107859
200	108640
201	107247
202	107254
203	107473
204	104210
205	104394
206	102652
207	99739
208	99288
209	99634
210	97041
211	97416
212	97146
213	95075
214	94923
215	93444
216	92049
217	90974
218	91086
219	89711
220	89987
221	89679
222	87063
223	86855
224	86428
225	85485
226	87010
227	85310
228	83066
229	83158
230	81988
231	82196
232	81008
233	79994
234	79812
235	79183
236	78184
237	77172
238	75631
239	75724
240	74528
241	74649
242	74124
243	72700
244	71830
245	71081
246	70383
247	70225
248	68915
249	68237
250	68311
251	68308
252	66297
253	66315
254	66269
255	65323
256	64533
257	63806
258	63777
259	63960
260	62974
261	61180
262	61571
263	61547
264	59781
265	60283
266	58934
267	58312
268	58701
269	57257
270	57713
271	57079
272	55949
273	56526
274	56037
275	55514
276	54206
277	54074
278	53518
279	52157
280	52195
281	51924
282	52291
283	50875
284	50988
285	49845
286	50091
287	49964
288	48308
289	47894
290	47072
291	47268
292	47046
293	46301
294	46844
295	46731
296	45292
297	44790
298	44368
299	44219
300	43377
301	43923
302	43375
303	42732
304	42620
305	41933
306	41085
307	41333
308	40564
309	40346
310	39372
311	39090
312	39250
313	39171
314	39361
315	38075
316	38331
317	37465
318	37313
319	36275
320	36289
321	37201
322	36467
323	36536
324	35848
325	35480
326	34509
327	34493
328	34376
329	34391
330	33204
331	33996
332	32803
333	32240
334	32476
335	32634
336	32265
337	31894
338	31549
339	31063
340	30747
341	30831
342	30271
343	30364
344	30019
345	29769
346	30132
347	29809
348	28509
349	28629
350	28526
351	28159
352	28499
353	28009
354	27317
355	28000
356	27521
357	28282
358	26693
359	26411
360	27180
361	25704
362	26334
363	26220
364	25412
365	25502
366	26005
367	25984
368	25460
369	24904
370	24967
371	23911
372	24117
373	24307
374	24219
375	24370
376	23909
377	23611
378	23607
379	22938
380	23267
381	23184
382	22752
383	22492
384	22868
385	22604
386	22713
387	22324
388	21886
389	22021
390	21402
391	21890
392	21631
393	21541
394	21386
395	20466
396	20615
397	20653
398	20841
399	20442
400	20439
401	20328
402	20174
403	19898
404	19455
405	19429
406	19462
407	19428
408	19882
409	19054
410	19097
411	19060
412	18791
413	18851
414	18961
415	18608
416	18544
417	18670
418	18346
419	18226
420	17718
421	17508
422	17601
423	17506
424	17895
425	17294
426	17286
427	16982
428	17019
429	16667
430	17066
431	16598
432	16818
433	16910
434	16982
435	16433
436	16961
437	16759
438	16680
439	16958
440	17239
441	16486
442	16694
443	16426
444	16249
445	15889
446	16119
447	16538
448	16276
449	16000
450	15975
451	16289
452	16450
453	16473
454	17459
455	15886
456	14938
457	15191
458	15212
459	15081
460	15347
461	15100
462	15195
463	14587
464	14813
465	14756
466	14560
467	14610
468	14575
469	14384
470	14604
471	14241
472	14226
473	14367
474	14004
475	14419
476	13901
477	14537
478	14108
479	13949
480	13970
481	14075
482	14332
483	13819
484	13838
485	14395
486	14052
487	13853
488	13391
489	13830
490	13673
491	13749
492	13785
493	13472
494	13428
495	13221
496	13506
497	13496
498	13504
499	14041
500	13381
501	13438
502	13569
503	13150
504	13131
505	13215
506	13422
507	13356
508	13231
509	13517
510	13161
511	12943
512	13000
513	13003
514	13078
515	12859
516	12913
517	12901
518	13057
519	12791
520	12848
521	13134
522	12995
523	12750
524	12953
525	12894
526	13020
527	12977
528	12925
529	13177
530	13008
531	13203
532	12622
533	13465
534	13901
535	14274
536	13725
537	13449
538	12965
539	13534
540	13531
541	12916
542	12921
543	12991
544	12925
545	12688
546	12837
547	12670
548	12659
549	12356
550	12375
551	12366
552	12371
553	12355
554	12450
555	12815
556	12291
557	11962
558	12513
559	12375
560	12117
561	12145
562	12477
563	12321
564	12388
565	12796
566	12693
567	12125
568	11880
569	11936
570	12067
571	12103
572	12477
573	12381
574	12175
575	12240
576	11989
577	12612
578	12008
579	11805
580	11947
581	12395
582	12015
583	11960
584	12071
585	12424
586	11976
587	12317
588	11969
589	12086
590	12341
591	12193
592	11977
593	12346
594	12014
595	11978
596	12195
597	12341
598	11937
599	12546
600	12439
601	12092
602	12129
603	11947
604	11870
605	12019
606	11698
607	11817
608	11942
609	11520
610	11695
611	11701
612	11613
613	11891
614	12080
615	12001
616	11754
617	11637
618	11979
619	11276
620	11548
621	11434
622	11719
623	11941
624	12275
625	12019
626	11505
627	11856
628	11599
629	11551
630	11616
631	11830
632	12166
633	12562
634	12064
635	11833
636	11768
637	11766
638	11607
639	11761
640	11480
641	11530
642	11514
643	11330
644	11615
645	11694
646	11463
647	11791
648	11537
649	12624
650	11334
651	11350
652	11739
653	11507
654	11586
655	11290
656	11649
657	11434
658	11759
659	12007
660	11670
661	11550
662	11650
663	11392
664	11733
665	11490
666	11675
667	11858
668	11857
669	12037
670	11675
671	11281
672	11300
673	11437
674	11444
675	11201
676	11400
677	11514
678	11534
679	11908
680	11371
681	11317
682	11239
683	11319
684	11696
685	11256
686	11036
687	11172
688	11139
689	11497
690	11446
691	11451
692	11460
693	11487
694	10957
695	11032
696	11359
697	10709
698	11005
699	11367
700	11125
701	11504
702	11501
703	11222
704	11137
705	11291
706	11151
707	11253
708	11474
709	11368
710	11012
711	11533
712	11241
713	10983
714	11218
715	11128
716	10761
717	11166
718	11004
719	10820
720	10905
721	10902
722	11227
723	11255
724	11022
725	10912
726	11112
727	11293
728	10971
729	11406
730	10977
731	11087
732	10662
733	10862
734	11222
735	11252
736	10903
737	10797
738	10790
739	10687
740	10629
741	10934
742	11068
743	10598
744	10487
745	10828
746	10761
747	10561
748	10574
749	10975
750	11099
751	10812
752	10758
753	10847
754	10657
755	10840
756	10736
757	11387
758	10811
759	11041
760	10715
761	11150
762	10889
763	10742
764	10889
765	10814
766	11002
767	10565
768	10842
769	10298
770	10792
771	10449
772	10453
773	10919
774	10536
775	10438
776	10198
777	10257
778	10143
779	10501
780	10481
781	10188
782	10104
783	9932
784	10318
785	10352
786	10487
787	10403
788	10268
789	9799
790	10225
791	10338
792	9906
793	9970
794	10280
795	10188
796	9954
797	9729
798	10023
799	9547
800	9667
801	10073
802	10222
803	10171
804	10207
805	9994
806	10513
807	10230
808	9926
809	9625
810	9720
811	9882
812	9566
813	9531
814	9897
815	9418
816	9807
817	9584
818	9352
819	9599
820	9266
821	9654
822	9355
823	9811
824	9486
825	9678
826	9478
827	9461
828	9620
829	9305
830	9446
831	9286
832	9399
833	9578
834	9587
835	9775
836	10034
837	9909
838	9651
839	9469
840	9413
841	9427
842	9367
843	9525
844	9381
845	9461
846	9207
847	9357
848	9481
849	8982
850	9457
851	9130
852	9402
853	9284
854	9189
855	9299
856	8781
857	9267
858	9048
859	9254
860	9132
861	9545
862	9206
863	9161
864	9408
865	9040
866	9433
867	9405
868	9224
869	9182
870	9441
871	9458
872	9289
873	9441
874	9264
875	9030
876	9551
877	9306
878	9051
879	9044
880	9410
881	9208
882	9483
883	8934
884	8982
885	9198
886	9420
887	9205
888	8889
889	9194
890	9430
891	9449
892	9302
893	9110
894	9278
895	9184
896	9059
897	9446
898	9245
899	9279
900	9177
901	8963
902	9265
903	8995
904	8932
905	8906
906	8963
907	9129
908	9473
909	9261
910	9153
911	9266
912	8849
913	9676
914	9415
915	9266
916	9389
917	9425
918	9329
919	9404
920	9238
921	9598
922	9321
923	9254
924	9468
925	9300
926	9386
927	9133
928	9369
929	9445
930	9208
931	9349
932	9576
933	9269
934	9316
935	9271
936	9163
937	9112
938	9320
939	9386
940	9348
941	9340
942	9512
943	8989
944	9354
945	9115
946	9041
947	8997
948	9299
949	8841
950	8852
951	9052
952	9063
953	8938
954	9221
955	8951
956	9040
957	9009
958	8514
959	8760
960	8999
961	8929
962	9143
963	8827
964	8731
965	8784
966	9212
967	8786
968	8794
969	8790
970	8750
971	8666
972	8894
973	9167
974	8776
975	8591
976	8751
977	8845
978	8676
979	8609
980	8754
981	8545
982	8652
983	8822
984	8752
985	8720
986	8406
987	8735
988	8953
989	8433
990	8858
991	8478
992	8930
993	8365
994	8629
995	8462
996	8753
997	8696
998	8599
999	8583
1000	8547
1001	8762
1002	8632
1003	8665
1004	8435
1005	8592
1006	8707
1007	8532
1008	8328
1009	8379
1010	8429
1011	8482
1012	8571
1013	8717
1014	9175
1015	8440
1016	8381
1017	8606
1018	8685
1019	8719
1020	8651
1021	8461
1022	8499
1023	8370
1024	8600
1025	8224
1026	8246
1027	8179
1028	8093
1029	8222
1030	7906
1031	8485
1032	8370
1033	8133
1034	8135
1035	8392
1036	8144
1037	8181
1038	8110
1039	8065
1040	8082
1041	8149
1042	8257
1043	8183
1044	8152
1045	8281
1046	8399
1047	8186
1048	8414
1049	8056
1050	8575
1051	8258
1052	8460
1053	8369
1054	8075
1055	8348
1056	8153
1057	8549
1058	7874
1059	7885
1060	7987
1061	7964
1062	8077
1063	8166
1064	7734
1065	8087
1066	7933
1067	7812
1068	8104
1069	7971
1070	8194
1071	7993
1072	8041
1073	7798
1074	7852
1075	7721
1076	8068
1077	8349
1078	8861
1079	7991
1080	7928
1081	7775
1082	7857
1083	8154
1084	7922
1085	7732
1086	8097
1087	8202
1088	7898
1089	8024
1090	7940
1091	8077
1092	7895
1093	8065
1094	8527
1095	7656
1096	7648
1097	7794
1098	7572
1099	7596
1100	7661
1101	7484
1102	7628
1103	7349
1104	7708
1105	7842
1106	7473
1107	7515
1108	7423
1109	7844
1110	8024
1111	7617
1112	7538
1113	7929
1114	7522
1115	7779
1116	7711
1117	7805
1118	7694
1119	7910
1120	7903
1121	8029
1122	7909
1123	7772
1124	8030
1125	7234
1126	7820
1127	7513
1128	7624
1129	7654
1130	7557
1131	7714
1132	7633
1133	7606
1134	7904
1135	7841
1136	7763
1137	7506
1138	7795
1139	7562
1140	7701
1141	8300
1142	7801
1143	7619
1144	7765
1145	7705
1146	7566
1147	7720
1148	7921
1149	8301
1150	8240
1151	8584
1152	7924
1153	7888
1154	7786
1155	7738
1156	8256
1157	8196
1158	7963
1159	8010
1160	8109
1161	7914
1162	8378
1163	8309
1164	7915
1165	7951
1166	7764
1167	7789
1168	7817
1169	7549
1170	7733
1171	7789
1172	7920
1173	7859
1174	7821
1175	7488
1176	7771
1177	7392
1178	8017
1179	8042
1180	8153
1181	7555
1182	7644
1183	7699
1184	7761
1185	7752
1186	7751
1187	7329
1188	7292
1189	7250
1190	7687
1191	7634
1192	7753
1193	7917
1194	7329
1195	7508
1196	7738
1197	7204
1198	7102
1199	7722
1200	7474
1201	7603
1202	7627
1203	7584
1204	7599
1205	7595
1206	7702
1207	7412
1208	7287
1209	7316
1210	7157
1211	7422
1212	7661
1213	7512
1214	7326
1215	7533
1216	7598
1217	7707
1218	7770
1219	7440
1220	7734
1221	7507
1222	7720
1223	7544
1224	7535
1225	8102
1226	7457
1227	7774
1228	7959
1229	8070
1230	7786
1231	7993
1232	7667
1233	8015
1234	7931
1235	8119
1236	7696
1237	7854
1238	7673
1239	7663
1240	7517
1241	7694
1242	7754
1243	7470
1244	7547
1245	7542
1246	7828
1247	7946
1248	7714
1249	7671
1250	8341
1251	8200
1252	7976
1253	8359
1254	8231
1255	8292
1256	7989
1257	8190
1258	7944
1259	7746
1260	7799
1261	7790
1262	7836
1263	9209
1264	8916
1265	8136
1266	8060
1267	8133
1268	7975
1269	7917
1270	7763
1271	7506
1272	7431
1273	7774
1274	7222
1275	7306
1276	7476
1277	7515
1278	7436
1279	7448
1280	7481
1281	7300
1282	7359
1283	7457
1284	7335
1285	7650
1286	7486
1287	7641
1288	7524
1289	7358
1290	7433
1291	7746
1292	7653
1293	7660
1294	7514
1295	7747
1296	8024
1297	7878
1298	8203
1299	8635
1300	8442
1301	9316
1302	8453
1303	8494
1304	8443
1305	8778
1306	8849
1307	8827
1308	9648
1309	10618
1310	10196
1311	10066
1312	8712
1313	10056
1314	11469
1315	10842
1316	10829
1317	9134
1318	9649
1319	10012
1320	9628
1321	12177
1322	11635
1323	11564
1324	16986
1325	16609
1326	12889
1327	8858
1328	8716
1329	9589
1330	8309
1331	13494
1332	12795
1333	10528
1334	11890
1335	11235
1336	10128
1337	9101
1338	8289
1339	8654
1340	9165
1341	13355
1342	13737
1343	8436
1344	7046
1345	7455
1346	6967
1347	6987
1348	6787
1349	7137
1350	7139
1351	7181
1352	6966
1353	6791
1354	6710
1355	6697
1356	6775
1357	6612
1358	6654
1359	6801
1360	6768
1361	6617
1362	6655
1363	6374
1364	6531
1365	6521
1366	6436
1367	6579
1368	6538
1369	6547
1370	6785
1371	6544
1372	6457
1373	6788
1374	6362
1375	6682
1376	6217
1377	6320
1378	6348
1379	6234
1380	6335
1381	6396
1382	6598
1383	6679
1384	6451
1385	6171
1386	6053
1387	6559
1388	6329
1389	6032
1390	6317
1391	6577
1392	6310
1393	6362
1394	6494
1395	6634
1396	6526
1397	6315
1398	6360
1399	6218
1400	6248
1401	6438
1402	6180
1403	6434
1404	6287
1405	6240
1406	6181
1407	6465
1408	6138
1409	6387
1410	6132
1411	6198
1412	6173
1413	6020
1414	6212
1415	6241
1416	6119
1417	6227
1418	5947
1419	6162
1420	6094
1421	6262
1422	6271
1423	6156
1424	6355
1425	6183
1426	6302
1427	6278
1428	6257
1429	6129
1430	6145
1431	6339
1432	5883
1433	6337
1434	6273
1435	6293
1436	6294
1437	6147
1438	6212
1439	6328
1440	6295
1441	6297
1442	6338
1443	6466
1444	6202
1445	6241
1446	6171
1447	6422
1448	6347
1449	6299
1450	6089
1451	6222
1452	6266
1453	6393
1454	6578
1455	6541
1456	6526
1457	6604
1458	6359
1459	6833
1460	6480
1461	6608
1462	6593
1463	6500
1464	6184
1465	6184
1466	6672
1467	6339
1468	6524
1469	6735
1470	6561
1471	6407
1472	6772
1473	6520
1474	6486
1475	6658
1476	6262
1477	6499
1478	6431
1479	6503
1480	6755
1481	7556
1482	7284
1483	7466
1484	6785
1485	6514
1486	6590
1487	6496
1488	6531
1489	6563
1490	6521
1491	6682
1492	6565
1493	6475
1494	6313
1495	6458
1496	6633
1497	6729
1498	6935
1499	7042
1500	6549
1501	6799
1502	6383
1503	6554
1504	6793
1505	6502
1506	6957
1507	6491
1508	6677
1509	6774
1510	6833
1511	6604
1512	6535
1513	6729
1514	7007
1515	6956
1516	6955
1517	7060
1518	6805
1519	6982
1520	6877
1521	7113
1522	6876
1523	7273
1524	7253
1525	7381
1526	7240
1527	6873
1528	7143
1529	6547
1530	6947
1531	7015
1532	7201
1533	7444
1534	7520
1535	7464
1536	7125
1537	8384
1538	6914
1539	6894
1540	6874
1541	6745
1542	6847
1543	6418
1544	6723
1545	6920
1546	6974
1547	7380
1548	7065
1549	7240
1550	6841
1551	7019
1552	7247
1553	6862
1554	7436
1555	7208
1556	7260
1557	6908
1558	7312
1559	6980
1560	6738
1561	7034
1562	7087
1563	7136
1564	7254
1565	7375
1566	7184
1567	7115
1568	7053
1569	6892
1570	7467
1571	7301
1572	7216
1573	7191
1574	7351
1575	7115
1576	6939
1577	6757
1578	6890
1579	7086
1580	7246
1581	6946
1582	7152
1583	7242
1584	7349
1585	7051
1586	7047
1587	6839
1588	6682
1589	6688
1590	6653
1591	6930
1592	7089
1593	7004
1594	6893
1595	6453
1596	6798
1597	6720
1598	7110
1599	7213
1600	6981
1601	7550
1602	7084
1603	7406
1604	6790
1605	6944
1606	6387
1607	6650
1608	6623
1609	6583
1610	6708
1611	6788
1612	6806
1613	6861
1614	6795
1615	6752
1616	6964
1617	6634
1618	6501
1619	6488
1620	6428
1621	6567
1622	6766
1623	6716
1624	6606
1625	6556
1626	6524
1627	6721
1628	6872
1629	6666
1630	6800
1631	6767
1632	6582
1633	6343
1634	7105
1635	6710
1636	6768
1637	6565
1638	6201
1639	6602
1640	6324
1641	6563
1642	6694
1643	6621
1644	6453
1645	6602
1646	6890
1647	6242
1648	6478
1649	6461
1650	6328
1651	6390
1652	6237
1653	6079
1654	6102
1655	6466
1656	6442
1657	6057
1658	6692
1659	6340
1660	6302
1661	6229
1662	6255
1663	6466
1664	6246
1665	6314
1666	6368
1667	6258
1668	6133
1669	6476
1670	6598
1671	6418
1672	6405
1673	6165
1674	6209
1675	6133
1676	6310
1677	6235
1678	6418
1679	6415
1680	6335
1681	6152
1682	6564
1683	6220
1684	6057
1685	6787
1686	6237
1687	6349
1688	6409
1689	6349
1690	6275
1691	6389
1692	6464
1693	6568
1694	6238
1695	6086
1696	6289
1697	6082
1698	6474
1699	6176
1700	6355
1701	6386
1702	6607
1703	6513
1704	6325
1705	6105
1706	6427
1707	6511
1708	6248
1709	6570
1710	6675
1711	6199
1712	6252
1713	6161
1714	5985
1715	6474
1716	6243
1717	6271
1718	6174
1719	5919
1720	6281
1721	6248
1722	6281
1723	6199
1724	6286
1725	6336
1726	6251
1727	6501
1728	6352
1729	6704
1730	6412
1731	6506
1732	6264
1733	6414
1734	6327
1735	6123
1736	6262
1737	6484
1738	6367
1739	6225
1740	6296
1741	6503
1742	6356
1743	6133
1744	6296
1745	6204
1746	6350
1747	6424
1748	6410
1749	6312
1750	6161
1751	6102
1752	6199
1753	6089
1754	6468
1755	6161
1756	6110
1757	6367
1758	6526
1759	6345
1760	6295
1761	6107
1762	6287
1763	6079
1764	6169
1765	6399
1766	6159
1767	6209
1768	6275
1769	6352
1770	6095
1771	6252
1772	6017
1773	6120
1774	6123
1775	6125
1776	5919
1777	5981
1778	6082
1779	5696
1780	5988
1781	5836
1782	5980
1783	5827
1784	5758
1785	5831
1786	5670
1787	5745
1788	5851
1789	5868
1790	5751
1791	5635
1792	6009
1793	5596
1794	5699
1795	5593
1796	5524
1797	5501
1798	5606
1799	5609
1800	5790
1801	5598
1802	5777
1803	5707
1804	5660
1805	5474
1806	5583
1807	5518
1808	5295
1809	5412
1810	5503
1811	5476
1812	5194
1813	5511
1814	5721
1815	5340
1816	5462
1817	5322
1818	5163
1819	5293
1820	5461
1821	5325
1822	5516
1823	5540
1824	5397
1825	5333
1826	5168
1827	5119
1828	5257
1829	5222
1830	5177
1831	5051
1832	5198
1833	5159
1834	5116
1835	5296
1836	5221
1837	5234
1838	5030
1839	5055
1840	5075
1841	5244
1842	5225
1843	5225
1844	5095
1845	5131
1846	5165
1847	5014
1848	5329
1849	5051
1850	5003
1851	5139
1852	5161
1853	5124
1854	5233
1855	5170
1856	5248
1857	5148
1858	5022
1859	5430
1860	5114
1861	5288
1862	5337
1863	5127
1864	5307
1865	5078
1866	4992
1867	5120
1868	5014
1869	4966
1870	5246
1871	4865
1872	5079
1873	5271
1874	5243
1875	5208
1876	5107
1877	5312
1878	5135
1879	5112
1880	5305
1881	5110
1882	5183
1883	5322
1884	4979
1885	5248
1886	5213
1887	5100
1888	5161
1889	5132
1890	4982
1891	5194
1892	5109
1893	5114
1894	5247
1895	5195
1896	5078
1897	5225
1898	5335
1899	5358
1900	5257
1901	5230
1902	5130
1903	5282
1904	5127
1905	5414
1906	5302
1907	5364
1908	5181
1909	5236
1910	5041
1911	5079
1912	5184
1913	5424
1914	5474
1915	5305
1916	5281
1917	5349
1918	5217
1919	5177
1920	4984
1921	5077
1922	5176
1923	5102
1924	5087
1925	5209
1926	5097
1927	5071
1928	5138
1929	5303
1930	5268
1931	5305
1932	5099
1933	5274
1934	5275
1935	5249
1936	5454
1937	5201
1938	5619
1939	5252
1940	5091
1941	5258
1942	5219
1943	5027
1944	5084
1945	5226
1946	5330
1947	5284
1948	5326
1949	5041
1950	5173
1951	5118
1952	5250
1953	5403
1954	5010
1955	5156
1956	5076
1957	5221
1958	5154
1959	5084
1960	5245
1961	5255
1962	5338
1963	5404
1964	5447
1965	5384
1966	5326
1967	5136
1968	5364
1969	5201
1970	5421
1971	5308
1972	5250
1973	5161
1974	5115
1975	5149
1976	5165
1977	5303
1978	5393
1979	5331
1980	5400
1981	5607
1982	5536
1983	5436
1984	5622
1985	5565
1986	5614
1987	5537
1988	5689
1989	5438
1990	5823
1991	5363
1992	5858
1993	5502
1994	5762
1995	5470
1996	5711
1997	5648
1998	5810
1999	5641
2000	5643
2001	5707
2002	5920
2003	5931
2004	5636
2005	5675
2006	5572
2007	5740
2008	5825
2009	5606
2010	5877
2011	5351
2012	5569
2013	5911
2014	5636
2015	5698
2016	5604
2017	5614
2018	5780
2019	5843
2020	5856
2021	5663
2022	5701
2023	5928
2024	5853
2025	5764
2026	5710
2027	5592
2028	5945
2029	5550
2030	5657
2031	5433
2032	5306
2033	5474
2034	5794
2035	5686
2036	5666
2037	5665
2038	5659
2039	5881
2040	5735
2041	5775
2042	5718
2043	5569
2044	5567
2045	5387
2046	5940
2047	5574
2048	5759
2049	5609
2050	5633
2051	5819
2052	5706
2053	5667
2054	5865
2055	6005
2056	5665
2057	5946
2058	5735
2059	6029
2060	5722
2061	5475
2062	5432
2063	5612
2064	5686
2065	5558
2066	5724
2067	5767
2068	5545
2069	5639
2070	5437
2071	5504
2072	5502
2073	5606
2074	5600
2075	5389
2076	5364
2077	5422
2078	5424
2079	5666
2080	5257
2081	5658
2082	5440
2083	5516
2084	5516
2085	5037
2086	5144
2087	5235
2088	5251
2089	5237
2090	5306
2091	5088
2092	5094
2093	4846
2094	4810
2095	5045
2096	5068
2097	5082
2098	4964
2099	5159
2100	5004
2101	5091
2102	5136
2103	4863
2104	4884
2105	4914
2106	4889
2107	4851
2108	5150
2109	4976
2110	4854
2111	4786
2112	4799
2113	4706
2114	4692
2115	4810
2116	4982
2117	4836
2118	5046
2119	4928
2120	5104
2121	4847
2122	5067
2123	4842
2124	5166
2125	4872
2126	5129
2127	5121
2128	4790
2129	4937
2130	4805
2131	4864
2132	4947
2133	5183
2134	4875
2135	5043
2136	4789
2137	4697
2138	4753
2139	4584
2140	4679
2141	4867
2142	4902
2143	4617
2144	4739
2145	4754
2146	4604
2147	4390
2148	4404
2149	4506
2150	4378
2151	4536
2152	4574
2153	4439
2154	4690
2155	4546
2156	4431
2157	4660
2158	4450
2159	4559
2160	4536
2161	4696
2162	4663
2163	4767
2164	4529
2165	4881
2166	4774
2167	4814
2168	4598
2169	4501
2170	4922
2171	4585
2172	4694
2173	4587
2174	4691
2175	4651
2176	4952
2177	4799
2178	4609
2179	4575
2180	4749
2181	4520
2182	4481
2183	4410
2184	4369
2185	4614
2186	4485
2187	4337
2188	4436
2189	4273
2190	4533
2191	4529
2192	4422
2193	4525
2194	4244
2195	4464
2196	4446
2197	4612
2198	4575
2199	4584
2200	4582
2201	4287
2202	4365
2203	4479
2204	4620
2205	4597
2206	4365
2207	4441
2208	4543
2209	4393
2210	4412
2211	4460
2212	4489
2213	4463
2214	4516
2215	4651
2216	4452
2217	4546
2218	4505
2219	4391
2220	4491
2221	4421
2222	4362
2223	4203
2224	4437
2225	4444
2226	4469
2227	4307
2228	4376
2229	4560
2230	4451
2231	4420
2232	4327
2233	4646
2234	4497
2235	4572
2236	4390
2237	4354
2238	4827
2239	4427
2240	4418
2241	4438
2242	4560
2243	4552
2244	4663
2245	4382
2246	4633
2247	4667
2248	4469
2249	4425
2250	4351
2251	4659
2252	4438
2253	4422
2254	4743
2255	4506
2256	4514
2257	4625
2258	4673
2259	4850
2260	4760
2261	4591
2262	4451
2263	4384
2264	4567
2265	4387
2266	4343
2267	4477
2268	4606
2269	4568
2270	4396
2271	4463
2272	4487
2273	4541
2274	4497
2275	4300
2276	4517
2277	4354
2278	4572
2279	4599
2280	4457
2281	4255
2282	4221
2283	4351
2284	4330
2285	4436
2286	4354
2287	4454
2288	4490
2289	4473
2290	4445
2291	4388
2292	4381
2293	4443
2294	4532
2295	4459
2296	4521
2297	4445
2298	4436
2299	4272
2300	4367
2301	4781
2302	4381
2303	4312
2304	4169
2305	4144
2306	4400
2307	4348
2308	4340
2309	4343
2310	4297
2311	4468
2312	4397
2313	4416
2314	4210
2315	4283
2316	4347
2317	4251
2318	4221
2319	4403
2320	4274
2321	4289
2322	4298
2323	4128
2324	4072
2325	4270
2326	4238
2327	4077
2328	4052
2329	4259
2330	4109
2331	4145
2332	4095
2333	4165
2334	4262
2335	4040
2336	4183
2337	4123
2338	4219
2339	4162
2340	4123
2341	3942
2342	4050
2343	4162
2344	3941
2345	4053
2346	3960
2347	3914
2348	4184
2349	4061
2350	3924
2351	4041
2352	3887
2353	3957
2354	4016
2355	4174
2356	3944
2357	4156
2358	3957
2359	4220
2360	3999
2361	3939
2362	4136
2363	3806
2364	4024
2365	3877
2366	3914
2367	3947
2368	3906
2369	3852
2370	3822
2371	3874
2372	3935
2373	3716
2374	3930
2375	3896
2376	3731
2377	3897
2378	3948
2379	3800
2380	3857
2381	3986
2382	3776
2383	3856
2384	3813
2385	3725
2386	3652
2387	3682
2388	3679
2389	3765
2390	3824
2391	3876
2392	3892
2393	3831
2394	3643
2395	3604
2396	3697
2397	3948
2398	4080
2399	4015
2400	3708
2401	3662
2402	3691
2403	3761
2404	3943
2405	3859
2406	3765
2407	3662
2408	3760
2409	3625
2410	3788
2411	3869
2412	3680
2413	3607
2414	3775
2415	3612
2416	3674
2417	3478
2418	3644
2419	3582
2420	3688
2421	3753
2422	3634
2423	3697
2424	3629
2425	3575
2426	3742
2427	3672
2428	3434
2429	3608
2430	3752
2431	3572
2432	3671
2433	3587
2434	3635
2435	3486
2436	3592
2437	3570
2438	3632
2439	3510
2440	3625
2441	3843
2442	3492
2443	3499
2444	3590
2445	3672
2446	3560
2447	3677
2448	3715
2449	3580
2450	3700
2451	3605
2452	3701
2453	3688
2454	3419
2455	3509
2456	3338
2457	3552
2458	3400
2459	3584
2460	3493
2461	3605
2462	3558
2463	3522
2464	3445
2465	3538
2466	3563
2467	3466
2468	3623
2469	3563
2470	3778
2471	3683
2472	3606
2473	3547
2474	3595
2475	3557
2476	3558
2477	3543
2478	3689
2479	3688
2480	3592
2481	3626
2482	3571
2483	3676
2484	3705
2485	3657
2486	3721
2487	3813
2488	3829
2489	3717
2490	3801
2491	3724
2492	3783
2493	3675
2494	3607
2495	3776
2496	3845
2497	3690
2498	3783
2499	3762
2500	3648
2501	3889
2502	3596
2503	3704
2504	3854
2505	3944
2506	3776
2507	3987
2508	3636
2509	3776
2510	3633
2511	3945
2512	3800
2513	3807
2514	3838
2515	3751
2516	3898
2517	3914
2518	3998
2519	3834
2520	3992
2521	4032
2522	3709
2523	3705
2524	3744
2525	3726
2526	3864
2527	3887
2528	3970
2529	3814
2530	3700
2531	3833
2532	4051
2533	3705
2534	3829
2535	3726
2536	3601
2537	3721
2538	3741
2539	3709
2540	3638
2541	3789
2542	3909
2543	3697
2544	3557
2545	3714
2546	3687
2547	3599
2548	3567
2549	3618
2550	3663
2551	3738
2552	3639
2553	3601
2554	3690
2555	3750
2556	3763
2557	3781
2558	3632
2559	3814
2560	3552
2561	3775
2562	3682
2563	3800
2564	3913
2565	3783
2566	3852
2567	3686
2568	3742
2569	3549
2570	3752
2571	3771
2572	3687
2573	3604
2574	3572
2575	3684
2576	3646
2577	3830
2578	3695
2579	3820
2580	3601
2581	3786
2582	3775
2583	3644
2584	3571
2585	3643
2586	3629
2587	3767
2588	3617
2589	3661
2590	3518
2591	3520
2592	3505
2593	3449
2594	3588
2595	3428
2596	3429
2597	3556
2598	3394
2599	3362
2600	3425
2601	3470
2602	3562
2603	3595
2604	3562
2605	3685
2606	3598
2607	3552
2608	3479
2609	3277
2610	3701
2611	3557
2612	3569
2613	3443
2614	3294
2615	3577
2616	3348
2617	3666
2618	3494
2619	3539
2620	3397
2621	3541
2622	3560
2623	3516
2624	3652
2625	3586
2626	3575
2627	3527
2628	3487
2629	3577
2630	3636
2631	3596
2632	3724
2633	3705
2634	3688
2635	3517
2636	3584
2637	3626
2638	3689
2639	3795
2640	3833
2641	3687
2642	3804
2643	3833
2644	3602
2645	3946
2646	3856
2647	3730
2648	3609
2649	3660
2650	3820
2651	3792
2652	4629
2653	3872
2654	3788
2655	3499
2656	3712
2657	3732
2658	3805
2659	3641
2660	3734
2661	3608
2662	3593
2663	3708
2664	3678
2665	3721
2666	3572
2667	3758
2668	3638
2669	3592
2670	3698
2671	3626
2672	3778
2673	3776
2674	3865
2675	3938
2676	4033
2677	3762
2678	3596
2679	3823
2680	3561
2681	3774
2682	3986
2683	3699
2684	3739
2685	3908
2686	4061
2687	3954
2688	4084
2689	3962
2690	4001
2691	3830
2692	3635
2693	3721
2694	3709
2695	3809
2696	3742
2697	3719
2698	3851
2699	3968
2700	4167
2701	4184
2702	4365
2703	3819
2704	3914
2705	3880
2706	3799
2707	4009
2708	3902
2709	4395
2710	4122
2711	4096
2712	3638
2713	3636
2714	3876
2715	4131
2716	4294
2717	3853
2718	4054
2719	4019
2720	3795
2721	3846
2722	3633
2723	3708
2724	3910
2725	3797
2726	3667
2727	3703
2728	3696
2729	3936
2730	3742
2731	3669
2732	3658
2733	3602
2734	3700
2735	3916
2736	3785
2737	3661
2738	3729
2739	3584
2740	3788
2741	3623
2742	3479
2743	3638
2744	3568
2745	3462
2746	3502
2747	3581
2748	3390
2749	3526
2750	3510
2751	3633
2752	3558
2753	3570
2754	3418
2755	3570
2756	3794
2757	3610
2758	3515
2759	3714
2760	3632
2761	3890
2762	3780
2763	3571
2764	3543
2765	3499
2766	3746
2767	3640
2768	3599
2769	3847
2770	3550
2771	3530
2772	3541
2773	3585
2774	3495
2775	3481
2776	3483
2777	3366
2778	3554
2779	3551
2780	3541
2781	3459
2782	3467
2783	3408
2784	3364
2785	3322
2786	3250
2787	3354
2788	3439
2789	3412
2790	3379
2791	3334
2792	3336
2793	3273
2794	3392
2795	3341
2796	3314
2797	3299
2798	3366
2799	3309
2800	3394
2801	3274
2802	3338
2803	3114
2804	3226
2805	3171
2806	3327
2807	3341
2808	3250
2809	3306
2810	3217
2811	3366
2812	3386
2813	3193
2814	3295
2815	3384
2816	3202
2817	3359
2818	3247
2819	3288
2820	3351
2821	3383
2822	3314
2823	3162
2824	3137
2825	3236
2826	3201
2827	3182
2828	3121
2829	3183
2830	3075
2831	3112
2832	3072
2833	3242
2834	3237
2835	3103
2836	3274
2837	3205
2838	3100
2839	3229
2840	3235
2841	3124
2842	3030
2843	3184
2844	3138
2845	3182
2846	3264
2847	3213
2848	3422
2849	3187
2850	3121
2851	3152
2852	3086
2853	3267
2854	3092
2855	3309
2856	3259
2857	3187
2858	3270
2859	3219
2860	3307
2861	3179
2862	3231
2863	3239
2864	3111
2865	3198
2866	3228
2867	3199
2868	3194
2869	3178
2870	3136
2871	3223
2872	3052
2873	3192
2874	3083
2875	3282
2876	3055
2877	3090
2878	3306
2879	3256
2880	3006
2881	3240
2882	3186
2883	3147
2884	3161
2885	3249
2886	3205
2887	2968
2888	3285
2889	3164
2890	3015
2891	3109
2892	3084
2893	3052
2894	3172
2895	3014
2896	2946
2897	3153
2898	3254
2899	3103
2900	3139
2901	3244
2902	3190
2903	3088
2904	3174
2905	2964
2906	2960
2907	3019
2908	3018
2909	3143
2910	3161
2911	3135
2912	3116
2913	3089
2914	2996
2915	2951
2916	3106
2917	3285
2918	3222
2919	3053
2920	3131
2921	3056
2922	3112
2923	2965
2924	3111
2925	2901
2926	3155
2927	2911
2928	3038
2929	3121
2930	3155
2931	3186
2932	3160
2933	2974
2934	3244
2935	3159
2936	3065
2937	3069
2938	3076
2939	3138
2940	2996
2941	3250
2942	3086
2943	3025
2944	3058
2945	3237
2946	3024
2947	2952
2948	3058
2949	3014
2950	2970
2951	2944
2952	3088
2953	3113
2954	3159
2955	3097
2956	2920
2957	3019
2958	3111
2959	3061
2960	3021
2961	3180
2962	2896
2963	3272
2964	3176
2965	3166
2966	3097
2967	3263
2968	3131
2969	3117
2970	3164
2971	3184
2972	3116
2973	3248
2974	3187
2975	3082
2976	3156
2977	3115
2978	3029
2979	3072
2980	3013
2981	3244
2982	3203
2983	3117
2984	3208
2985	3164
2986	3245
2987	3004
2988	3123
2989	3141
2990	3041
2991	3090
2992	3170
2993	3036
2994	2989
2995	3117
2996	3098
2997	3229
2998	3192
2999	3066
3000	3063
3001	3289
3002	3231
3003	3420
3004	3217
3005	3140
3006	3333
3007	3145
3008	3160
3009	3220
3010	3281
3011	3198
3012	3153
3013	3205
3014	3182
3015	3211
3016	3169
3017	3109
3018	3345
3019	3053
3020	3081
3021	3076
3022	3133
3023	3005
3024	3027
3025	3090
3026	3199
3027	3154
3028	3090
3029	3099
3030	3080
3031	3157
3032	3159
3033	3070
3034	2989
3035	3307
3036	3149
3037	3133
3038	3305
3039	3161
3040	3180
3041	3304
3042	3187
3043	3252
3044	3280
3045	3338
3046	3209
3047	3361
3048	3572
3049	3423
3050	3343
3051	3320
3052	3211
3053	3219
3054	3229
3055	3222
3056	3231
3057	3453
3058	3237
3059	3402
3060	3233
3061	3220
3062	3285
3063	3374
3064	3211
3065	3172
3066	3398
3067	3178
3068	3490
3069	3256
3070	3156
3071	3140
3072	3192
3073	3123
3074	3623
3075	3298
3076	3512
3077	3410
3078	3180
3079	3156
3080	3258
3081	3175
3082	3188
3083	3315
3084	3240
3085	3197
3086	3328
3087	3096
3088	3258
3089	3128
3090	3158
3091	3193
3092	3278
3093	3438
3094	3401
3095	3593
3096	3277
3097	3114
3098	3105
3099	3174
3100	3386
3101	3432
3102	3161
3103	3386
3104	3099
3105	3236
3106	3200
3107	3155
3108	3200
3109	3273
3110	3106
3111	3128
3112	3137
3113	3298
3114	3323
3115	3117
3116	2959
3117	2956
3118	3024
3119	3153
3120	3134
3121	3271
3122	3302
3123	2945
3124	2946
3125	2953
3126	2967
3127	3035
3128	3102
3129	3070
3130	3045
3131	2985
3132	3010
3133	3254
3134	3183
3135	3070
3136	3044
3137	3010
3138	3041
3139	3026
3140	3221
3141	3220
3142	3124
3143	2978
3144	3115
3145	2917
3146	2995
3147	2971
3148	2945
3149	3043
3150	3102
3151	2935
3152	2976
3153	3253
3154	2943
3155	2969
3156	3066
3157	3029
3158	3196
3159	3138
3160	3230
3161	2936
3162	2981
3163	3118
3164	3199
3165	3326
3166	3074
3167	2918
3168	2912
3169	2939
3170	3206
3171	2986
3172	2927
3173	2897
3174	2816
3175	2922
3176	2993
3177	2912
3178	2992
3179	3086
3180	2934
3181	3049
3182	2938
3183	2997
3184	2965
3185	2872
3186	2962
3187	3120
3188	2963
3189	2987
3190	2877
3191	3039
3192	2949
3193	2877
3194	2942
3195	2860
3196	2951
3197	2880
3198	2815
3199	2996
3200	2885
3201	2905
3202	2906
3203	2994
3204	3025
3205	2913
3206	3051
3207	3037
3208	2780
3209	2841
3210	2890
3211	3109
3212	2856
3213	2753
3214	2898
3215	2937
3216	2930
3217	3031
3218	2821
3219	2985
3220	2997
3221	3134
3222	2983
3223	3073
3224	3052
3225	2877
3226	2933
3227	3000
3228	2976
3229	3017
3230	2986
3231	2854
3232	3006
3233	2954
3234	2865
3235	3180
3236	3137
3237	3016
3238	2950
3239	2865
3240	2996
3241	3125
3242	2952
3243	3018
3244	3123
3245	3074
3246	2882
3247	3083
3248	3011
3249	2955
3250	3216
3251	2971
3252	2997
3253	2978
3254	3045
3255	3140
3256	2932
3257	3000
3258	3039
3259	2877
3260	3182
3261	3142
3262	3179
3263	3063
3264	3048
3265	3114
3266	3246
3267	3120
3268	3119
3269	2982
3270	3130
3271	2972
3272	3093
3273	3154
3274	3159
3275	3011
3276	3124
3277	3049
3278	3046
3279	2960
3280	3082
3281	3193
3282	2925
3283	3053
3284	3173
3285	3160
3286	3199
3287	3096
3288	2999
3289	3113
3290	2999
3291	3105
3292	3087
3293	3072
3294	3044
3295	3100
3296	3055
3297	2954
3298	3233
3299	3249
3300	3221
3301	3075
3302	3149
3303	3109
3304	3287
3305	3187
3306	2988
3307	3062
3308	3115
3309	3260
3310	3145
3311	3016
3312	3301
3313	3233
3314	3084
3315	3281
3316	3224
3317	3218
3318	3351
3319	3199
3320	3181
3321	3171
3322	3121
3323	3267
3324	3040
3325	3091
3326	3271
3327	3101
3328	3195
3329	3205
3330	3169
3331	3094
3332	3309
3333	3189
3334	3257
3335	3238
3336	3153
3337	3265
3338	3235
3339	3164
3340	3351
3341	3079
3342	3182
3343	3249
3344	3222
3345	2953
3346	3122
3347	3079
3348	3019
3349	3168
3350	3089
3351	3221
3352	3034
3353	3220
3354	3010
3355	2912
3356	3048
3357	3140
3358	3078
3359	3107
3360	3019
3361	2887
3362	2942
3363	3117
3364	2986
3365	3055
3366	3054
3367	2868
3368	3059
3369	3026
3370	2837
3371	2776
3372	2967
3373	2958
3374	3032
3375	2855
3376	2796
3377	2875
3378	2831
3379	2964
3380	2972
3381	2748
3382	2891
3383	2882
3384	2913
3385	2894
3386	2821
3387	2917
3388	2718
3389	2940
3390	2850
3391	2849
3392	2874
3393	2866
3394	2907
3395	2857
3396	2921
3397	3002
3398	2686
3399	2964
3400	2695
3401	2720
3402	2630
3403	2865
3404	2813
3405	2797
3406	2991
3407	2744
3408	2893
3409	2823
3410	2913
3411	2839
3412	2824
3413	2648
3414	3017
3415	2843
3416	2753
3417	2782
3418	2791
3419	2731
3420	2848
3421	2863
3422	2755
3423	2705
3424	2730
3425	2717
3426	2797
3427	3109
3428	2768
3429	2851
3430	2803
3431	2822
3432	2875
3433	2858
3434	2850
3435	3028
3436	2762
3437	2888
3438	2894
3439	2942
3440	2898
3441	2763
3442	2803
3443	2792
3444	2801
3445	2729
3446	2546
3447	2768
3448	2840
3449	2816
3450	2673
3451	2873
3452	2881
3453	2713
3454	2713
3455	2946
3456	2774
3457	2744
3458	2680
3459	2711
3460	2871
3461	2576
3462	2652
3463	2620
3464	2738
3465	2576
3466	2503
3467	2471
3468	2594
3469	2502
3470	2490
3471	2433
3472	2600
3473	2549
3474	2510
3475	2492
3476	2615
3477	2540
3478	2608
3479	2400
3480	2486
3481	2520
3482	2418
3483	2593
3484	2509
3485	2449
3486	2453
3487	2555
3488	2459
3489	2528
3490	2425
3491	2566
3492	2505
3493	2562
3494	2463
3495	2525
3496	2666
3497	2494
3498	2498
3499	2388
3500	2404
3501	2447
3502	2568
3503	2637
3504	2482
3505	2514
3506	2476
3507	2440
3508	2487
3509	2371
3510	2426
3511	2546
3512	2497
3513	2582
3514	2518
3515	2515
3516	2549
3517	2557
3518	2717
3519	2541
3520	2548
3521	2511
3522	2675
3523	2711
3524	2545
3525	2566
3526	2562
3527	2555
3528	2537
3529	2491
3530	2524
3531	2459
3532	2609
3533	2580
3534	2475
3535	2596
3536	2608
3537	2403
3538	2655
3539	2480
3540	2529
3541	2539
3542	2413
3543	2552
3544	2416
3545	2507
3546	2649
3547	2644
3548	2416
3549	2575
3550	2406
3551	2445
3552	2489
3553	2460
3554	2458
3555	2457
3556	2414
3557	2466
3558	2438
3559	2550
3560	2486
3561	2518
3562	2477
3563	2514
3564	2561
3565	2554
3566	2423
3567	2514
3568	2344
3569	2521
3570	2439
3571	2349
3572	2597
3573	2537
3574	2471
3575	2488
3576	2674
3577	2459
3578	2443
3579	2537
3580	2534
3581	2575
3582	2691
3583	2622
3584	2722
3585	2551
3586	2520
3587	2485
3588	2452
3589	2509
3590	2439
3591	2582
3592	2466
3593	2651
3594	2613
3595	2674
3596	2375
3597	2451
3598	2479
3599	2463
3600	2521
3601	2484
3602	2446
3603	2501
3604	2639
3605	2644
3606	2493
3607	2679
3608	2529
3609	2515
3610	2643
3611	2573
3612	2439
3613	2485
3614	2409
3615	2497
3616	2389
3617	2651
3618	2465
3619	2532
3620	2506
3621	2473
3622	2504
3623	2540
3624	2418
3625	2413
3626	2492
3627	2456
3628	2353
3629	2561
3630	2549
3631	2519
3632	2558
3633	2546
3634	2510
3635	2461
3636	2502
3637	2423
3638	2665
3639	2572
3640	2522
3641	2511
3642	2449
3643	2571
3644	2548
3645	2666
3646	2497
3647	2639
3648	2530
3649	2524
3650	2515
3651	2444
3652	2465
3653	2480
3654	2433
3655	2372
3656	2394
3657	2278
3658	2525
3659	2493
3660	2331
3661	2580
3662	2438
3663	2361
3664	2250
3665	2451
3666	2414
3667	2457
3668	2371
3669	2516
3670	2353
3671	2404
3672	2505
3673	2517
3674	2495
3675	2568
3676	2409
3677	2440
3678	2487
3679	2318
3680	2543
3681	2489
3682	2364
3683	2573
3684	2344
3685	2464
3686	2392
3687	2216
3688	2434
3689	2526
3690	2467
3691	2496
3692	2478
3693	2476
3694	2494
3695	2467
3696	2487
3697	2518
3698	2615
3699	2654
3700	2681
3701	2494
3702	2442
3703	2452
3704	2632
3705	2525
3706	2458
3707	2555
3708	2657
3709	2599
3710	2718
3711	2959
3712	2771
3713	2486
3714	2462
3715	2498
3716	2603
3717	2507
3718	2710
3719	2391
3720	2554
3721	2349
3722	2700
3723	2566
3724	2515
3725	2639
3726	2643
3727	2575
3728	2632
3729	2464
3730	2469
3731	2522
3732	2443
3733	2526
3734	2421
3735	2515
3736	2632
3737	2691
3738	2493
3739	2466
3740	2380
3741	2551
3742	2658
3743	2462
3744	2717
3745	2637
3746	2542
3747	2477
3748	2500
3749	2571
3750	2509
3751	2399
3752	2714
3753	2734
3754	2513
3755	2681
3756	2612
3757	2513
3758	2543
3759	2408
3760	2496
3761	2680
3762	2626
3763	2599
3764	2645
3765	2721
3766	2814
3767	2740
3768	2815
3769	2639
3770	2646
3771	2789
3772	2712
3773	2435
3774	2658
3775	2547
3776	2532
3777	2382
3778	2515
3779	2492
3780	2512
3781	2647
3782	2539
3783	2471
3784	2467
3785	2373
3786	2374
3787	2424
3788	2390
3789	2469
3790	2243
3791	2500
3792	2298
3793	2332
3794	2558
3795	2190
3796	2418
3797	2405
3798	2426
3799	2400
3800	2352
3801	2351
3802	2452
3803	2405
3804	2337
3805	2160
3806	2288
3807	2309
3808	2236
3809	2273
3810	2252
3811	2289
3812	2200
3813	2255
3814	2210
3815	2470
3816	2241
3817	2279
3818	2274
3819	2295
3820	2170
3821	2136
3822	2133
3823	2294
3824	2217
3825	2102
3826	2192
3827	2246
3828	2257
3829	2090
3830	2029
3831	2129
3832	2164
3833	2215
3834	2146
3835	2251
3836	2124
3837	2127
3838	2199
3839	2136
3840	2226
3841	2019
3842	2150
3843	2095
3844	2206
3845	2090
3846	2265
3847	2181
3848	2100
3849	2084
3850	2226
3851	2158
3852	2106
3853	2165
3854	2194
3855	2263
3856	2175
3857	2316
3858	2222
3859	2175
3860	2181
3861	2230
3862	2216
3863	2239
3864	2017
3865	2220
3866	2242
3867	2222
3868	2180
3869	2184
3870	2186
3871	2057
3872	2232
3873	2163
3874	2263
3875	2194
3876	2278
3877	2211
3878	2172
3879	2245
3880	2101
3881	2220
3882	2250
3883	2285
3884	2285
3885	2154
3886	2160
3887	2094
3888	2195
3889	2278
3890	2244
3891	2301
3892	2250
3893	2202
3894	2315
3895	2215
3896	2221
3897	2295
3898	2295
3899	2290
3900	2318
3901	2316
3902	2431
3903	2516
3904	2345
3905	2501
3906	2411
3907	2346
3908	2322
3909	2378
3910	2290
3911	2418
3912	2397
3913	2302
3914	2255
3915	2329
3916	2207
3917	2394
3918	2277
3919	2370
3920	2235
3921	2429
3922	2217
3923	2183
3924	2308
3925	2294
3926	2348
3927	2326
3928	2318
3929	2423
3930	2376
3931	2309
3932	2479
3933	2343
3934	2309
3935	2408
3936	2508
3937	2330
3938	2457
3939	2203
3940	2382
3941	2308
3942	2377
3943	2233
3944	2291
3945	2337
3946	2404
3947	2438
3948	2336
3949	2502
3950	2376
3951	2499
3952	2485
3953	2547
3954	2395
3955	2475
3956	2412
3957	2477
3958	2423
3959	2427
3960	2317
3961	2414
3962	2320
3963	2395
3964	2369
3965	2383
3966	2333
3967	2346
3968	2416
3969	2423
3970	2405
3971	2396
3972	2484
3973	2412
3974	2458
3975	2391
3976	2450
3977	2257
3978	2292
3979	2368
3980	2519
3981	2437
3982	2410
3983	2339
3984	2443
3985	2313
3986	2262
3987	2281
3988	2131
3989	2171
3990	2402
3991	2234
3992	2334
3993	2234
3994	2270
3995	2248
3996	2320
3997	2309
3998	2251
3999	2272
4000	2273
4001	2192
4002	2296
4003	2255
4004	2295
4005	2072
4006	2090
4007	2256
4008	2202
4009	2271
4010	2253
4011	2260
4012	2253
4013	2312
4014	2210
4015	2236
4016	2235
4017	2277
4018	2261
4019	2267
4020	2316
4021	2333
4022	2311
4023	2407
4024	2372
4025	2270
4026	2162
4027	2182
4028	2208
4029	2272
4030	2422
4031	2235
4032	2412
4033	2273
4034	2273
4035	2198
4036	2042
4037	2123
4038	2212
4039	2243
4040	2393
4041	2310
4042	2184
4043	2173
4044	2149
4045	2189
4046	2214
4047	2190
4048	2275
4049	2231
4050	2291
4051	2214
4052	2300
4053	2384
4054	2278
4055	2267
4056	2242
4057	2283
4058	2325
4059	2242
4060	2366
4061	2234
4062	2303
4063	2358
4064	2293
4065	2376
4066	2295
4067	2326
4068	2289
4069	2261
4070	2313
4071	2210
4072	2447
4073	2358
4074	2072
4075	2279
4076	2282
4077	2188
4078	2314
4079	2167
4080	2277
4081	2306
4082	2309
4083	2097
4084	2198
4085	2161
4086	2283
4087	2160
4088	2115
4089	2169
4090	2334
4091	2298
4092	2291
4093	2188
4094	2062
4095	2236
4096	2084
4097	2145
4098	2204
4099	2288
4100	2260
4101	2245
4102	2306
4103	2215
4104	2257
4105	2261
4106	2175
4107	2317
4108	2197
4109	2156
4110	2317
4111	2399
4112	2278
4113	2267
4114	2199
4115	2274
4116	2274
4117	2225
4118	2280
4119	2263
4120	2179
4121	2311
4122	2196
4123	2267
4124	2180
4125	2234
4126	2292
4127	2301
4128	2115
4129	2178
4130	2182
4131	2217
4132	2232
4133	2209
4134	2169
4135	2075
4136	2250
4137	2166
4138	2070
4139	2222
4140	2190
4141	2211
4142	2135
4143	2172
4144	2100
4145	2078
4146	2181
4147	2172
4148	2089
4149	2171
4150	2164
4151	2075
4152	2063
4153	2094
4154	2003
4155	2063
4156	2175
4157	2145
4158	2077
4159	2164
4160	1966
4161	2014
4162	2090
4163	2038
4164	2055
4165	1927
4166	2078
4167	2013
4168	1927
4169	2200
4170	2072
4171	2023
4172	2099
4173	2066
4174	1940
4175	2091
4176	1978
4177	2084
4178	1926
4179	2009
4180	2087
4181	2103
4182	2142
4183	2006
4184	1987
4185	2088
4186	2088
4187	1972
4188	2118
4189	2135
4190	2026
4191	2000
4192	2174
4193	2111
4194	1988
4195	2041
4196	2205
4197	2096
4198	2121
4199	2039
4200	2125
4201	2003
4202	2126
4203	2067
4204	2126
4205	2178
4206	2180
4207	2129
4208	2108
4209	2133
4210	2077
4211	2074
4212	1974
4213	2108
4214	2126
4215	2241
4216	2079
4217	2202
4218	2188
4219	2141
4220	1956
4221	2122
4222	2107
4223	2103
4224	2094
4225	2344
4226	2306
4227	2282
4228	2284
4229	2204
4230	2139
4231	2053
4232	2154
4233	2089
4234	2140
4235	2107
4236	2274
4237	2252
4238	2141
4239	2082
4240	2147
4241	2113
4242	2011
4243	2087
4244	2050
4245	2068
4246	2104
4247	2076
4248	2098
4249	2142
4250	2018
4251	2097
4252	2065
4253	2089
4254	2078
4255	2151
4256	1994
4257	2079
4258	2141
4259	2191
4260	2067
4261	2124
4262	2225
4263	2140
4264	2106
4265	2252
4266	2248
4267	2185
4268	2219
4269	2260
4270	1998
4271	2333
4272	2244
4273	2244
4274	2161
4275	2184
4276	2406
4277	2162
4278	2159
4279	2202
4280	2166
4281	1979
4282	2275
4283	2029
4284	2098
4285	2126
4286	2053
4287	2147
4288	2259
4289	2108
4290	2141
4291	2163
4292	2153
4293	2117
4294	2163
4295	2099
4296	2116
4297	2246
4298	2187
4299	2171
4300	2089
4301	2127
4302	2154
4303	2106
4304	2402
4305	2064
4306	2031
4307	2093
4308	2009
4309	2159
4310	2300
4311	2023
4312	2124
4313	2074
4314	2169
4315	2289
4316	2074
4317	2083
4318	1976
4319	2032
4320	2066
4321	1936
4322	2092
4323	2012
4324	1889
4325	2129
4326	1843
4327	2053
4328	2108
4329	1989
4330	1975
4331	1908
4332	2184
4333	1864
4334	2033
4335	1982
4336	2041
4337	1892
4338	2046
4339	2046
4340	1916
4341	1830
4342	2028
4343	1837
4344	1975
4345	1860
4346	1810
4347	1868
4348	1922
4349	1883
4350	1836
4351	1855
4352	1945
4353	1781
4354	1752
4355	1736
4356	1754
4357	1845
4358	1817
4359	1774
4360	1782
4361	1787
4362	1788
4363	1917
4364	1735
4365	1747
4366	1745
4367	1862
4368	1742
4369	1929
4370	1821
4371	1877
4372	1812
4373	1896
4374	1884
4375	1958
4376	2056
4377	1911
4378	1860
4379	2014
4380	1983
4381	1920
4382	1804
4383	1692
4384	1807
4385	1767
4386	1839
4387	1869
4388	1747
4389	1805
4390	1815
4391	1757
4392	1723
4393	1740
4394	1725
4395	1740
4396	1793
4397	1688
4398	1786
4399	1778
4400	1759
4401	1859
4402	1854
4403	1684
4404	1822
4405	1743
4406	1845
4407	1803
4408	1937
4409	1788
4410	1844
4411	1823
4412	1753
4413	1695
4414	1788
4415	1843
4416	1780
4417	1749
4418	1848
4419	1733
4420	1693
4421	1750
4422	1729
4423	1857
4424	1835
4425	1745
4426	1760
4427	1821
4428	1731
4429	1746
4430	1766
4431	1788
4432	1697
4433	1744
4434	1705
4435	1678
4436	1561
4437	1687
4438	1712
4439	1704
4440	1659
4441	1572
4442	1654
4443	1654
4444	1702
4445	1584
4446	1642
4447	1681
4448	1709
4449	1629
4450	1727
4451	1644
4452	1573
4453	1631
4454	1614
4455	1571
4456	1582
4457	1702
4458	1619
4459	1586
4460	1566
4461	1619
4462	1685
4463	1619
4464	1639
4465	1539
4466	1602
4467	1558
4468	1622
4469	1556
4470	1607
4471	1608
4472	1632
4473	1725
4474	1595
4475	1619
4476	1647
4477	1647
4478	1690
4479	1660
4480	1588
4481	1651
4482	1619
4483	1610
4484	1564
4485	1654
4486	1620
4487	1651
4488	1621
4489	1777
4490	1652
4491	1681
4492	1679
4493	1667
4494	1678
4495	1655
4496	1653
4497	1711
4498	1565
4499	1728
4500	1600
4501	1698
4502	1631
4503	1708
4504	1785
4505	1576
4506	1711
4507	1685
4508	1683
4509	1636
4510	1662
4511	1707
4512	1764
4513	1720
4514	1651
4515	1712
4516	1668
4517	1800
4518	1784
4519	1706
4520	1681
4521	1670
4522	1731
4523	1734
4524	1697
4525	1714
4526	1678
4527	1568
4528	1727
4529	1695
4530	1698
4531	1662
4532	1680
4533	1706
4534	1750
4535	1832
4536	1760
4537	1626
4538	1665
4539	1671
4540	1649
4541	1649
4542	1749
4543	1593
4544	1718
4545	1709
4546	1776
4547	1879
4548	1815
4549	1716
4550	1676
4551	1745
4552	1606
4553	1571
4554	1599
4555	1722
4556	1656
4557	1737
4558	1655
4559	1667
4560	1701
4561	1741
4562	1741
4563	1772
4564	1638
4565	1577
4566	1656
4567	1612
4568	1648
4569	1616
4570	1653
4571	1639
4572	1687
4573	1625
4574	1617
4575	1683
4576	1617
4577	1737
4578	1615
4579	1651
4580	1593
4581	1550
4582	1670
4583	1650
4584	1633
4585	1614
4586	1642
4587	1519
4588	1569
4589	1593
4590	1599
4591	1603
4592	1494
4593	1653
4594	1543
4595	1652
4596	1601
4597	1599
4598	1685
4599	1622
4600	1632
4601	1637
4602	1554
4603	1487
4604	1636
4605	1640
4606	1702
4607	1709
4608	1578
4609	1842
4610	1613
4611	1607
4612	1710
4613	1717
4614	1583
4615	1704
4616	1693
4617	1584
4618	1735
4619	1667
4620	1653
4621	1826
4622	1657
4623	1784
4624	1617
4625	1626
4626	1675
4627	1683
4628	1810
4629	1556
4630	1680
4631	1701
4632	1717
4633	1602
4634	1710
4635	1765
4636	1699
4637	1687
4638	1716
4639	1609
4640	1656
4641	1706
4642	1628
4643	1688
4644	1697
4645	1773
4646	1623
4647	1681
4648	1756
4649	1687
4650	1656
4651	1622
4652	1489
4653	1638
4654	1662
4655	1614
4656	1571
4657	1738
4658	1566
4659	1644
4660	1725
4661	1707
4662	1680
4663	1660
4664	1672
4665	1523
4666	1594
4667	1523
4668	1589
4669	1627
4670	1753
4671	1598
4672	1674
4673	1677
4674	1728
4675	1703
4676	1713
4677	1711
4678	1703
4679	1642
4680	1729
4681	1658
4682	1648
4683	1572
4684	1611
4685	1638
4686	1563
4687	1596
4688	1586
4689	1655
4690	1644
4691	1586
4692	1591
4693	1683
4694	1604
4695	1603
4696	1570
4697	1549
4698	1719
4699	1659
4700	1691
4701	1593
4702	1702
4703	1692
4704	1661
4705	1578
4706	1581
4707	1583
4708	1628
4709	1684
4710	1665
4711	1682
4712	1665
4713	1712
4714	1722
4715	1702
4716	1638
4717	1745
4718	1573
4719	1719
4720	1707
4721	1635
4722	1610
4723	1720
4724	1647
4725	1567
4726	1699
4727	1653
4728	1697
4729	1731
4730	1786
4731	1725
4732	1654
4733	1622
4734	1642
4735	1628
4736	1492
4737	1667
4738	1695
4739	1685
4740	1848
4741	1684
4742	1717
4743	1619
4744	1627
4745	1657
4746	1752
4747	1686
4748	1678
4749	1653
4750	1685
4751	1608
4752	1763
4753	1757
4754	1789
4755	1739
4756	1841
4757	1821
4758	1700
4759	1730
4760	1739
4761	2062
4762	1795
4763	1911
4764	1870
4765	1675
4766	1841
4767	1713
4768	1955
4769	1794
4770	1717
4771	1682
4772	1689
4773	1999
4774	1990
4775	2018
4776	2007
4777	1822
4778	1659
4779	1788
4780	1777
4781	1663
4782	1760
4783	1764
4784	1681
4785	1767
4786	1767
4787	1719
4788	1627
4789	1619
4790	1771
4791	1756
4792	1867
4793	1928
4794	1932
4795	1846
4796	1705
4797	1727
4798	1710
4799	1649
4800	1673
4801	1848
4802	1720
4803	1641
4804	1829
4805	1742
4806	1711
4807	1683
4808	1685
4809	1755
4810	1753
4811	1763
4812	1579
4813	1706
4814	1711
4815	1668
4816	1700
4817	1682
4818	1729
4819	1638
4820	1689
4821	1744
4822	1769
4823	1742
4824	1660
4825	1687
4826	1684
4827	1696
4828	1617
4829	1757
4830	1810
4831	1699
4832	1668
4833	1706
4834	1713
4835	1693
4836	1789
4837	1768
4838	1704
4839	1753
4840	1838
4841	1719
4842	1584
4843	1696
4844	1761
4845	1891
4846	1686
4847	1705
4848	1643
4849	1662
4850	1646
4851	1735
4852	1768
4853	1623
4854	1702
4855	1617
4856	1617
4857	1583
4858	1703
4859	1672
4860	1681
4861	1678
4862	1595
4863	1670
4864	1681
4865	1635
4866	1524
4867	1512
4868	1545
4869	1591
4870	1609
4871	1659
4872	1516
4873	1567
4874	1566
4875	1586
4876	1490
4877	1561
4878	1530
4879	1577
4880	1656
4881	1682
4882	1541
4883	1499
4884	1646
4885	1531
4886	1640
4887	1609
4888	1621
4889	1550
4890	1558
4891	1467
4892	1586
4893	1596
4894	1567
4895	1524
4896	1571
4897	1620
4898	1580
4899	1583
4900	1657
4901	1656
4902	1623
4903	1737
4904	1662
4905	1701
4906	1787
4907	1798
4908	1636
4909	1600
4910	1594
4911	1644
4912	1617
4913	1568
4914	1660
4915	1606
4916	1738
4917	1695
4918	1628
4919	1648
4920	1723
4921	1690
4922	1718
4923	1747
4924	1572
4925	1648
4926	1501
4927	1797
4928	1692
4929	1738
4930	1748
4931	1638
4932	1831
4933	1830
4934	1783
4935	1810
4936	1585
4937	1829
4938	1694
4939	1807
4940	1713
4941	1628
4942	1670
4943	1662
4944	1706
4945	1753
4946	1669
4947	1713
4948	1883
4949	1673
4950	1988
4951	1808
4952	1935
4953	1826
4954	1950
4955	1927
4956	2073
4957	1992
4958	1959
4959	1889
4960	1920
4961	1765
4962	1819
4963	1917
4964	1863
4965	1724
4966	1800
4967	1784
4968	1938
4969	1890
4970	1811
4971	1804
4972	1573
4973	1747
4974	1860
4975	1729
4976	1788
4977	1753
4978	1835
4979	1808
4980	1843
4981	1849
4982	1645
4983	1732
4984	1810
4985	1657
4986	1665
4987	1775
4988	1714
4989	1606
4990	1580
4991	1713
4992	1808
4993	1708
4994	1764
4995	1785
4996	1864
4997	1706
4998	1583
4999	1667
5000	1684
5001	1601
5002	1790
5003	1814
5004	1863
5005	1691
5006	1624
5007	1672
5008	1755
5009	1614
5010	1743
5011	1615
5012	1685
5013	1654
5014	1628
5015	1742
5016	1591
5017	1567
5018	1558
5019	1681
5020	1653
5021	1749
5022	1639
5023	1612
5024	1612
5025	1627
5026	1652
5027	1603
5028	1644
5029	1616
5030	1559
5031	1463
5032	1568
5033	1605
5034	1574
5035	1594
5036	1479
5037	1518
5038	1478
5039	1567
5040	1464
5041	1474
5042	1538
5043	1595
5044	1650
5045	1520
5046	1499
5047	1386
5048	1538
5049	1505
5050	1482
5051	1472
5052	1472
5053	1460
5054	1532
5055	1602
5056	1545
5057	1574
5058	1543
5059	1430
5060	1397
5061	1522
5062	1501
5063	1407
5064	1563
5065	1516
5066	1441
5067	1660
5068	1533
5069	1547
5070	1485
5071	1521
5072	1476
5073	1540
5074	1566
5075	1495
5076	1638
5077	1529
5078	1561
5079	1566
5080	1489
5081	1548
5082	1416
5083	1465
5084	1400
5085	1403
5086	1498
5087	1499
5088	1384
5089	1460
5090	1461
5091	1377
5092	1435
5093	1408
5094	1483
5095	1424
5096	1489
5097	1508
5098	1450
5099	1514
5100	1510
5101	1503
5102	1367
5103	1514
5104	1411
5105	1453
5106	1477
5107	1472
5108	1417
5109	1435
5110	1381
5111	1336
5112	1440
5113	1447
5114	1464
5115	1419
5116	1302
5117	1368
5118	1448
5119	1366
5120	1595
5121	1474
5122	1420
5123	1438
5124	1463
5125	1359
5126	1480
5127	1445
5128	1417
5129	1490
5130	1459
5131	1481
5132	1411
5133	1337
5134	1382
5135	1418
5136	1443
5137	1382
5138	1354
5139	1383
5140	1445
5141	1388
5142	1299
5143	1329
5144	1341
5145	1343
5146	1402
5147	1327
5148	1317
5149	1445
5150	1391
5151	1463
5152	1306
5153	1315
5154	1327
5155	1369
5156	1441
5157	1480
5158	1465
5159	1314
5160	1313
5161	1385
5162	1242
5163	1381
5164	1446
5165	1400
5166	1302
5167	1368
5168	1327
5169	1380
5170	1403
5171	1303
5172	1316
5173	1289
5174	1392
5175	1287
5176	1366
5177	1294
5178	1259
5179	1350
5180	1345
5181	1376
5182	1344
5183	1390
5184	1381
5185	1353
5186	1329
5187	1356
5188	1264
5189	1313
5190	1302
5191	1359
5192	1300
5193	1286
5194	1385
5195	1436
5196	1397
5197	1453
5198	1407
5199	1315
5200	1320
5201	1431
5202	1373
5203	1281
5204	1375
5205	1249
5206	1329
5207	1369
5208	1290
5209	1384
5210	1349
5211	1310
5212	1362
5213	1297
5214	1354
5215	1311
5216	1323
5217	1351
5218	1298
5219	1371
5220	1350
5221	1290
5222	1311
5223	1386
5224	1302
5225	1357
5226	1260
5227	1351
5228	1306
5229	1345
5230	1253
5231	1358
5232	1374
5233	1363
5234	1387
5235	1352
5236	1344
5237	1348
5238	1438
5239	1278
5240	1255
5241	1306
5242	1373
5243	1358
5244	1383
5245	1300
5246	1357
5247	1333
5248	1236
5249	1357
5250	1376
5251	1321
5252	1419
5253	1346
5254	1270
5255	1329
5256	1380
5257	1444
5258	1411
5259	1287
5260	1347
5261	1316
5262	1271
5263	1279
5264	1344
5265	1242
5266	1266
5267	1262
5268	1346
5269	1395
5270	1247
5271	1243
5272	1253
5273	1225
5274	1318
5275	1332
5276	1344
5277	1384
5278	1262
5279	1337
5280	1244
5281	1286
5282	1314
5283	1363
5284	1271
5285	1389
5286	1264
5287	1399
5288	1275
5289	1302
5290	1294
5291	1365
5292	1425
5293	1362
5294	1382
5295	1382
5296	1302
5297	1279
5298	1324
5299	1410
5300	1410
5301	1345
5302	1345
5303	1398
5304	1283
5305	1308
5306	1294
5307	1244
5308	1354
5309	1342
5310	1351
5311	1209
5312	1374
5313	1324
5314	1299
5315	1257
5316	1367
5317	1294
5318	1246
5319	1286
5320	1358
5321	1313
5322	1277
5323	1278
5324	1278
5325	1290
5326	1393
5327	1269
5328	1347
5329	1285
5330	1354
5331	1299
5332	1365
5333	1282
5334	1285
5335	1263
5336	1276
5337	1216
5338	1233
5339	1317
5340	1357
5341	1342
5342	1198
5343	1317
5344	1232
5345	1189
5346	1300
5347	1235
5348	1265
5349	1295
5350	1240
5351	1257
5352	1321
5353	1219
5354	1222
5355	1348
5356	1234
5357	1286
5358	1321
5359	1221
5360	1317
5361	1206
5362	1230
5363	1203
5364	1247
5365	1295
5366	1220
5367	1273
5368	1292
5369	1367
5370	1194
5371	1364
5372	1245
5373	1272
5374	1279
5375	1206
5376	1251
5377	1298
5378	1320
5379	1345
5380	1249
5381	1194
5382	1203
5383	1188
5384	1324
5385	1281
5386	1345
5387	1294
5388	1267
5389	1329
5390	1306
5391	1348
5392	1331
5393	1251
5394	1297
5395	1292
5396	1286
5397	1234
5398	1374
5399	1268
5400	1356
5401	1291
5402	1285
5403	1451
5404	1363
5405	1254
5406	1304
5407	1328
5408	1381
5409	1343
5410	1453
5411	1408
5412	1259
5413	1365
5414	1358
5415	1371
5416	1353
5417	1378
5418	1357
5419	1332
5420	1372
5421	1340
5422	1344
5423	1334
5424	1346
5425	1401
5426	1348
5427	1262
5428	1362
5429	1349
5430	1355
5431	1330
5432	1431
5433	1371
5434	1390
5435	1405
5436	1521
5437	1432
5438	1382
5439	1446
5440	1372
5441	1374
5442	1308
5443	1389
5444	1293
5445	1345
5446	1352
5447	1368
5448	1343
5449	1268
5450	1427
5451	1354
5452	1290
5453	1367
5454	1313
5455	1344
5456	1381
5457	1336
5458	1405
5459	1267
5460	1276
5461	1310
5462	1329
5463	1382
5464	1440
5465	1378
5466	1391
5467	1402
5468	1384
5469	1416
5470	1400
5471	1389
5472	1374
5473	1369
5474	1427
5475	1315
5476	1394
5477	1369
5478	1491
5479	1450
5480	1398
5481	1372
5482	1517
5483	1426
5484	1396
5485	1385
5486	1462
5487	1372
5488	1377
5489	1432
5490	1363
5491	1488
5492	1403
5493	1474
5494	1388
5495	1472
5496	1388
5497	1425
5498	1490
5499	1439
5500	1412
5501	1432
5502	1507
5503	1481
5504	1414
5505	1435
5506	1380
5507	1366
5508	1448
5509	1377
5510	1396
5511	1458
5512	1512
5513	1400
5514	1385
5515	1437
5516	1419
5517	1436
5518	1476
5519	1453
5520	1352
5521	1391
5522	1389
5523	1356
5524	1470
5525	1454
5526	1354
5527	1519
5528	1475
5529	1477
5530	1417
5531	1448
5532	1420
5533	1524
5534	1524
5535	1536
5536	1571
5537	1419
5538	1553
5539	1424
5540	1544
5541	1451
5542	1595
5543	1500
5544	1618
5545	1461
5546	1475
5547	1518
5548	1584
5549	1486
5550	1459
5551	1407
5552	1450
5553	1391
5554	1463
5555	1485
5556	1490
5557	1497
5558	1519
5559	1335
5560	1431
5561	1325
5562	1406
5563	1457
5564	1391
5565	1408
5566	1458
5567	1370
5568	1377
5569	1421
5570	1495
5571	1475
5572	1468
5573	1412
5574	1462
5575	1397
5576	1419
5577	1413
5578	1435
5579	1438
5580	1498
5581	1452
5582	1418
5583	1348
5584	1392
5585	1400
5586	1331
5587	1406
5588	1391
5589	1463
5590	1428
5591	1344
5592	1507
5593	1358
5594	1366
5595	1396
5596	1451
5597	1466
5598	1463
5599	1472
5600	1453
5601	1380
5602	1476
5603	1480
5604	1581
5605	1387
5606	1535
5607	1437
5608	1417
5609	1471
5610	1367
5611	1408
5612	1450
5613	1403
5614	1461
5615	1505
5616	1444
5617	1507
5618	1420
5619	1482
5620	1466
5621	1438
5622	1428
5623	1411
5624	1375
5625	1417
5626	1406
5627	1467
5628	1482
5629	1546
5630	1398
5631	1515
5632	1584
5633	1416
5634	1443
5635	1462
5636	1379
5637	1492
5638	1356
5639	1453
5640	1360
5641	1402
5642	1381
5643	1440
5644	1418
5645	1429
5646	1371
5647	1435
5648	1510
5649	1388
5650	1397
5651	1537
5652	1411
5653	1404
5654	1386
5655	1329
5656	1457
5657	1604
5658	1399
5659	1450
5660	1479
5661	1376
5662	1465
5663	1446
5664	1404
5665	1400
5666	1458
5667	1439
5668	1372
5669	1399
5670	1460
5671	1412
5672	1422
5673	1390
5674	1430
5675	1389
5676	1373
5677	1398
5678	1392
5679	1390
5680	1444
5681	1464
5682	1495
5683	1413
5684	1349
5685	1423
5686	1405
5687	1396
5688	1384
5689	1456
5690	1334
5691	1436
5692	1335
5693	1385
5694	1404
5695	1413
5696	1365
5697	1285
5698	1570
5699	1346
5700	1383
5701	1406
5702	1376
5703	1350
5704	1359
5705	1342
5706	1391
5707	1334
5708	1302
5709	1389
5710	1394
5711	1387
5712	1380
5713	1371
5714	1399
5715	1384
5716	1415
5717	1396
5718	1422
5719	1347
5720	1341
5721	1277
5722	1261
5723	1345
5724	1316
5725	1279
5726	1188
5727	1274
5728	1309
5729	1201
5730	1139
5731	1279
5732	1265
5733	1240
5734	1295
5735	1245
5736	1236
5737	1271
5738	1245
5739	1212
5740	1262
5741	1285
5742	1177
5743	1161
5744	1224
5745	1275
5746	1165
5747	1224
5748	1265
5749	1272
5750	1185
5751	1184
5752	1254
5753	1200
5754	1253
5755	1238
5756	1244
5757	1208
5758	1247
5759	1239
5760	1272
5761	1319
5762	1313
5763	1261
5764	1214
5765	1363
5766	1198
5767	1289
5768	1117
5769	1286
5770	1329
5771	1170
5772	1177
5773	1219
5774	1237
5775	1216
5776	1230
5777	1302
5778	1295
5779	1245
5780	1266
5781	1206
5782	1140
5783	1160
5784	1184
5785	1237
5786	1219
5787	1157
5788	1187
5789	1186
5790	1246
5791	1249
5792	1222
5793	1145
5794	1179
5795	1288
5796	1231
5797	1218
5798	1206
5799	1179
5800	1248
5801	1177
5802	1143
5803	1157
5804	1234
5805	1172
5806	1213
5807	1197
5808	1259
5809	1252
5810	1252
5811	1118
5812	1155
5813	1170
5814	1204
5815	1144
5816	1244
5817	1223
5818	1232
5819	1139
5820	1187
5821	1138
5822	1188
5823	1164
5824	1182
5825	1146
5826	1130
5827	1175
5828	1218
5829	1151
5830	1223
5831	1107
5832	1051
5833	1200
5834	1146
5835	1262
5836	1222
5837	1273
5838	1224
5839	1158
5840	1190
5841	1225
5842	1131
5843	1113
5844	1107
5845	1116
5846	1261
5847	1152
5848	1258
5849	1216
5850	1207
5851	1162
5852	1150
5853	1125
5854	1090
5855	1156
5856	1235
5857	1103
5858	1164
5859	1195
5860	1099
5861	1142
5862	1217
5863	1121
5864	1124
5865	1140
5866	1095
5867	1111
5868	1232
5869	1122
5870	1091
5871	1105
5872	1259
5873	1206
5874	1124
5875	1168
5876	1129
5877	1202
5878	1168
5879	1070
5880	1256
5881	1138
5882	1182
5883	1160
5884	1208
5885	1245
5886	1154
5887	1114
5888	1174
5889	1140
5890	1233
5891	1208
5892	1077
5893	1267
5894	1175
5895	1216
5896	1130
5897	1153
5898	1117
5899	1104
5900	1164
5901	1173
5902	1110
5903	1101
5904	1082
5905	1127
5906	1157
5907	1165
5908	1138
5909	1148
5910	1076
5911	1135
5912	1134
5913	1096
5914	1201
5915	1170
5916	1130
5917	1168
5918	1138
5919	1131
5920	1119
5921	1152
5922	1107
5923	1076
5924	1132
5925	1104
5926	1184
5927	1152
5928	1180
5929	1142
5930	1170
5931	1094
5932	1223
5933	1194
5934	1138
5935	1080
5936	1181
5937	1083
5938	1093
5939	1122
5940	1116
5941	1119
5942	1140
5943	1211
5944	1232
5945	1257
5946	1235
5947	1168
5948	1181
5949	1152
5950	1178
5951	1232
5952	1138
5953	1197
5954	1194
5955	1094
5956	1121
5957	1096
5958	1119
5959	1187
5960	1144
5961	1133
5962	1259
5963	1216
5964	1230
5965	1125
5966	1226
5967	1158
5968	1203
5969	1155
5970	1188
5971	1161
5972	1228
5973	1214
5974	1181
5975	1173
5976	1165
5977	1070
5978	1193
5979	1248
5980	1200
5981	1225
5982	1113
5983	1253
5984	1132
5985	1195
5986	1145
5987	1280
5988	1144
5989	1219
5990	1147
5991	1164
5992	1203
5993	1117
5994	1161
5995	1223
5996	1214
5997	1207
5998	1144
5999	1206
6000	1197
6001	1271
6002	1213
6003	1202
6004	1165
6005	1166
6006	1176
6007	1149
6008	1160
6009	1133
6010	1203
6011	1155
6012	1189
6013	1216
6014	1135
6015	1124
6016	1215
6017	1124
6018	1150
6019	1201
6020	1235
6021	1119
6022	1166
6023	1164
6024	1161
6025	1164
6026	1194
6027	1200
6028	1128
6029	1208
6030	1172
6031	1180
6032	1233
6033	1203
6034	1177
6035	1103
6036	1209
6037	1167
6038	1113
6039	1186
6040	1125
6041	1152
6042	1128
6043	1141
6044	1164
6045	1178
6046	1129
6047	1113
6048	1156
6049	1182
6050	1121
6051	1107
6052	1216
6053	1191
6054	1104
6055	1154
6056	1168
6057	1029
6058	1125
6059	1186
6060	1162
6061	1139
6062	1017
6063	1037
6064	1164
6065	1089
6066	1154
6067	1109
6068	1091
6069	1177
6070	1093
6071	1083
6072	1103
6073	1145
6074	1112
6075	1124
6076	1014
6077	1069
6078	1019
6079	1091
6080	1058
6081	1111
6082	1069
6083	1101
6084	1122
6085	1130
6086	1138
6087	1120
6088	1138
6089	1119
6090	1108
6091	1125
6092	1131
6093	1070
6094	1155
6095	1149
6096	1141
6097	1150
6098	1113
6099	1099
6100	1128
6101	1123
6102	1168
6103	1166
6104	1168
6105	1126
6106	1188
6107	1154
6108	1253
6109	1067
6110	1158
6111	1147
6112	1169
6113	1174
6114	1105
6115	1070
6116	1152
6117	1075
6118	1205
6119	1184
6120	1166
6121	1034
6122	1129
6123	1146
6124	1168
6125	1235
6126	1110
6127	1187
6128	1219
6129	1072
6130	1195
6131	1139
6132	1170
6133	1213
6134	1169
6135	1148
6136	1099
6137	1194
6138	1139
6139	1174
6140	1067
6141	1018
6142	1096
6143	1134
6144	1104
6145	1077
6146	1079
6147	1072
6148	1043
6149	1072
6150	1136
6151	1136
6152	1157
6153	1135
6154	1026
6155	1029
6156	1091
6157	1044
6158	997
6159	1040
6160	1014
6161	1047
6162	1090
6163	1047
6164	1071
6165	960
6166	1014
6167	1066
6168	981
6169	1033
6170	1051
6171	1007
6172	1019
6173	1069
6174	1044
6175	1069
6176	993
6177	1001
6178	1064
6179	1006
6180	983
6181	1024
6182	973
6183	1095
6184	1017
6185	1033
6186	1056
6187	1143
6188	1044
6189	1016
6190	1071
6191	1073
6192	939
6193	1074
6194	1041
6195	1027
6196	1029
6197	994
6198	1007
6199	1036
6200	997
6201	1020
6202	1028
6203	884
6204	982
6205	984
6206	995
6207	1022
6208	1013
6209	1008
6210	1016
6211	1072
6212	1036
6213	933
6214	1046
6215	1001
6216	1043
6217	1021
6218	942
6219	999
6220	1035
6221	1031
6222	1056
6223	987
6224	1015
6225	940
6226	1028
6227	964
6228	1077
6229	1096
6230	1009
6231	1022
6232	1009
6233	964
6234	968
6235	1040
6236	945
6237	911
6238	959
6239	1008
6240	1076
6241	1028
6242	1024
6243	1105
6244	1015
6245	1057
6246	1051
6247	969
6248	987
6249	985
6250	1037
6251	1081
6252	1012
6253	1030
6254	1070
6255	1039
6256	1069
6257	1078
6258	1021
6259	1050
6260	1078
6261	1108
6262	1069
6263	1073
6264	1050
6265	1093
6266	1094
6267	959
6268	1054
6269	1047
6270	1092
6271	999
6272	1104
6273	1017
6274	1115
6275	1069
6276	1021
6277	1057
6278	1075
6279	1042
6280	1048
6281	1136
6282	1044
6283	1039
6284	1025
6285	1086
6286	1092
6287	1052
6288	957
6289	1108
6290	1084
6291	1058
6292	1143
6293	1046
6294	1127
6295	1009
6296	1062
6297	1041
6298	1160
6299	1139
6300	1046
6301	1071
6302	1085
6303	1117
6304	1097
6305	967
6306	1050
6307	1133
6308	1051
6309	1082
6310	1100
6311	1099
6312	1046
6313	1121
6314	1139
6315	1083
6316	1131
6317	1096
6318	1168
6319	1046
6320	1129
6321	1078
6322	1037
6323	1115
6324	1062
6325	1174
6326	1097
6327	1073
6328	1177
6329	1138
6330	1073
6331	1139
6332	1201
6333	1031
6334	1104
6335	1193
6336	1190
6337	1176
6338	1164
6339	1082
6340	1136
6341	1087
6342	1096
6343	1143
6344	1113
6345	1170
6346	1013
6347	1101
6348	1151
6349	1087
6350	1177
6351	1130
6352	1132
6353	1264
6354	1181
6355	1152
6356	1116
6357	1156
6358	1118
6359	1065
6360	1141
6361	1063
6362	1155
6363	1122
6364	1076
6365	1042
6366	1072
6367	1090
6368	1127
6369	1053
6370	1094
6371	1072
6372	1185
6373	1085
6374	1126
6375	1087
6376	1062
6377	1051
6378	1167
6379	1013
6380	1178
6381	1046
6382	1095
6383	1030
6384	1120
6385	1184
6386	1134
6387	1149
6388	1174
6389	1108
6390	1143
6391	1152
6392	1199
6393	1091
6394	1084
6395	1099
6396	1101
6397	1132
6398	1036
6399	1063
6400	1081
6401	1036
6402	1129
6403	1106
6404	1184
6405	1054
6406	1048
6407	1190
6408	1098
6409	1074
6410	1188
6411	1153
6412	1106
6413	1182
6414	1089
6415	1116
6416	1081
6417	1033
6418	1056
6419	1117
6420	1109
6421	1113
6422	1010
6423	1134
6424	1137
6425	1066
6426	1095
6427	1238
6428	1061
6429	1215
6430	1060
6431	1088
6432	1054
6433	1077
6434	1189
6435	1040
6436	1066
6437	1184
6438	1136
6439	1143
6440	1122
6441	1112
6442	1119
6443	1081
6444	1149
6445	1023
6446	1061
6447	1119
6448	1163
6449	1184
6450	1118
6451	1071
6452	1084
6453	1151
6454	1178
6455	1199
6456	1072
6457	1087
6458	1131
6459	1158
6460	1079
6461	1112
6462	1203
6463	1186
6464	1149
6465	1125
6466	1140
6467	1090
6468	1053
6469	1120
6470	1182
6471	1139
6472	1114
6473	1081
6474	1038
6475	1131
6476	1155
6477	1044
6478	1097
6479	1101
6480	1210
6481	1131
6482	1174
6483	1121
6484	1128
6485	1096
6486	1161
6487	1046
6488	1174
6489	1185
6490	1164
6491	1154
6492	1130
6493	1101
6494	1110
6495	1179
6496	1160
6497	1170
6498	1094
6499	1188
6500	1172
6501	1205
6502	1189
6503	1128
6504	1131
6505	1161
6506	1242
6507	1276
6508	1145
6509	1184
6510	1217
6511	1193
6512	1224
6513	1303
6514	1172
6515	1235
6516	1259
6517	1207
6518	1151
6519	1210
6520	1157
6521	1157
6522	1269
6523	1216
6524	1144
6525	1127
6526	1201
6527	1201
6528	1244
6529	1145
6530	1168
6531	1142
6532	1013
6533	1158
6534	1145
6535	1158
6536	1212
6537	1138
6538	1229
6539	1238
6540	1295
6541	1167
6542	1225
6543	1300
6544	1149
6545	1202
6546	1217
6547	1226
6548	1210
6549	1084
6550	1085
6551	1120
6552	1187
6553	1278
6554	1184
6555	1266
6556	1254
6557	1185
6558	1220
6559	1224
6560	1188
6561	1032
6562	1108
6563	1160
6564	1068
6565	1040
6566	1125
6567	1105
6568	1082
6569	1157
6570	1148
6571	1174
6572	1212
6573	1249
6574	1228
6575	1057
6576	1097
6577	1150
6578	1227
6579	1070
6580	1125
6581	1200
6582	1109
6583	1187
6584	1041
6585	1119
6586	1082
6587	1052
6588	1156
6589	1163
6590	1070
6591	988
6592	993
6593	1193
6594	1097
6595	1103
6596	1137
6597	1109
6598	1039
6599	990
6600	1168
6601	1101
6602	1090
6603	1088
6604	1060
6605	1051
6606	1052
6607	1022
6608	995
6609	1142
6610	1044
6611	1012
6612	1123
6613	1002
6614	1038
6615	938
6616	1031
6617	1083
6618	1001
6619	1067
6620	1084
6621	1080
6622	1031
6623	1144
6624	1063
6625	1033
6626	1046
6627	997
6628	1076
6629	1044
6630	1024
6631	1077
6632	1008
6633	1021
6634	924
6635	973
6636	924
6637	902
6638	1043
6639	940
6640	933
6641	974
6642	964
6643	971
6644	990
6645	924
6646	1032
6647	925
6648	993
6649	1060
6650	971
6651	880
6652	954
6653	927
6654	1011
6655	991
6656	979
6657	938
6658	972
6659	1003
6660	996
6661	979
6662	988
6663	874
6664	932
6665	958
6666	952
6667	1009
6668	939
6669	987
6670	879
6671	902
6672	945
6673	983
6674	906
6675	941
6676	991
6677	939
6678	934
6679	924
6680	966
6681	918
6682	871
6683	984
6684	886
6685	943
6686	897
6687	972
6688	925
6689	889
6690	852
6691	974
6692	952
6693	940
6694	962
6695	917
6696	961
6697	936
6698	927
6699	881
6700	924
6701	1001
6702	860
6703	918
6704	980
6705	894
6706	879
6707	935
6708	895
6709	937
6710	884
6711	924
6712	915
6713	927
6714	955
6715	923
6716	970
6717	900
6718	895
6719	955
6720	941
6721	828
6722	991
6723	963
6724	951
6725	938
6726	911
6727	959
6728	897

