## htsjdk.samtools.metrics.StringHeader
# CollectInsertSizeMetrics HISTOGRAM_FILE=/work/ugbogu/pipeline/data/nbl/GSE189367/results/picard/SRR17010988_insert_size_histogram.pdf MINIMUM_PCT=0.5 INPUT=/work/ugbogu/pipeline/data/nbl/GSE189367/results/star/SRR17010988.Aligned.sortedByCoord.out.bam OUTPUT=/work/ugbogu/pipeline/data/nbl/GSE189367/results/picard/SRR17010988_insert_size_metrics.txt    DEVIATIONS=10.0 METRIC_ACCUMULATION_LEVEL=[ALL_READS] INCLUDE_DUPLICATES=false ASSUME_SORTED=true STOP_AFTER=0 VERBOSITY=INFO QUIET=false VALIDATION_STRINGENCY=STRICT COMPRESSION_LEVEL=5 MAX_RECORDS_IN_RAM=500000 CREATE_INDEX=false CREATE_MD5_FILE=false USE_JDK_DEFLATER=false USE_JDK_INFLATER=false
## htsjdk.samtools.metrics.StringHeader
# Started on: Sun Apr 12 07:05:58 UTC 2026

## METRICS CLASS	picard.analysis.InsertSizeMetrics
MEDIAN_INSERT_SIZE	MODE_INSERT_SIZE	MEDIAN_ABSOLUTE_DEVIATION	MIN_INSERT_SIZE	MAX_INSERT_SIZE	MEAN_INSERT_SIZE	STANDARD_DEVIATION	READ_PAIRS	PAIR_ORIENTATION	WIDTH_OF_10_PERCENT	WIDTH_OF_20_PERCENT	WIDTH_OF_30_PERCENT	WIDTH_OF_40_PERCENT	WIDTH_OF_50_PERCENT	WIDTH_OF_60_PERCENT	WIDTH_OF_70_PERCENT	WIDTH_OF_80_PERCENT	WIDTH_OF_90_PERCENT	WIDTH_OF_95_PERCENT	WIDTH_OF_99_PERCENT	SAMPLE	LIBRARY	READ_GROUP
720	136	589	24	2590674	1216.078218	1545.023918	33079872	FR	555	895	1037	1119	1179	1467	3753	8135	21663	56899	156641			

## HISTOGRAM	java.lang.Integer
insert_size	All_Reads.fr_count
24	3
26	1
28	2
29	3
30	2
31	2
32	3
33	18
34	46
35	320
36	369
37	346
38	329
39	406
40	459
41	399
42	402
43	434
44	404
45	397
46	407
47	544
48	597
49	656
50	603
51	584
52	644
53	688
54	654
55	754
56	795
57	869
58	1009
59	1105
60	1162
61	1264
62	1344
63	1438
64	1409
65	1578
66	1784
67	2136
68	2317
69	2561
70	2670
71	3137
72	3069
73	3789
74	4186
75	9089
76	5582
77	5529
78	7239
79	6797
80	6768
81	7965
82	8358
83	9419
84	10001
85	9947
86	10790
87	11468
88	12664
89	13769
90	15206
91	16909
92	18733
93	20356
94	22170
95	23880
96	25877
97	28550
98	31138
99	33525
100	35370
101	37839
102	39978
103	42544
104	46539
105	49914
106	53475
107	55398
108	57644
109	61657
110	64075
111	65742
112	68402
113	71437
114	73743
115	76806
116	79789
117	82578
118	86925
119	88026
120	89792
121	93386
122	94860
123	98204
124	101806
125	100620
126	99467
127	102296
128	101945
129	103399
130	105601
131	106620
132	106127
133	109707
134	109992
135	108809
136	111120
137	109957
138	109508
139	109621
140	110709
141	109849
142	108546
143	108112
144	108499
145	109179
146	105668
147	105608
148	105793
149	105166
150	102116
151	105984
152	103968
153	102928
154	102535
155	101973
156	101589
157	99726
158	98877
159	97533
160	97316
161	95477
162	95207
163	93129
164	92094
165	90965
166	90131
167	89394
168	88954
169	87961
170	88065
171	85916
172	85103
173	84234
174	82573
175	81692
176	80528
177	79576
178	79764
179	78374
180	77285
181	76669
182	75515
183	74076
184	72830
185	71901
186	71312
187	71684
188	71000
189	69114
190	68807
191	68453
192	67026
193	65614
194	65662
195	63139
196	63250
197	63052
198	62628
199	61163
200	61199
201	60636
202	59850
203	59659
204	58744
205	57670
206	56764
207	56159
208	55629
209	55653
210	54502
211	54005
212	53882
213	52974
214	52713
215	52469
216	51180
217	50997
218	50196
219	49493
220	49472
221	48990
222	48034
223	47575
224	47332
225	46185
226	46350
227	46647
228	45368
229	45125
230	45435
231	44257
232	44148
233	43975
234	43194
235	42505
236	42212
237	41812
238	40844
239	40420
240	39185
241	40000
242	40005
243	38904
244	38759
245	37770
246	37136
247	37246
248	36748
249	35787
250	35880
251	35577
252	35499
253	34707
254	34412
255	34253
256	33776
257	33618
258	33391
259	32784
260	32757
261	32813
262	32257
263	31543
264	31323
265	30776
266	30642
267	30071
268	30201
269	29852
270	29281
271	29476
272	29398
273	29311
274	28842
275	28495
276	27835
277	27411
278	27405
279	27120
280	26921
281	26325
282	26421
283	25859
284	26068
285	25499
286	25540
287	24316
288	24595
289	24551
290	24248
291	23791
292	23949
293	23511
294	23600
295	23607
296	22576
297	22481
298	22145
299	22004
300	21734
301	21690
302	21451
303	21058
304	21346
305	20852
306	20694
307	20676
308	20486
309	20401
310	20137
311	19901
312	19685
313	19683
314	19248
315	19085
316	18465
317	18664
318	18523
319	18722
320	18489
321	18296
322	17541
323	17954
324	18109
325	17310
326	17327
327	17064
328	17058
329	17219
330	16618
331	16617
332	16761
333	16190
334	16391
335	16411
336	15997
337	16044
338	15481
339	15535
340	15689
341	15494
342	15204
343	15581
344	15069
345	15032
346	14737
347	14908
348	14713
349	14401
350	14624
351	14172
352	14176
353	14355
354	13927
355	14163
356	13815
357	13830
358	13716
359	13506
360	13887
361	13741
362	13378
363	13098
364	13150
365	12818
366	13042
367	13189
368	13114
369	12749
370	12402
371	12448
372	12491
373	12311
374	12066
375	11790
376	12033
377	12132
378	11890
379	11925
380	11765
381	11849
382	11477
383	11397
384	11524
385	11428
386	11644
387	11283
388	10990
389	10785
390	11302
391	11303
392	10681
393	11032
394	10940
395	10797
396	10354
397	10848
398	10584
399	10573
400	10598
401	10409
402	10420
403	10206
404	10266
405	10216
406	10308
407	9953
408	9884
409	9941
410	10149
411	9800
412	9669
413	9596
414	9632
415	9183
416	9550
417	9473
418	9585
419	9979
420	9616
421	9194
422	9277
423	9070
424	9183
425	9206
426	9250
427	9154
428	9030
429	9148
430	9156
431	8854
432	8849
433	8953
434	8741
435	8706
436	8895
437	8935
438	8763
439	8811
440	9018
441	8780
442	8516
443	8768
444	8648
445	8686
446	8567
447	8582
448	8334
449	8700
450	8579
451	8406
452	8395
453	8324
454	8649
455	8307
456	8119
457	8169
458	8256
459	8234
460	8132
461	7945
462	8206
463	8019
464	7742
465	7758
466	7833
467	7868
468	7733
469	7742
470	7855
471	7708
472	7602
473	7726
474	7872
475	7357
476	7258
477	7844
478	7616
479	7508
480	7352
481	7295
482	7389
483	7526
484	7534
485	7276
486	7359
487	7450
488	7225
489	7440
490	7149
491	7264
492	7392
493	7233
494	7256
495	7340
496	7340
497	7279
498	7168
499	7502
500	7129
501	7186
502	7044
503	7108
504	7255
505	7157
506	7025
507	7399
508	7266
509	7237
510	7121
511	7053
512	7199
513	7159
514	7109
515	7036
516	6913
517	6853
518	7057
519	7155
520	7055
521	7220
522	7188
523	7026
524	6792
525	6918
526	7105
527	6801
528	7208
529	7001
530	7155
531	6791
532	7037
533	7119
534	7019
535	7023
536	7012
537	7039
538	6819
539	7445
540	7138
541	6908
542	6802
543	7016
544	7110
545	6989
546	7073
547	6621
548	6471
549	6623
550	6978
551	6595
552	7149
553	6881
554	6853
555	6857
556	6724
557	6828
558	6755
559	6940
560	6570
561	6593
562	6890
563	6947
564	6813
565	6682
566	6628
567	6618
568	6903
569	6684
570	6869
571	6610
572	6351
573	6556
574	6585
575	6700
576	6560
577	6847
578	6716
579	6850
580	6586
581	7087
582	6616
583	6997
584	6672
585	6802
586	6564
587	6727
588	6554
589	6652
590	6544
591	6640
592	6533
593	6748
594	6304
595	6468
596	6206
597	6590
598	6435
599	6615
600	6798
601	6480
602	6438
603	6429
604	6275
605	6203
606	6320
607	6507
608	6319
609	6304
610	6152
611	6421
612	6297
613	6294
614	6501
615	6329
616	6223
617	6483
618	6326
619	6106
620	6327
621	6290
622	6042
623	6168
624	6162
625	6359
626	6281
627	6362
628	5862
629	5953
630	6168
631	5842
632	5994
633	6167
634	6318
635	6128
636	6204
637	6188
638	6322
639	6311
640	5956
641	6173
642	6124
643	6133
644	5928
645	6194
646	6064
647	6128
648	5951
649	6302
650	5676
651	5995
652	5949
653	5927
654	5860
655	6133
656	5819
657	5994
658	5855
659	6184
660	6185
661	6111
662	5825
663	5964
664	6214
665	6204
666	5735
667	5903
668	5827
669	6075
670	6160
671	5965
672	5994
673	5830
674	5939
675	5591
676	6011
677	5871
678	6172
679	5753
680	6034
681	5632
682	6011
683	5793
684	5864
685	5989
686	5728
687	5678
688	5766
689	5756
690	5779
691	5847
692	6154
693	5982
694	5949
695	5936
696	6031
697	6048
698	5861
699	5930
700	5870
701	5903
702	5846
703	6022
704	5910
705	5863
706	5862
707	5660
708	5819
709	5797
710	5748
711	5816
712	5740
713	5950
714	5856
715	5904
716	5771
717	5705
718	5867
719	5760
720	5869
721	5759
722	5941
723	5968
724	5987
725	5649
726	5643
727	5744
728	5770
729	5897
730	5579
731	5909
732	5702
733	5993
734	6003
735	5878
736	5968
737	5766
738	5867
739	5667
740	5691
741	5602
742	5695
743	5790
744	5782
745	5772
746	5500
747	5681
748	5489
749	5701
750	5694
751	5544
752	5541
753	5631
754	5512
755	5652
756	5327
757	5598
758	5684
759	5785
760	5552
761	5703
762	5758
763	5509
764	5787
765	5500
766	5670
767	5676
768	5617
769	5658
770	5583
771	5703
772	5634
773	5740
774	5648
775	5494
776	5385
777	5616
778	5578
779	5494
780	5632
781	5440
782	5717
783	5247
784	5594
785	5522
786	5574
787	5414
788	5551
789	5336
790	5519
791	5557
792	5393
793	5425
794	5621
795	5459
796	5595
797	5342
798	5539
799	5426
800	5489
801	5546
802	5478
803	5296
804	5497
805	5277
806	5577
807	5291
808	5479
809	5142
810	5416
811	5204
812	5365
813	5286
814	5619
815	5404
816	5305
817	5459
818	5166
819	5535
820	5338
821	5233
822	5344
823	5225
824	5446
825	5333
826	5434
827	5285
828	5454
829	5471
830	5327
831	5294
832	5190
833	5214
834	5242
835	5233
836	5546
837	5395
838	5175
839	5406
840	4946
841	5274
842	5000
843	5337
844	5372
845	5208
846	5462
847	5142
848	5270
849	5148
850	5235
851	5200
852	5315
853	5172
854	5223
855	5161
856	5191
857	5259
858	5212
859	5263
860	5244
861	5202
862	5221
863	5218
864	5317
865	5097
866	5273
867	5178
868	5157
869	5289
870	5134
871	5341
872	5224
873	5164
874	5126
875	5260
876	5352
877	5358
878	4922
879	5235
880	5170
881	5097
882	5191
883	5060
884	5199
885	5049
886	4965
887	5230
888	5250
889	5351
890	5264
891	5174
892	5183
893	5077
894	5078
895	4987
896	4969
897	5085
898	5082
899	4939
900	5071
901	4892
902	5123
903	5035
904	5027
905	4864
906	5070
907	5303
908	5016
909	5093
910	5099
911	4968
912	4958
913	5053
914	4988
915	4914
916	5094
917	5141
918	5081
919	5063
920	4906
921	5182
922	5135
923	5306
924	4994
925	5159
926	5203
927	5211
928	4756
929	5150
930	5262
931	5041
932	5026
933	5080
934	4978
935	5054
936	4890
937	5082
938	4978
939	5090
940	4970
941	4874
942	4870
943	5043
944	5022
945	4853
946	4974
947	5015
948	4924
949	4922
950	5024
951	4861
952	5045
953	5027
954	4812
955	5054
956	4813
957	4822
958	4634
959	4820
960	4754
961	4965
962	4757
963	4631
964	4646
965	5015
966	4969
967	4769
968	4581
969	4759
970	4738
971	4777
972	4938
973	4820
974	4975
975	4993
976	5028
977	5026
978	4994
979	4773
980	4702
981	4898
982	4652
983	4673
984	4704
985	4848
986	4757
987	4676
988	4720
989	4922
990	4779
991	4521
992	4845
993	4815
994	4952
995	4692
996	4620
997	4653
998	4869
999	4820
1000	4739
1001	4638
1002	4669
1003	4610
1004	4488
1005	4596
1006	4543
1007	4759
1008	4467
1009	4487
1010	4575
1011	4521
1012	4556
1013	4505
1014	4954
1015	4548
1016	4711
1017	4602
1018	4395
1019	4782
1020	4544
1021	4565
1022	4518
1023	4586
1024	4651
1025	4502
1026	4607
1027	4426
1028	4483
1029	4434
1030	4469
1031	4442
1032	4590
1033	4280
1034	4507
1035	4354
1036	4504
1037	4439
1038	4414
1039	4431
1040	4159
1041	4372
1042	4475
1043	4181
1044	4522
1045	4470
1046	4406
1047	4506
1048	4440
1049	4419
1050	4517
1051	4358
1052	4518
1053	4399
1054	4545
1055	4460
1056	4108
1057	4545
1058	4352
1059	4432
1060	4389
1061	4331
1062	4401
1063	4283
1064	4397
1065	4494
1066	4473
1067	4495
1068	4328
1069	4230
1070	4336
1071	4272
1072	4219
1073	4193
1074	4228
1075	4415
1076	4345
1077	4273
1078	4264
1079	4361
1080	4275
1081	4157
1082	4370
1083	4303
1084	4270
1085	4488
1086	4117
1087	4161
1088	4309
1089	4240
1090	4040
1091	4216
1092	4220
1093	3996
1094	4229
1095	4345
1096	4198
1097	4273
1098	4021
1099	4044
1100	4031
1101	4290
1102	4051
1103	4139
1104	4013
1105	4052
1106	4064
1107	4162
1108	4047
1109	4337
1110	4177
1111	4285
1112	4220
1113	4291
1114	4201
1115	4128
1116	4214
1117	4166
1118	4152
1119	4017
1120	4096
1121	4130
1122	4060
1123	4177
1124	4238
1125	4135
1126	4011
1127	3971
1128	4098
1129	4161
1130	4108
1131	4092
1132	4217
1133	4240
1134	4197
1135	3948
1136	4106
1137	4037
1138	4172
1139	3958
1140	4057
1141	4128
1142	4260
1143	4324
1144	4210
1145	4129
1146	4240
1147	4199
1148	4147
1149	3921
1150	4110
1151	4132
1152	4245
1153	4186
1154	4277
1155	4132
1156	4173
1157	4359
1158	4288
1159	4166
1160	4290
1161	4206
1162	4160
1163	4091
1164	4048
1165	4197
1166	4387
1167	4137
1168	4280
1169	4084
1170	4168
1171	4111
1172	3910
1173	4197
1174	4223
1175	4073
1176	4041
1177	4284
1178	4178
1179	4226
1180	4244
1181	4054
1182	4113
1183	4070
1184	4079
1185	4109
1186	4197
1187	4117
1188	4101
1189	4066
1190	3964
1191	4092
1192	4128
1193	4172
1194	4133
1195	4059
1196	4179
1197	4272
1198	4191
1199	4003
1200	4222
1201	4205
1202	3990
1203	4169
1204	4108
1205	4250
1206	4280
1207	4092
1208	4179
1209	4287
1210	4078
1211	4249
1212	4080
1213	4179
1214	4396
1215	4206
1216	4101
1217	4222
1218	4112
1219	4072
1220	4067
1221	4159
1222	4299
1223	4061
1224	4216
1225	4463
1226	4344
1227	4378
1228	4279
1229	4197
1230	4217
1231	4178
1232	4143
1233	4207
1234	4099
1235	4270
1236	4204
1237	4074
1238	4163
1239	4274
1240	4192
1241	4158
1242	4190
1243	4240
1244	3993
1245	4242
1246	4123
1247	3963
1248	4159
1249	4187
1250	4180
1251	4222
1252	4130
1253	4304
1254	4309
1255	4491
1256	4266
1257	4444
1258	4579
1259	4105
1260	4246
1261	4340
1262	4237
1263	4365
1264	4383
1265	4533
1266	4455
1267	4773
1268	4462
1269	4497
1270	4198
1271	4198
1272	4178
1273	4128
1274	4177
1275	4334
1276	4060
1277	4060
1278	3879
1279	4246
1280	4082
1281	4172
1282	4162
1283	4017
1284	3939
1285	4083
1286	3978
1287	4147
1288	4031
1289	4180
1290	4066
1291	4229
1292	4092
1293	3920
1294	4092
1295	4016
1296	4018
1297	4008
1298	4045
1299	4086
1300	3833
1301	4208
1302	3968
1303	4053
1304	4033
1305	4142
1306	4054
1307	3911
1308	4000
1309	4081
1310	4116
1311	3834
1312	3877
1313	3905
1314	3898
1315	3871
1316	3867
1317	3918
1318	3996
1319	3924
1320	4024
1321	3983
1322	3861
1323	3975
1324	4005
1325	3752
1326	3846
1327	4067
1328	3876
1329	3884
1330	3641
1331	4036
1332	3852
1333	3746
1334	3819
1335	3889
1336	3645
1337	3850
1338	3618
1339	3813
1340	3954
1341	3838
1342	3679
1343	3890
1344	3843
1345	3790
1346	3610
1347	3740
1348	3721
1349	3792
1350	3799
1351	3713
1352	3693
1353	3861
1354	3618
1355	3572
1356	3761
1357	3905
1358	3656
1359	3597
1360	3711
1361	3738
1362	3811
1363	3728
1364	3735
1365	3624
1366	3613
1367	3682
1368	3739
1369	3634
1370	3700
1371	3823
1372	3843
1373	3798
1374	3635
1375	3666
1376	3711
1377	3684
1378	3696
1379	3528
1380	3625
1381	3636
1382	3646
1383	3670
1384	3691
1385	3724
1386	3599
1387	3656
1388	3802
1389	3509
1390	3621
1391	3574
1392	3460
1393	3751
1394	3512
1395	3758
1396	3424
1397	3647
1398	3518
1399	3687
1400	3540
1401	3415
1402	3636
1403	3574
1404	3663
1405	3492
1406	3455
1407	3634
1408	3513
1409	3481
1410	3424
1411	3707
1412	3511
1413	3606
1414	3649
1415	3506
1416	3535
1417	3647
1418	3448
1419	3475
1420	3414
1421	3505
1422	3483
1423	3612
1424	3553
1425	3354
1426	3478
1427	3512
1428	3533
1429	3557
1430	3557
1431	3493
1432	3485
1433	3516
1434	3417
1435	3627
1436	3571
1437	3517
1438	3611
1439	3516
1440	3472
1441	3427
1442	3441
1443	3480
1444	3571
1445	3554
1446	3497
1447	3499
1448	3817
1449	3425
1450	3433
1451	3566
1452	3634
1453	3654
1454	3610
1455	3675
1456	3340
1457	3638
1458	3605
1459	3525
1460	3653
1461	3702
1462	3521
1463	3571
1464	3479
1465	3447
1466	3478
1467	3508
1468	3596
1469	3514
1470	3616
1471	3638
1472	3573
1473	3647
1474	3660
1475	3513
1476	3521
1477	3500
1478	3716
1479	3458
1480	3668
1481	3487
1482	3423
1483	3487
1484	3493
1485	3586
1486	3534
1487	3383
1488	3571
1489	3516
1490	3687
1491	3703
1492	3887
1493	3623
1494	3623
1495	3676
1496	3655
1497	3648
1498	3591
1499	3815
1500	3877
1501	3875
1502	3855
1503	3580
1504	3618
1505	3781
1506	3981
1507	3872
1508	3866
1509	3809
1510	3958
1511	3717
1512	3634
1513	3746
1514	3915
1515	3854
1516	3670
1517	3799
1518	3567
1519	3732
1520	3608
1521	3814
1522	3484
1523	3916
1524	3861
1525	3856
1526	3690
1527	3845
1528	3571
1529	3712
1530	3705
1531	3788
1532	3665
1533	3750
1534	3838
1535	3714
1536	3712
1537	3801
1538	3662
1539	3876
1540	3959
1541	3809
1542	3796
1543	3502
1544	3847
1545	3902
1546	3632
1547	3797
1548	3741
1549	3829
1550	3706
1551	3842
1552	3816
1553	3836
1554	3915
1555	3695
1556	3998
1557	4144
1558	4018
1559	3831
1560	3566
1561	3597
1562	3602
1563	3779
1564	3892
1565	3715
1566	3554
1567	3666
1568	3602
1569	3992
1570	3594
1571	3679
1572	3901
1573	3732
1574	3938
1575	3850
1576	3746
1577	3411
1578	3620
1579	3540
1580	3598
1581	3691
1582	3996
1583	3778
1584	3683
1585	4049
1586	3917
1587	3740
1588	3723
1589	3583
1590	3630
1591	3661
1592	3774
1593	3784
1594	3773
1595	3622
1596	3576
1597	3523
1598	3513
1599	3731
1600	3508
1601	3471
1602	3551
1603	3765
1604	3707
1605	3703
1606	3679
1607	3705
1608	3642
1609	3520
1610	3429
1611	3340
1612	3381
1613	3394
1614	3552
1615	3578
1616	3495
1617	3438
1618	3278
1619	3437
1620	3483
1621	3539
1622	3396
1623	3425
1624	3712
1625	3566
1626	3597
1627	3496
1628	3441
1629	3599
1630	3624
1631	3516
1632	3327
1633	3278
1634	3478
1635	3480
1636	3344
1637	3594
1638	3288
1639	3500
1640	3717
1641	3629
1642	3401
1643	3354
1644	3353
1645	3464
1646	3549
1647	3346
1648	3371
1649	3453
1650	3341
1651	3547
1652	3458
1653	3514
1654	3422
1655	3362
1656	3346
1657	3325
1658	3487
1659	3389
1660	3627
1661	3301
1662	3506
1663	3395
1664	3416
1665	3350
1666	3584
1667	3734
1668	3565
1669	3638
1670	3464
1671	3451
1672	3638
1673	3374
1674	3627
1675	3442
1676	3481
1677	3487
1678	3648
1679	3630
1680	3576
1681	3393
1682	3408
1683	3490
1684	3369
1685	3321
1686	3375
1687	3433
1688	3278
1689	3279
1690	3394
1691	3413
1692	3352
1693	3368
1694	3552
1695	3361
1696	3461
1697	3527
1698	3453
1699	3325
1700	3382
1701	3221
1702	3478
1703	3507
1704	3394
1705	3244
1706	3465
1707	3564
1708	3420
1709	3625
1710	3495
1711	3458
1712	3590
1713	3495
1714	3616
1715	3532
1716	3492
1717	3496
1718	3564
1719	3573
1720	3288
1721	3296
1722	3451
1723	3482
1724	3194
1725	3369
1726	3422
1727	3521
1728	3643
1729	3501
1730	3581
1731	3603
1732	3481
1733	3512
1734	3411
1735	3585
1736	3560
1737	3166
1738	3420
1739	3475
1740	3388
1741	3329
1742	3266
1743	3542
1744	3281
1745	3352
1746	3389
1747	3400
1748	3320
1749	3328
1750	3390
1751	3190
1752	3386
1753	3343
1754	3307
1755	3546
1756	3375
1757	3203
1758	3271
1759	3446
1760	3284
1761	3159
1762	3285
1763	3363
1764	3388
1765	3414
1766	3104
1767	3181
1768	3076
1769	3237
1770	3346
1771	3312
1772	3163
1773	3579
1774	3305
1775	3165
1776	3028
1777	3245
1778	3285
1779	3237
1780	3319
1781	3344
1782	3066
1783	3102
1784	3132
1785	3098
1786	3008
1787	3005
1788	3024
1789	3250
1790	3075
1791	3147
1792	2984
1793	3162
1794	2991
1795	2935
1796	2995
1797	2987
1798	2992
1799	2988
1800	3128
1801	2919
1802	2956
1803	2974
1804	3165
1805	2965
1806	3007
1807	3176
1808	2905
1809	3066
1810	3070
1811	3043
1812	3178
1813	2904
1814	3007
1815	3008
1816	3056
1817	3073
1818	2876
1819	2998
1820	2906
1821	2898
1822	2838
1823	3072
1824	3017
1825	3103
1826	3057
1827	2815
1828	2814
1829	2997
1830	2816
1831	2962
1832	2909
1833	3052
1834	2829
1835	2860
1836	2920
1837	2926
1838	2830
1839	2788
1840	2892
1841	2910
1842	3060
1843	2915
1844	2831
1845	2906
1846	2823
1847	3038
1848	2758
1849	2929
1850	2788
1851	2862
1852	2873
1853	3048
1854	2840
1855	3090
1856	3007
1857	2986
1858	2872
1859	2896
1860	2986
1861	2961
1862	2977
1863	3105
1864	2838
1865	2847
1866	2795
1867	2840
1868	2866
1869	3040
1870	3021
1871	2935
1872	3049
1873	3010
1874	2892
1875	2755
1876	3055
1877	2823
1878	2804
1879	2971
1880	3012
1881	2896
1882	2957
1883	3016
1884	2942
1885	2812
1886	2932
1887	3012
1888	2775
1889	2775
1890	2949
1891	2932
1892	2958
1893	2964
1894	2924
1895	2879
1896	3069
1897	2904
1898	2987
1899	3025
1900	3067
1901	2892
1902	3098
1903	3013
1904	2756
1905	3037
1906	2846
1907	2831
1908	3093
1909	2895
1910	2869
1911	2960
1912	2977
1913	2962
1914	3062
1915	2885
1916	2983
1917	2933
1918	2971
1919	2917
1920	2947
1921	2937
1922	2985
1923	3018
1924	2991
1925	2935
1926	2896
1927	2817
1928	2958
1929	2995
1930	2934
1931	3166
1932	2865
1933	2888
1934	2975
1935	2988
1936	2768
1937	2887
1938	3073
1939	3016
1940	2994
1941	2988
1942	2951
1943	3061
1944	2817
1945	2816
1946	2816
1947	2884
1948	2823
1949	2846
1950	2939
1951	2960
1952	2924
1953	3065
1954	3016
1955	2969
1956	2904
1957	3051
1958	2962
1959	2891
1960	2805
1961	2888
1962	2901
1963	2924
1964	3042
1965	2871
1966	2975
1967	2917
1968	2956
1969	2857
1970	3071
1971	2871
1972	2978
1973	3154
1974	2964
1975	3055
1976	2937
1977	2999
1978	3082
1979	3193
1980	3027
1981	3134
1982	2969
1983	3137
1984	3043
1985	2890
1986	3007
1987	3105
1988	2990
1989	2891
1990	2957
1991	3067
1992	3079
1993	3105
1994	3120
1995	3138
1996	3030
1997	2972
1998	3158
1999	3127
2000	3207
2001	3303
2002	3187
2003	3053
2004	3204
2005	3156
2006	3013
2007	3178
2008	3101
2009	3148
2010	3127
2011	3164
2012	3097
2013	3140
2014	3145
2015	3170
2016	3171
2017	3121
2018	3160
2019	3207
2020	3190
2021	3158
2022	3350
2023	3191
2024	3214
2025	3235
2026	3164
2027	3210
2028	3143
2029	3124
2030	2996
2031	3134
2032	3010
2033	3044
2034	3142
2035	3139
2036	3229
2037	3008
2038	3098
2039	3167
2040	3134
2041	3109
2042	3181
2043	3166
2044	3102
2045	3104
2046	3326
2047	3014
2048	3235
2049	3154
2050	2992
2051	2913
2052	3064
2053	3108
2054	2986
2055	2974
2056	3089
2057	3158
2058	3134
2059	3066
2060	3065
2061	3038
2062	2979
2063	2967
2064	3154
2065	2937
2066	3066
2067	3044
2068	2782
2069	2973
2070	3030
2071	2913
2072	3019
2073	2966
2074	2913
2075	2954
2076	2875
2077	2928
2078	2942
2079	2958
2080	2963
2081	2852
2082	2873
2083	2846
2084	2825
2085	2835
2086	2889
2087	2795
2088	2914
2089	2709
2090	2752
2091	2750
2092	2772
2093	2686
2094	2628
2095	2737
2096	2854
2097	2997
2098	2861
2099	2656
2100	2761
2101	2835
2102	2828
2103	2786
2104	2708
2105	2826
2106	2782
2107	2721
2108	2757
2109	2841
2110	2856
2111	2748
2112	2744
2113	2567
2114	2575
2115	2555
2116	2736
2117	2582
2118	2685
2119	2670
2120	2685
2121	2643
2122	2688
2123	2643
2124	2623
2125	2620
2126	2466
2127	2782
2128	2619
2129	2808
2130	2573
2131	2732
2132	2720
2133	2739
2134	2566
2135	2634
2136	2754
2137	2690
2138	2634
2139	2687
2140	2650
2141	2627
2142	2505
2143	2576
2144	2569
2145	2611
2146	2495
2147	2566
2148	2557
2149	2559
2150	2710
2151	2582
2152	2466
2153	2605
2154	2362
2155	2541
2156	2560
2157	2655
2158	2587
2159	2552
2160	2598
2161	2413
2162	2515
2163	2686
2164	2452
2165	2471
2166	2754
2167	2507
2168	2457
2169	2550
2170	2668
2171	2748
2172	2540
2173	2496
2174	2542
2175	2566
2176	2541
2177	2467
2178	2664
2179	2561
2180	2562
2181	2608
2182	2415
2183	2513
2184	2519
2185	2655
2186	2484
2187	2734
2188	2508
2189	2581
2190	2542
2191	2693
2192	2440
2193	2514
2194	2471
2195	2627
2196	2593
2197	2599
2198	2475
2199	2589
2200	2616
2201	2587
2202	2549
2203	2492
2204	2614
2205	2563
2206	2518
2207	2521
2208	2520
2209	2635
2210	2630
2211	2589
2212	2532
2213	2639
2214	2529
2215	2602
2216	2445
2217	2630
2218	2425
2219	2532
2220	2606
2221	2594
2222	2620
2223	2498
2224	2506
2225	2592
2226	2513
2227	2668
2228	2593
2229	2439
2230	2648
2231	2277
2232	2456
2233	2674
2234	2652
2235	2742
2236	2583
2237	2447
2238	2568
2239	2573
2240	2667
2241	2582
2242	2505
2243	2696
2244	2679
2245	2549
2246	2556
2247	2657
2248	2545
2249	2670
2250	2515
2251	2564
2252	2567
2253	2528
2254	2739
2255	2722
2256	2868
2257	2517
2258	2623
2259	2657
2260	2497
2261	2625
2262	2556
2263	2580
2264	2627
2265	2626
2266	2572
2267	2580
2268	2553
2269	2624
2270	2634
2271	2495
2272	2610
2273	2657
2274	2482
2275	2501
2276	2447
2277	2583
2278	2625
2279	2613
2280	2515
2281	2508
2282	2581
2283	2505
2284	2684
2285	2441
2286	2653
2287	2384
2288	2376
2289	2377
2290	2638
2291	2554
2292	2417
2293	2428
2294	2506
2295	2522
2296	2492
2297	2646
2298	2570
2299	2621
2300	2562
2301	2454
2302	2506
2303	2395
2304	2503
2305	2513
2306	2417
2307	2622
2308	2503
2309	2462
2310	2342
2311	2605
2312	2621
2313	2453
2314	2535
2315	2478
2316	2664
2317	2406
2318	2628
2319	2642
2320	2559
2321	2631
2322	2479
2323	2527
2324	2627
2325	2539
2326	2620
2327	2520
2328	2613
2329	2494
2330	2433
2331	2475
2332	2407
2333	2466
2334	2609
2335	2465
2336	2437
2337	2384
2338	2370
2339	2409
2340	2444
2341	2541
2342	2367
2343	2487
2344	2297
2345	2399
2346	2359
2347	2339
2348	2410
2349	2445
2350	2586
2351	2439
2352	2496
2353	2278
2354	2392
2355	2445
2356	2314
2357	2390
2358	2537
2359	2433
2360	2577
2361	2497
2362	2467
2363	2461
2364	2455
2365	2464
2366	2375
2367	2390
2368	2327
2369	2548
2370	2531
2371	2379
2372	2394
2373	2395
2374	2292
2375	2282
2376	2439
2377	2362
2378	2388
2379	2319
2380	2478
2381	2427
2382	2232
2383	2375
2384	2340
2385	2462
2386	2428
2387	2270
2388	2406
2389	2371
2390	2285
2391	2309
2392	2389
2393	2292
2394	2304
2395	2328
2396	2227
2397	2218
2398	2340
2399	2385
2400	2244
2401	2255
2402	2315
2403	2249
2404	2169
2405	2282
2406	2287
2407	2122
2408	2233
2409	2216
2410	2184
2411	2202
2412	2102
2413	2257
2414	2153
2415	2141
2416	2183
2417	2341
2418	2170
2419	2120
2420	2343
2421	2278
2422	2177
2423	2154
2424	2089
2425	2115
2426	2225
2427	2213
2428	2102
2429	2179
2430	2111
2431	2213
2432	2206
2433	2098
2434	2146
2435	2187
2436	2050
2437	2069
2438	2212
2439	2170
2440	2129
2441	2244
2442	2259
2443	2226
2444	2035
2445	2163
2446	2088
2447	2103
2448	2219
2449	2213
2450	2021
2451	2083
2452	2047
2453	2139
2454	2146
2455	2314
2456	2124
2457	2012
2458	2093
2459	2071
2460	2074
2461	2148
2462	2077
2463	2038
2464	1902
2465	2165
2466	2181
2467	2002
2468	2304
2469	1983
2470	2149
2471	2154
2472	2198
2473	2144
2474	2188
2475	2026
2476	2036
2477	2034
2478	2171
2479	2194
2480	2197
2481	2074
2482	2137
2483	2056
2484	2257
2485	2145
2486	2095
2487	2148
2488	2196
2489	2137
2490	2228
2491	1975
2492	2007
2493	2202
2494	2092
2495	2133
2496	1974
2497	2280
2498	2150
2499	2219
2500	2104
2501	2141
2502	2098
2503	2208
2504	2202
2505	2166
2506	2164
2507	2108
2508	2145
2509	2163
2510	2179
2511	2113
2512	2212
2513	2237
2514	2171
2515	2252
2516	2126
2517	2105
2518	2148
2519	2128
2520	2132
2521	2244
2522	2144
2523	2138
2524	2004
2525	2262
2526	2120
2527	2131
2528	2150
2529	2194
2530	2169
2531	2321
2532	2219
2533	2255
2534	2191
2535	2185
2536	2271
2537	2225
2538	2216
2539	2170
2540	2251
2541	2179
2542	2343
2543	2273
2544	2195
2545	2182
2546	2315
2547	2362
2548	2223
2549	2156
2550	2230
2551	2283
2552	2311
2553	2179
2554	2088
2555	2205
2556	2161
2557	2206
2558	2264
2559	2219
2560	2206
2561	2009
2562	2288
2563	2308
2564	2213
2565	2182
2566	2154
2567	2302
2568	2370
2569	2261
2570	2320
2571	2276
2572	2169
2573	2302
2574	2210
2575	2306
2576	2357
2577	2112
2578	2169
2579	2298
2580	2123
2581	2314
2582	2137
2583	2168
2584	2045
2585	2168
2586	2100
2587	2207
2588	2086
2589	2124
2590	2156
2591	2125
2592	2069
2593	2113
2594	2019
2595	2022
2596	2041
2597	2255
2598	2245
2599	2097
2600	2156
2601	2185
2602	1963
2603	2155
2604	2156
2605	2027
2606	2185
2607	2068
2608	2038
2609	2105
2610	1989
2611	2183
2612	2115
2613	2052
2614	2083
2615	2062
2616	1983
2617	2150
2618	2034
2619	2168
2620	2156
2621	2075
2622	2123
2623	2069
2624	2069
2625	2090
2626	2115
2627	2141
2628	2251
2629	1962
2630	2102
2631	2084
2632	2145
2633	2160
2634	2196
2635	2105
2636	2138
2637	2116
2638	2249
2639	2318
2640	2285
2641	2301
2642	2105
2643	2151
2644	2254
2645	2327
2646	2083
2647	2277
2648	2131
2649	2103
2650	2004
2651	2107
2652	2381
2653	2247
2654	2629
2655	2149
2656	2111
2657	2194
2658	2181
2659	2193
2660	2080
2661	2088
2662	1963
2663	2164
2664	2207
2665	2105
2666	2149
2667	2149
2668	2136
2669	2132
2670	2060
2671	2091
2672	2158
2673	2116
2674	2114
2675	2135
2676	2318
2677	2235
2678	2049
2679	2258
2680	2195
2681	2217
2682	2063
2683	2182
2684	2241
2685	2343
2686	2380
2687	2240
2688	2194
2689	2286
2690	2231
2691	2297
2692	2110
2693	2246
2694	2029
2695	2243
2696	2112
2697	2105
2698	1930
2699	2033
2700	2194
2701	2334
2702	2268
2703	2130
2704	2234
2705	2056
2706	2053
2707	2095
2708	2121
2709	2262
2710	2418
2711	2304
2712	2050
2713	2036
2714	2041
2715	2071
2716	2041
2717	2007
2718	2122
2719	2204
2720	2169
2721	2163
2722	2025
2723	2141
2724	2008
2725	1983
2726	2022
2727	2138
2728	1999
2729	2124
2730	2062
2731	2133
2732	2014
2733	2050
2734	1951
2735	2067
2736	2230
2737	2069
2738	1898
2739	2273
2740	2107
2741	2160
2742	2144
2743	2020
2744	1963
2745	2006
2746	1973
2747	1914
2748	2004
2749	1986
2750	2043
2751	2079
2752	2125
2753	1880
2754	1990
2755	1899
2756	1976
2757	2022
2758	2177
2759	2040
2760	2072
2761	2050
2762	2040
2763	2022
2764	2084
2765	2187
2766	2160
2767	2006
2768	2038
2769	2090
2770	2231
2771	2223
2772	2014
2773	2058
2774	2118
2775	2055
2776	2220
2777	2084
2778	1969
2779	2139
2780	2142
2781	2041
2782	2036
2783	2055
2784	1949
2785	2017
2786	1991
2787	1981
2788	2020
2789	1883
2790	1962
2791	1969
2792	1937
2793	1893
2794	1820
2795	1878
2796	1994
2797	1951
2798	1946
2799	1988
2800	1943
2801	1876
2802	2085
2803	1841
2804	1855
2805	1979
2806	2058
2807	1930
2808	1909
2809	1959
2810	1836
2811	1915
2812	1922
2813	1896
2814	1967
2815	1974
2816	1862
2817	2105
2818	2043
2819	1964
2820	1958
2821	2000
2822	1858
2823	1948
2824	1785
2825	2065
2826	2027
2827	1984
2828	1834
2829	1964
2830	1814
2831	1791
2832	1910
2833	1945
2834	1896
2835	1861
2836	1853
2837	1838
2838	1857
2839	1916
2840	1849
2841	1866
2842	1843
2843	1840
2844	1921
2845	1892
2846	1758
2847	1782
2848	1794
2849	1927
2850	1874
2851	1817
2852	1873
2853	1950
2854	1872
2855	1946
2856	1965
2857	1963
2858	1929
2859	1815
2860	1849
2861	1944
2862	2016
2863	2076
2864	1947
2865	2052
2866	1909
2867	1880
2868	1939
2869	1843
2870	1956
2871	1815
2872	1907
2873	1815
2874	1802
2875	1758
2876	1835
2877	1848
2878	1972
2879	1917
2880	1744
2881	1887
2882	1894
2883	1897
2884	1884
2885	1956
2886	1732
2887	1858
2888	1856
2889	1846
2890	1795
2891	1883
2892	1852
2893	1889
2894	1899
2895	1831
2896	1793
2897	1986
2898	1963
2899	1831
2900	1890
2901	1999
2902	1777
2903	1900
2904	1683
2905	1819
2906	1926
2907	1930
2908	1809
2909	1766
2910	1870
2911	1855
2912	1946
2913	1890
2914	1795
2915	1796
2916	1922
2917	1804
2918	1796
2919	1876
2920	1810
2921	1931
2922	1868
2923	1837
2924	1962
2925	1985
2926	1902
2927	2028
2928	1816
2929	1956
2930	1843
2931	1928
2932	1825
2933	1841
2934	1853
2935	1949
2936	1903
2937	1850
2938	1738
2939	1785
2940	1779
2941	1899
2942	1870
2943	1964
2944	1927
2945	1877
2946	1794
2947	1853
2948	1989
2949	1867
2950	1811
2951	1779
2952	1872
2953	1873
2954	1923
2955	1967
2956	1968
2957	1910
2958	1763
2959	2006
2960	1790
2961	1865
2962	1847
2963	1850
2964	2026
2965	1933
2966	1824
2967	2002
2968	1868
2969	2034
2970	2067
2971	1909
2972	1870
2973	1903
2974	1881
2975	1829
2976	1927
2977	1820
2978	1805
2979	1863
2980	1940
2981	1910
2982	1826
2983	1913
2984	1868
2985	1936
2986	1822
2987	1918
2988	1758
2989	1817
2990	1925
2991	1849
2992	1975
2993	1897
2994	1865
2995	1877
2996	1920
2997	1956
2998	1804
2999	1831
3000	1949
3001	1966
3002	1793
3003	2031
3004	1955
3005	1993
3006	1961
3007	1936
3008	1995
3009	1971
3010	1889
3011	1924
3012	2000
3013	1761
3014	1805
3015	1823
3016	1855
3017	1969
3018	1805
3019	1805
3020	1840
3021	1944
3022	1816
3023	1957
3024	1989
3025	1954
3026	1863
3027	1937
3028	1884
3029	1954
3030	1884
3031	1970
3032	1783
3033	1828
3034	1951
3035	1772
3036	1776
3037	1766
3038	1800
3039	1882
3040	1894
3041	1806
3042	1827
3043	1876
3044	1898
3045	1890
3046	1911
3047	1890
3048	1848
3049	2040
3050	1821
3051	1864
3052	2062
3053	1963
3054	1985
3055	2075
3056	2013
3057	2164
3058	2077
3059	2061
3060	2101
3061	1990
3062	2075
3063	2015
3064	2130
3065	2039
3066	1986
3067	2066
3068	2158
3069	1998
3070	1984
3071	1935
3072	2077
3073	1877
3074	2082
3075	1919
3076	2007
3077	2024
3078	1963
3079	2046
3080	1959
3081	1977
3082	2128
3083	1950
3084	1979
3085	2076
3086	1930
3087	2071
3088	1977
3089	1912
3090	1941
3091	1900
3092	1877
3093	1989
3094	1812
3095	2034
3096	2028
3097	1966
3098	2027
3099	2055
3100	1923
3101	2076
3102	2032
3103	1939
3104	1961
3105	2050
3106	1926
3107	2095
3108	1935
3109	1833
3110	1998
3111	1893
3112	1843
3113	1806
3114	1919
3115	2091
3116	2009
3117	2019
3118	1903
3119	2005
3120	1991
3121	2049
3122	1893
3123	1829
3124	1980
3125	2125
3126	1996
3127	1905
3128	1999
3129	1879
3130	1932
3131	1904
3132	1909
3133	1972
3134	1880
3135	1839
3136	1983
3137	1791
3138	1883
3139	1909
3140	1891
3141	1698
3142	1843
3143	1984
3144	1938
3145	1815
3146	1910
3147	1855
3148	1849
3149	1841
3150	1834
3151	1901
3152	1831
3153	1990
3154	1837
3155	1733
3156	1878
3157	1848
3158	1878
3159	1716
3160	1840
3161	1849
3162	1758
3163	1866
3164	1904
3165	1872
3166	1954
3167	1903
3168	1833
3169	1676
3170	1861
3171	1699
3172	1769
3173	1823
3174	1907
3175	1760
3176	1713
3177	1800
3178	1719
3179	1804
3180	1794
3181	1806
3182	1665
3183	1857
3184	1747
3185	1775
3186	1856
3187	1712
3188	1738
3189	1828
3190	1734
3191	1678
3192	1760
3193	1715
3194	1792
3195	1804
3196	1854
3197	1726
3198	1771
3199	1812
3200	1657
3201	1743
3202	1733
3203	1861
3204	1798
3205	1883
3206	1789
3207	1728
3208	1813
3209	1680
3210	1603
3211	1864
3212	1845
3213	1778
3214	1744
3215	1817
3216	1770
3217	1692
3218	1724
3219	1706
3220	1707
3221	1755
3222	1757
3223	1818
3224	1627
3225	1759
3226	1696
3227	1750
3228	1653
3229	1710
3230	1742
3231	1582
3232	1801
3233	1771
3234	1627
3235	1751
3236	1897
3237	1694
3238	1797
3239	1847
3240	1735
3241	1747
3242	1789
3243	1646
3244	1868
3245	1777
3246	1705
3247	1773
3248	1762
3249	1769
3250	1716
3251	1830
3252	1770
3253	1625
3254	1669
3255	1724
3256	1695
3257	1726
3258	1864
3259	1778
3260	1774
3261	1646
3262	1679
3263	1799
3264	1832
3265	1751
3266	1762
3267	1758
3268	1682
3269	1692
3270	1769
3271	1721
3272	1790
3273	1731
3274	1707
3275	1707
3276	1708
3277	1619
3278	1741
3279	1781
3280	1663
3281	1720
3282	1547
3283	1702
3284	1616
3285	1843
3286	1742
3287	1808
3288	1791
3289	1831
3290	1779
3291	1841
3292	1783
3293	1824
3294	1820
3295	1662
3296	1725
3297	1757
3298	1768
3299	1810
3300	1845
3301	1758
3302	1737
3303	1626
3304	1828
3305	1781
3306	1792
3307	1606
3308	1690
3309	1772
3310	1803
3311	1697
3312	1670
3313	1741
3314	1613
3315	1835
3316	1820
3317	1871
3318	1877
3319	1728
3320	1796
3321	1826
3322	1828
3323	1698
3324	1808
3325	1799
3326	1705
3327	1642
3328	1659
3329	1731
3330	1731
3331	1770
3332	1721
3333	1755
3334	1920
3335	1727
3336	1736
3337	1701
3338	1698
3339	1746
3340	1691
3341	1656
3342	1752
3343	1661
3344	1672
3345	1659
3346	1675
3347	1692
3348	1631
3349	1768
3350	1703
3351	1666
3352	1668
3353	1667
3354	1542
3355	1656
3356	1647
3357	1671
3358	1601
3359	1559
3360	1710
3361	1742
3362	1672
3363	1684
3364	1605
3365	1644
3366	1578
3367	1619
3368	1524
3369	1678
3370	1561
3371	1605
3372	1692
3373	1522
3374	1646
3375	1448
3376	1616
3377	1551
3378	1474
3379	1658
3380	1539
3381	1525
3382	1535
3383	1475
3384	1411
3385	1584
3386	1555
3387	1474
3388	1504
3389	1504
3390	1575
3391	1545
3392	1548
3393	1537
3394	1524
3395	1629
3396	1485
3397	1552
3398	1567
3399	1487
3400	1585
3401	1669
3402	1519
3403	1474
3404	1571
3405	1533
3406	1625
3407	1584
3408	1528
3409	1591
3410	1640
3411	1444
3412	1612
3413	1477
3414	1538
3415	1438
3416	1536
3417	1477
3418	1573
3419	1486
3420	1482
3421	1466
3422	1601
3423	1546
3424	1548
3425	1484
3426	1469
3427	1546
3428	1579
3429	1462
3430	1516
3431	1483
3432	1618
3433	1600
3434	1432
3435	1565
3436	1571
3437	1563
3438	1509
3439	1572
3440	1636
3441	1607
3442	1500
3443	1514
3444	1581
3445	1572
3446	1471
3447	1526
3448	1525
3449	1610
3450	1573
3451	1523
3452	1503
3453	1629
3454	1488
3455	1573
3456	1478
3457	1532
3458	1463
3459	1446
3460	1494
3461	1406
3462	1486
3463	1531
3464	1434
3465	1486
3466	1481
3467	1551
3468	1440
3469	1604
3470	1434
3471	1594
3472	1536
3473	1488
3474	1543
3475	1509
3476	1355
3477	1671
3478	1546
3479	1575
3480	1537
3481	1515
3482	1513
3483	1481
3484	1566
3485	1496
3486	1565
3487	1528
3488	1448
3489	1564
3490	1331
3491	1493
3492	1511
3493	1374
3494	1546
3495	1570
3496	1499
3497	1522
3498	1413
3499	1540
3500	1475
3501	1474
3502	1472
3503	1536
3504	1639
3505	1519
3506	1475
3507	1570
3508	1529
3509	1457
3510	1460
3511	1477
3512	1434
3513	1395
3514	1491
3515	1534
3516	1465
3517	1422
3518	1609
3519	1536
3520	1413
3521	1497
3522	1511
3523	1606
3524	1429
3525	1394
3526	1444
3527	1618
3528	1537
3529	1509
3530	1389
3531	1479
3532	1379
3533	1415
3534	1461
3535	1467
3536	1412
3537	1489
3538	1536
3539	1563
3540	1595
3541	1436
3542	1423
3543	1350
3544	1517
3545	1480
3546	1467
3547	1529
3548	1555
3549	1419
3550	1421
3551	1566
3552	1528
3553	1440
3554	1501
3555	1544
3556	1473
3557	1602
3558	1575
3559	1509
3560	1477
3561	1464
3562	1548
3563	1469
3564	1433
3565	1623
3566	1469
3567	1555
3568	1511
3569	1406
3570	1427
3571	1456
3572	1546
3573	1361
3574	1443
3575	1552
3576	1533
3577	1582
3578	1517
3579	1488
3580	1568
3581	1547
3582	1515
3583	1526
3584	1461
3585	1415
3586	1525
3587	1532
3588	1536
3589	1501
3590	1501
3591	1525
3592	1502
3593	1475
3594	1601
3595	1485
3596	1586
3597	1478
3598	1606
3599	1512
3600	1524
3601	1618
3602	1387
3603	1517
3604	1533
3605	1447
3606	1496
3607	1444
3608	1468
3609	1584
3610	1589
3611	1518
3612	1487
3613	1555
3614	1508
3615	1465
3616	1464
3617	1505
3618	1420
3619	1602
3620	1523
3621	1412
3622	1555
3623	1458
3624	1480
3625	1445
3626	1394
3627	1375
3628	1573
3629	1502
3630	1416
3631	1402
3632	1482
3633	1448
3634	1432
3635	1379
3636	1601
3637	1500
3638	1535
3639	1469
3640	1456
3641	1500
3642	1473
3643	1466
3644	1371
3645	1469
3646	1488
3647	1508
3648	1543
3649	1591
3650	1379
3651	1436
3652	1469
3653	1485
3654	1469
3655	1464
3656	1559
3657	1516
3658	1593
3659	1495
3660	1361
3661	1535
3662	1462
3663	1387
3664	1539
3665	1486
3666	1450
3667	1480
3668	1452
3669	1506
3670	1314
3671	1470
3672	1477
3673	1418
3674	1469
3675	1580
3676	1451
3677	1552
3678	1426
3679	1379
3680	1568
3681	1496
3682	1535
3683	1539
3684	1438
3685	1578
3686	1535
3687	1436
3688	1451
3689	1550
3690	1416
3691	1550
3692	1475
3693	1477
3694	1438
3695	1440
3696	1473
3697	1592
3698	1384
3699	1506
3700	1507
3701	1544
3702	1637
3703	1395
3704	1593
3705	1679
3706	1520
3707	1552
3708	1471
3709	1524
3710	1571
3711	1520
3712	1483
3713	1554
3714	1520
3715	1613
3716	1595
3717	1608
3718	1589
3719	1452
3720	1564
3721	1547
3722	1456
3723	1480
3724	1491
3725	1462
3726	1519
3727	1534
3728	1729
3729	1508
3730	1448
3731	1561
3732	1520
3733	1545
3734	1610
3735	1505
3736	1528
3737	1580
3738	1682
3739	1502
3740	1525
3741	1499
3742	1536
3743	1494
3744	1516
3745	1615
3746	1583
3747	1733
3748	1482
3749	1538
3750	1650
3751	1537
3752	1505
3753	1487
3754	1508
3755	1533
3756	1512
3757	1387
3758	1578
3759	1537
3760	1504
3761	1450
3762	1478
3763	1535
3764	1620
3765	1507
3766	1530
3767	1349
3768	1387
3769	1534
3770	1519
3771	1525
3772	1635
3773	1457
3774	1497
3775	1342
3776	1455
3777	1575
3778	1560
3779	1526
3780	1438
3781	1484
3782	1508
3783	1537
3784	1625
3785	1395
3786	1422
3787	1531
3788	1432
3789	1465
3790	1599
3791	1489
3792	1535
3793	1498
3794	1519
3795	1489
3796	1393
3797	1388
3798	1519
3799	1562
3800	1390
3801	1506
3802	1490
3803	1432
3804	1379
3805	1377
3806	1432
3807	1379
3808	1434
3809	1383
3810	1400
3811	1326
3812	1337
3813	1256
3814	1338
3815	1448
3816	1468
3817	1404
3818	1379
3819	1361
3820	1312
3821	1467
3822	1345
3823	1406
3824	1288
3825	1473
3826	1361
3827	1331
3828	1275
3829	1253
3830	1421
3831	1346
3832	1343
3833	1252
3834	1387
3835	1402
3836	1351
3837	1316
3838	1242
3839	1334
3840	1316
3841	1274
3842	1313
3843	1398
3844	1251
3845	1290
3846	1482
3847	1398
3848	1192
3849	1299
3850	1302
3851	1380
3852	1355
3853	1357
3854	1409
3855	1426
3856	1377
3857	1318
3858	1391
3859	1331
3860	1364
3861	1303
3862	1415
3863	1322
3864	1431
3865	1249
3866	1342
3867	1312
3868	1380
3869	1435
3870	1212
3871	1382
3872	1316
3873	1417
3874	1315
3875	1393
3876	1381
3877	1325
3878	1300
3879	1378
3880	1350
3881	1298
3882	1396
3883	1324
3884	1298
3885	1448
3886	1306
3887	1370
3888	1385
3889	1354
3890	1354
3891	1309
3892	1486
3893	1300
3894	1349
3895	1302
3896	1405
3897	1429
3898	1453
3899	1368
3900	1440
3901	1438
3902	1453
3903	1287
3904	1374
3905	1442
3906	1404
3907	1370
3908	1365
3909	1470
3910	1367
3911	1466
3912	1460
3913	1395
3914	1463
3915	1488
3916	1540
3917	1504
3918	1591
3919	1425
3920	1547
3921	1480
3922	1512
3923	1377
3924	1423
3925	1485
3926	1509
3927	1556
3928	1494
3929	1523
3930	1485
3931	1564
3932	1413
3933	1469
3934	1347
3935	1475
3936	1443
3937	1465
3938	1457
3939	1352
3940	1276
3941	1504
3942	1563
3943	1425
3944	1486
3945	1421
3946	1420
3947	1385
3948	1305
3949	1372
3950	1387
3951	1471
3952	1373
3953	1464
3954	1544
3955	1513
3956	1517
3957	1403
3958	1430
3959	1562
3960	1397
3961	1550
3962	1522
3963	1355
3964	1420
3965	1513
3966	1645
3967	1415
3968	1564
3969	1461
3970	1408
3971	1401
3972	1520
3973	1523
3974	1417
3975	1463
3976	1452
3977	1545
3978	1432
3979	1383
3980	1374
3981	1414
3982	1459
3983	1390
3984	1442
3985	1423
3986	1453
3987	1520
3988	1522
3989	1420
3990	1482
3991	1467
3992	1421
3993	1397
3994	1391
3995	1441
3996	1350
3997	1236
3998	1336
3999	1403
4000	1357
4001	1450
4002	1487
4003	1345
4004	1351
4005	1424
4006	1414
4007	1413
4008	1403
4009	1480
4010	1421
4011	1381
4012	1351
4013	1414
4014	1385
4015	1405
4016	1388
4017	1364
4018	1445
4019	1506
4020	1499
4021	1413
4022	1359
4023	1419
4024	1460
4025	1304
4026	1422
4027	1512
4028	1519
4029	1519
4030	1335
4031	1519
4032	1549
4033	1566
4034	1466
4035	1570
4036	1365
4037	1486
4038	1391
4039	1313
4040	1406
4041	1410
4042	1273
4043	1376
4044	1341
4045	1371
4046	1343
4047	1297
4048	1387
4049	1302
4050	1396
4051	1321
4052	1417
4053	1454
4054	1439
4055	1406
4056	1516
4057	1310
4058	1316
4059	1353
4060	1388
4061	1331
4062	1317
4063	1290
4064	1429
4065	1403
4066	1341
4067	1524
4068	1425
4069	1415
4070	1283
4071	1356
4072	1246
4073	1379
4074	1381
4075	1294
4076	1370
4077	1306
4078	1404
4079	1469
4080	1305
4081	1362
4082	1413
4083	1376
4084	1406
4085	1262
4086	1487
4087	1468
4088	1376
4089	1298
4090	1342
4091	1362
4092	1373
4093	1421
4094	1317
4095	1367
4096	1311
4097	1413
4098	1427
4099	1262
4100	1306
4101	1226
4102	1292
4103	1374
4104	1350
4105	1379
4106	1303
4107	1337
4108	1247
4109	1286
4110	1293
4111	1274
4112	1386
4113	1318
4114	1383
4115	1313
4116	1341
4117	1370
4118	1313
4119	1385
4120	1364
4121	1267
4122	1373
4123	1415
4124	1311
4125	1434
4126	1294
4127	1303
4128	1378
4129	1311
4130	1324
4131	1332
4132	1371
4133	1272
4134	1339
4135	1363
4136	1361
4137	1357
4138	1225
4139	1287
4140	1241
4141	1301
4142	1260
4143	1298
4144	1233
4145	1277
4146	1311
4147	1290
4148	1250
4149	1379
4150	1216
4151	1416
4152	1332
4153	1382
4154	1270
4155	1286
4156	1332
4157	1307
4158	1399
4159	1255
4160	1208
4161	1275
4162	1245
4163	1271
4164	1295
4165	1332
4166	1304
4167	1151
4168	1305
4169	1226
4170	1281
4171	1332
4172	1236
4173	1285
4174	1314
4175	1284
4176	1127
4177	1244
4178	1393
4179	1291
4180	1213
4181	1291
4182	1115
4183	1205
4184	1134
4185	1263
4186	1309
4187	1268
4188	1238
4189	1171
4190	1260
4191	1190
4192	1235
4193	1198
4194	1211
4195	1357
4196	1249
4197	1305
4198	1292
4199	1173
4200	1317
4201	1252
4202	1138
4203	1222
4204	1161
4205	1186
4206	1141
4207	1137
4208	1199
4209	1261
4210	1209
4211	1235
4212	1248
4213	1211
4214	1148
4215	1166
4216	1154
4217	1284
4218	1173
4219	1376
4220	1221
4221	1137
4222	1243
4223	1252
4224	1262
4225	1197
4226	1197
4227	1225
4228	1243
4229	1200
4230	1308
4231	1106
4232	1232
4233	1285
4234	1156
4235	1091
4236	1195
4237	1167
4238	1086
4239	1158
4240	1224
4241	1151
4242	1228
4243	1214
4244	1244
4245	1290
4246	1177
4247	1109
4248	1266
4249	1226
4250	1086
4251	1181
4252	1152
4253	1190
4254	1098
4255	1146
4256	1117
4257	1127
4258	1080
4259	1238
4260	1116
4261	1256
4262	1133
4263	1243
4264	1255
4265	1243
4266	1151
4267	1226
4268	1317
4269	1296
4270	1217
4271	1227
4272	1322
4273	1186
4274	1231
4275	1186
4276	1166
4277	1191
4278	1176
4279	1148
4280	1216
4281	1310
4282	1189
4283	1253
4284	1157
4285	1198
4286	1258
4287	1256
4288	1230
4289	1221
4290	1168
4291	1152
4292	1191
4293	1277
4294	1287
4295	1239
4296	1236
4297	1288
4298	1281
4299	1258
4300	1195
4301	1192
4302	1231
4303	1276
4304	1127
4305	1089
4306	1205
4307	1177
4308	1153
4309	1231
4310	1225
4311	1173
4312	1195
4313	1169
4314	1142
4315	1105
4316	1107
4317	1148
4318	1107
4319	1233
4320	1232
4321	1134
4322	1170
4323	1157
4324	1124
4325	1264
4326	1281
4327	1096
4328	1123
4329	1143
4330	1248
4331	1135
4332	1126
4333	1068
4334	1150
4335	1175
4336	1146
4337	1139
4338	1082
4339	1179
4340	1037
4341	1064
4342	1154
4343	1122
4344	1193
4345	1156
4346	1208
4347	1090
4348	1119
4349	1040
4350	1128
4351	1207
4352	1125
4353	1166
4354	1192
4355	1211
4356	1164
4357	1071
4358	1169
4359	1133
4360	1112
4361	1203
4362	1087
4363	1071
4364	1097
4365	1084
4366	1095
4367	1096
4368	1107
4369	1235
4370	1172
4371	1113
4372	1074
4373	1115
4374	1145
4375	1162
4376	1111
4377	1091
4378	1055
4379	1061
4380	1123
4381	1042
4382	1073
4383	1065
4384	1105
4385	1077
4386	1087
4387	1109
4388	1088
4389	1070
4390	1017
4391	1063
4392	1093
4393	1135
4394	1102
4395	1084
4396	1104
4397	1144
4398	1155
4399	1141
4400	1152
4401	1002
4402	1030
4403	1082
4404	1199
4405	1098
4406	1095
4407	1106
4408	1061
4409	1121
4410	1154
4411	1053
4412	1065
4413	1124
4414	1094
4415	1127
4416	1096
4417	977
4418	1021
4419	1083
4420	1062
4421	1087
4422	1108
4423	1095
4424	1080
4425	1054
4426	1093
4427	1061
4428	1107
4429	1041
4430	1042
4431	1120
4432	985
4433	1087
4434	1138
4435	973
4436	1071
4437	958
4438	990
4439	951
4440	1028
4441	1083
4442	1063
4443	1021
4444	1044
4445	1000
4446	1033
4447	994
4448	887
4449	1091
4450	947
4451	994
4452	971
4453	971
4454	999
4455	1031
4456	1058
4457	1003
4458	1000
4459	888
4460	1021
4461	929
4462	1017
4463	1001
4464	960
4465	1006
4466	988
4467	965
4468	948
4469	958
4470	933
4471	1055
4472	971
4473	1031
4474	1011
4475	1072
4476	1031
4477	1059
4478	1040
4479	1054
4480	1072
4481	953
4482	1000
4483	1079
4484	957
4485	1026
4486	995
4487	973
4488	1007
4489	983
4490	1006
4491	1047
4492	1036
4493	921
4494	1088
4495	1004
4496	995
4497	1038
4498	1027
4499	1116
4500	1067
4501	1024
4502	918
4503	971
4504	1066
4505	1024
4506	1077
4507	1013
4508	1010
4509	1039
4510	955
4511	857
4512	952
4513	997
4514	977
4515	981
4516	1119
4517	963
4518	1089
4519	1007
4520	974
4521	958
4522	1052
4523	998
4524	1001
4525	1005
4526	1015
4527	953
4528	1039
4529	1023
4530	1013
4531	1013
4532	940
4533	1049
4534	978
4535	1004
4536	1045
4537	1025
4538	1005
4539	993
4540	1033
4541	989
4542	1133
4543	1075
4544	1074
4545	974
4546	988
4547	1003
4548	1024
4549	1039
4550	900
4551	999
4552	942
4553	894
4554	1033
4555	1031
4556	1003
4557	990
4558	918
4559	1034
4560	938
4561	885
4562	1001
4563	979
4564	923
4565	1027
4566	908
4567	974
4568	966
4569	975
4570	913
4571	935
4572	919
4573	1004
4574	881
4575	948
4576	1027
4577	939
4578	927
4579	1031
4580	973
4581	1028
4582	1018
4583	981
4584	1012
4585	1000
4586	929
4587	958
4588	1076
4589	976
4590	927
4591	973
4592	940
4593	882
4594	978
4595	1006
4596	959
4597	1027
4598	944
4599	922
4600	968
4601	1040
4602	1005
4603	1003
4604	946
4605	980
4606	943
4607	867
4608	915
4609	969
4610	944
4611	939
4612	919
4613	960
4614	1100
4615	1008
4616	1016
4617	1076
4618	1058
4619	1042
4620	1058
4621	1028
4622	995
4623	1084
4624	1019
4625	1026
4626	946
4627	1129
4628	1006
4629	1061
4630	983
4631	980
4632	1044
4633	1001
4634	1077
4635	1083
4636	1070
4637	1096
4638	1099
4639	1090
4640	1004
4641	965
4642	977
4643	974
4644	1038
4645	1084
4646	983
4647	1008
4648	1077
4649	1105
4650	1035
4651	987
4652	1048
4653	968
4654	1053
4655	1038
4656	1091
4657	1174
4658	976
4659	1132
4660	987
4661	1100
4662	1032
4663	1101
4664	910
4665	1026
4666	1094
4667	1033
4668	919
4669	1042
4670	1032
4671	1027
4672	993
4673	1009
4674	1056
4675	1028
4676	1047
4677	1077
4678	984
4679	1021
4680	1010
4681	1036
4682	1025
4683	1052
4684	1120
4685	1041
4686	1150
4687	943
4688	1071
4689	1054
4690	973
4691	938
4692	950
4693	988
4694	939
4695	967
4696	982
4697	997
4698	969
4699	958
4700	1024
4701	1080
4702	1066
4703	985
4704	987
4705	961
4706	1057
4707	1013
4708	970
4709	1055
4710	1054
4711	1022
4712	857
4713	1001
4714	901
4715	1050
4716	969
4717	1032
4718	933
4719	1032
4720	1002
4721	1036
4722	882
4723	897
4724	958
4725	1034
4726	950
4727	1008
4728	962
4729	1013
4730	996
4731	1067
4732	1036
4733	981
4734	1040
4735	983
4736	995
4737	1011
4738	934
4739	1022
4740	964
4741	1054
4742	950
4743	1011
4744	957
4745	884
4746	1084
4747	1018
4748	928
4749	976
4750	1058
4751	1016
4752	1070
4753	1057
4754	962
4755	996
4756	1069
4757	1025
4758	1047
4759	1053
4760	1138
4761	1104
4762	979
4763	1069
4764	989
4765	1000
4766	1000
4767	1053
4768	1094
4769	1139
4770	1217
4771	1060
4772	1111
4773	968
4774	953
4775	1154
4776	1083
4777	1069
4778	1028
4779	1077
4780	1061
4781	1160
4782	1114
4783	946
4784	1054
4785	1003
4786	1058
4787	972
4788	1095
4789	994
4790	1102
4791	1032
4792	1024
4793	1080
4794	1069
4795	1138
4796	1007
4797	989
4798	1070
4799	1116
4800	1096
4801	1041
4802	1039
4803	1049
4804	1092
4805	1129
4806	1072
4807	903
4808	1069
4809	1087
4810	1049
4811	1027
4812	1118
4813	1039
4814	1036
4815	1128
4816	1134
4817	1047
4818	1041
4819	1021
4820	1058
4821	1125
4822	1154
4823	1086
4824	1092
4825	1186
4826	1176
4827	1177
4828	1078
4829	1156
4830	1153
4831	1074
4832	1066
4833	1109
4834	1038
4835	1104
4836	1052
4837	1022
4838	1110
4839	1063
4840	1245
4841	1147
4842	1104
4843	1204
4844	1071
4845	1132
4846	1115
4847	1229
4848	1092
4849	1089
4850	1160
4851	1112
4852	1166
4853	1166
4854	1275
4855	1037
4856	895
4857	1063
4858	1001
4859	1105
4860	1028
4861	993
4862	1078
4863	993
4864	1089
4865	1001
4866	1019
4867	1135
4868	957
4869	1142
4870	984
4871	1051
4872	1026
4873	1010
4874	981
4875	909
4876	1053
4877	1018
4878	968
4879	1080
4880	1145
4881	1012
4882	944
4883	972
4884	1071
4885	986
4886	1065
4887	1063
4888	886
4889	949
4890	1049
4891	993
4892	988
4893	1008
4894	868
4895	1041
4896	1025
4897	924
4898	947
4899	879
4900	1022
4901	991
4902	989
4903	936
4904	930
4905	903
4906	919
4907	1049
4908	917
4909	904
4910	941
4911	1044
4912	928
4913	901
4914	964
4915	975
4916	930
4917	926
4918	983
4919	940
4920	838
4921	873
4922	841
4923	923
4924	1042
4925	882
4926	971
4927	879
4928	862
4929	968
4930	933
4931	997
4932	937
4933	904
4934	922
4935	818
4936	922
4937	941
4938	946
4939	971
4940	982
4941	925
4942	861
4943	876
4944	933
4945	968
4946	960
4947	992
4948	1011
4949	886
4950	954
4951	971
4952	832
4953	893
4954	963
4955	828
4956	910
4957	937
4958	927
4959	939
4960	962
4961	869
4962	971
4963	937
4964	973
4965	998
4966	1017
4967	876
4968	866
4969	980
4970	973
4971	941
4972	916
4973	917
4974	889
4975	947
4976	977
4977	1003
4978	960
4979	907
4980	918
4981	944
4982	850
4983	951
4984	870
4985	974
4986	961
4987	822
4988	881
4989	969
4990	923
4991	853
4992	950
4993	844
4994	939
4995	927
4996	969
4997	913
4998	931
4999	886
5000	915
5001	922
5002	901
5003	967
5004	898
5005	899
5006	844
5007	879
5008	864
5009	804
5010	886
5011	883
5012	876
5013	951
5014	833
5015	920
5016	876
5017	899
5018	880
5019	910
5020	954
5021	964
5022	891
5023	899
5024	872
5025	904
5026	813
5027	919
5028	867
5029	810
5030	916
5031	940
5032	787
5033	846
5034	845
5035	943
5036	831
5037	835
5038	950
5039	826
5040	919
5041	812
5042	845
5043	858
5044	849
5045	861
5046	817
5047	865
5048	949
5049	897
5050	839
5051	770
5052	823
5053	824
5054	861
5055	785
5056	847
5057	839
5058	849
5059	808
5060	840
5061	806
5062	823
5063	709
5064	932
5065	821
5066	887
5067	815
5068	840
5069	848
5070	871
5071	882
5072	847
5073	855
5074	778
5075	862
5076	905
5077	890
5078	869
5079	864
5080	832
5081	826
5082	868
5083	826
5084	889
5085	837
5086	879
5087	852
5088	829
5089	839
5090	804
5091	804
5092	842
5093	873
5094	886
5095	744
5096	856
5097	842
5098	788
5099	771
5100	964
5101	863
5102	847
5103	849
5104	861
5105	844
5106	852
5107	853
5108	852
5109	786
5110	892
5111	839
5112	851
5113	839
5114	801
5115	828
5116	783
5117	831
5118	851
5119	910
5120	910
5121	843
5122	807
5123	922
5124	960
5125	815
5126	864
5127	745
5128	801
5129	883
5130	841
5131	792
5132	776
5133	850
5134	816
5135	880
5136	886
5137	887
5138	849
5139	817
5140	842
5141	929
5142	810
5143	837
5144	782
5145	887
5146	869
5147	827
5148	814
5149	854
5150	905
5151	852
5152	871
5153	823
5154	893
5155	853
5156	954
5157	832
5158	844
5159	870
5160	834
5161	835
5162	883
5163	811
5164	777
5165	858
5166	854
5167	999
5168	842
5169	846
5170	846
5171	987
5172	873
5173	887
5174	790
5175	837
5176	909
5177	887
5178	887
5179	803
5180	897
5181	830
5182	751
5183	812
5184	855
5185	909
5186	919
5187	876
5188	814
5189	930
5190	873
5191	883
5192	901
5193	811
5194	873
5195	826
5196	830
5197	940
5198	865
5199	846
5200	825
5201	821
5202	927
5203	895
5204	884
5205	932
5206	806
5207	806
5208	825
5209	923
5210	864
5211	844
5212	820
5213	763
5214	909
5215	877
5216	835
5217	842
5218	799
5219	840
5220	857
5221	870
5222	860
5223	835
5224	846
5225	893
5226	754
5227	844
5228	864
5229	846
5230	820
5231	795
5232	788
5233	782
5234	823
5235	828
5236	920
5237	912
5238	921
5239	832
5240	814
5241	816
5242	922
5243	846
5244	854
5245	875
5246	831
5247	853
5248	812
5249	790
5250	922
5251	815
5252	797
5253	887
5254	902
5255	845
5256	762
5257	842
5258	826
5259	852
5260	911
5261	780
5262	771
5263	771
5264	820
5265	830
5266	864
5267	810
5268	809
5269	805
5270	765
5271	831
5272	779
5273	777
5274	829
5275	814
5276	790
5277	858
5278	783
5279	778
5280	827
5281	792
5282	758
5283	794
5284	754
5285	774
5286	813
5287	742
5288	865
5289	856
5290	813
5291	749
5292	799
5293	805
5294	783
5295	843
5296	765
5297	752
5298	842
5299	850
5300	739
5301	859
5302	813
5303	884
5304	775
5305	737
5306	792
5307	740
5308	805
5309	836
5310	764
5311	760
5312	876
5313	851
5314	742
5315	770
5316	823
5317	782
5318	770
5319	866
5320	836
5321	786
5322	745
5323	715
5324	786
5325	814
5326	728
5327	816
5328	766
5329	750
5330	762
5331	771
5332	851
5333	771
5334	777
5335	805
5336	773
5337	812
5338	729
5339	816
5340	820
5341	837
5342	764
5343	773
5344	742
5345	726
5346	782
5347	707
5348	748
5349	726
5350	739
5351	727
5352	788
5353	765
5354	744
5355	770
5356	747
5357	876
5358	754
5359	851
5360	834
5361	879
5362	829
5363	823
5364	816
5365	721
5366	753
5367	853
5368	782
5369	758
5370	850
5371	854
5372	837
5373	828
5374	839
5375	916
5376	782
5377	930
5378	920
5379	1010
5380	946
5381	838
5382	812
5383	1078
5384	839
5385	802
5386	1032
5387	1548
5388	1255
5389	862
5390	732
5391	776
5392	823
5393	784
5394	848
5395	866
5396	941
5397	832
5398	790
5399	899
5400	776
5401	860
5402	847
5403	794
5404	858
5405	818
5406	930
5407	838
5408	792
5409	920
5410	825
5411	836
5412	867
5413	855
5414	832
5415	894
5416	845
5417	826
5418	884
5419	982
5420	787
5421	889
5422	818
5423	921
5424	919
5425	855
5426	888
5427	832
5428	878
5429	868
5430	831
5431	898
5432	909
5433	866
5434	877
5435	822
5436	891
5437	862
5438	784
5439	892
5440	951
5441	949
5442	1025
5443	801
5444	966
5445	906
5446	971
5447	890
5448	979
5449	924
5450	925
5451	965
5452	903
5453	897
5454	884
5455	842
5456	867
5457	981
5458	866
5459	909
5460	874
5461	906
5462	882
5463	852
5464	881
5465	867
5466	813
5467	939
5468	909
5469	901
5470	880
5471	1050
5472	859
5473	896
5474	909
5475	997
5476	998
5477	967
5478	927
5479	1006
5480	944
5481	925
5482	1004
5483	958
5484	1014
5485	921
5486	966
5487	1072
5488	992
5489	887
5490	956
5491	978
5492	925
5493	983
5494	995
5495	912
5496	971
5497	989
5498	981
5499	916
5500	944
5501	942
5502	922
5503	981
5504	932
5505	935
5506	887
5507	955
5508	940
5509	885
5510	963
5511	943
5512	942
5513	913
5514	894
5515	897
5516	948
5517	968
5518	980
5519	1011
5520	1044
5521	1045
5522	983
5523	1029
5524	1041
5525	905
5526	947
5527	939
5528	931
5529	960
5530	923
5531	925
5532	824
5533	954
5534	923
5535	924
5536	983
5537	1062
5538	977
5539	985
5540	970
5541	996
5542	976
5543	931
5544	1071
5545	913
5546	943
5547	891
5548	915
5549	966
5550	878
5551	950
5552	937
5553	990
5554	922
5555	894
5556	1052
5557	924
5558	1061
5559	1018
5560	947
5561	951
5562	891
5563	905
5564	1074
5565	831
5566	907
5567	918
5568	847
5569	953
5570	961
5571	1005
5572	877
5573	961
5574	989
5575	926
5576	965
5577	1041
5578	1010
5579	907
5580	905
5581	923
5582	859
5583	926
5584	883
5585	893
5586	865
5587	918
5588	897
5589	774
5590	1001
5591	966
5592	906
5593	952
5594	960
5595	886
5596	981
5597	909
5598	966
5599	846
5600	929
5601	908
5602	902
5603	860
5604	927
5605	912
5606	905
5607	871
5608	862
5609	916
5610	952
5611	963
5612	896
5613	987
5614	836
5615	848
5616	844
5617	850
5618	870
5619	876
5620	902
5621	977
5622	878
5623	890
5624	880
5625	867
5626	913
5627	807
5628	886
5629	1030
5630	859
5631	929
5632	818
5633	833
5634	871
5635	890
5636	863
5637	832
5638	868
5639	895
5640	824
5641	847
5642	916
5643	783
5644	891
5645	803
5646	869
5647	924
5648	923
5649	867
5650	900
5651	1033
5652	774
5653	941
5654	810
5655	909
5656	884
5657	893
5658	889
5659	875
5660	976
5661	911
5662	918
5663	947
5664	885
5665	885
5666	824
5667	852
5668	880
5669	843
5670	824
5671	879
5672	895
5673	767
5674	795
5675	868
5676	762
5677	720
5678	831
5679	805
5680	836
5681	867
5682	786
5683	784
5684	860
5685	819
5686	794
5687	892
5688	884
5689	817
5690	835
5691	737
5692	751
5693	842
5694	841
5695	781
5696	802
5697	851
5698	929
5699	800
5700	761
5701	859
5702	757
5703	840
5704	846
5705	812
5706	775
5707	864
5708	785
5709	866
5710	834
5711	750
5712	832
5713	850
5714	833
5715	832
5716	776
5717	785
5718	833
5719	873
5720	906
5721	791
5722	852
5723	838
5724	731
5725	888
5726	836
5727	757
5728	760
5729	808
5730	760
5731	790
5732	876
5733	810
5734	858
5735	829
5736	838
5737	774
5738	831
5739	805
5740	802
5741	801
5742	831
5743	770
5744	895
5745	794
5746	766
5747	812
5748	763
5749	778
5750	771
5751	835
5752	806
5753	773
5754	759
5755	784
5756	802
5757	685
5758	725
5759	764
5760	855
5761	862
5762	769
5763	894
5764	824
5765	826
5766	779
5767	773
5768	855
5769	784
5770	822
5771	864
5772	817
5773	783
5774	840
5775	901
5776	739
5777	864
5778	816
5779	789
5780	750
5781	738
5782	808
5783	794
5784	763
5785	714
5786	889
5787	735
5788	841
5789	786
5790	835
5791	750
5792	782
5793	876
5794	787
5795	800
5796	847
5797	780
5798	841
5799	747
5800	800
5801	767
5802	809
5803	733
5804	831
5805	739
5806	867
5807	709
5808	792
5809	759
5810	762
5811	746
5812	762
5813	764
5814	779
5815	819
5816	761
5817	790
5818	798
5819	843
5820	815
5821	816
5822	844
5823	799
5824	788
5825	788
5826	846
5827	793
5828	774
5829	799
5830	801
5831	830
5832	840
5833	754
5834	940
5835	808
5836	834
5837	820
5838	847
5839	805
5840	799
5841	806
5842	840
5843	764
5844	809
5845	823
5846	860
5847	760
5848	774
5849	821
5850	834
5851	810
5852	798
5853	815
5854	765
5855	744
5856	863
5857	774
5858	716
5859	846
5860	812
5861	853
5862	766
5863	677
5864	752
5865	756
5866	830
5867	913
5868	814
5869	793
5870	734
5871	766
5872	740
5873	809
5874	807
5875	811
5876	789
5877	664
5878	805
5879	791
5880	793
5881	788
5882	855
5883	735
5884	781
5885	808
5886	783
5887	752
5888	806
5889	777
5890	799
5891	801
5892	693
5893	802
5894	765
5895	768
5896	756
5897	807
5898	717
5899	731
5900	731
5901	813
5902	814
5903	827
5904	726
5905	761
5906	791
5907	736
5908	750
5909	752
5910	753
5911	721
5912	718
5913	670
5914	786
5915	715
5916	762
5917	657
5918	712
5919	683
5920	821
5921	756
5922	845
5923	636
5924	760
5925	794
5926	697
5927	745
5928	793
5929	721
5930	808
5931	760
5932	800
5933	679
5934	649
5935	751
5936	787
5937	798
5938	664
5939	716
5940	740
5941	770
5942	785
5943	650
5944	789
5945	776
5946	712
5947	738
5948	686
5949	716
5950	749
5951	715
5952	648
5953	704
5954	759
5955	663
5956	712
5957	730
5958	823
5959	708
5960	729
5961	650
5962	696
5963	855
5964	744
5965	663
5966	647
5967	793
5968	727
5969	692
5970	713
5971	707
5972	773
5973	705
5974	693
5975	723
5976	740
5977	729
5978	704
5979	748
5980	700
5981	727
5982	717
5983	721
5984	768
5985	678
5986	746
5987	696
5988	660
5989	787
5990	701
5991	651
5992	792
5993	787
5994	666
5995	707
5996	666
5997	722
5998	707
5999	687
6000	674
6001	728
6002	834
6003	735
6004	758
6005	708
6006	797
6007	741
6008	741
6009	710
6010	742
6011	804
6012	742
6013	754
6014	709
6015	687
6016	709
6017	671
6018	665
6019	854
6020	702
6021	644
6022	738
6023	705
6024	788
6025	712
6026	656
6027	743
6028	647
6029	767
6030	701
6031	736
6032	742
6033	706
6034	713
6035	741
6036	729
6037	684
6038	699
6039	699
6040	659
6041	732
6042	664
6043	615
6044	672
6045	655
6046	726
6047	730
6048	678
6049	713
6050	687
6051	700
6052	645
6053	719
6054	593
6055	638
6056	648
6057	717
6058	682
6059	646
6060	639
6061	687
6062	770
6063	614
6064	604
6065	683
6066	634
6067	720
6068	651
6069	766
6070	667
6071	672
6072	685
6073	800
6074	691
6075	686
6076	767
6077	707
6078	677
6079	658
6080	710
6081	669
6082	762
6083	660
6084	744
6085	624
6086	765
6087	707
6088	646
6089	716
6090	698
6091	667
6092	674
6093	716
6094	720
6095	626
6096	745
6097	677
6098	759
6099	629
6100	698
6101	630
6102	673
6103	696
6104	665
6105	712
6106	656
6107	654
6108	677
6109	671
6110	757
6111	725
6112	723
6113	708
6114	707
6115	731
6116	669
6117	727
6118	677
6119	708
6120	736
6121	718
6122	732
6123	698
6124	696
6125	718
6126	705
6127	661
6128	753
6129	715
6130	656
6131	767
6132	770
6133	726
6134	639
6135	632
6136	773
6137	691
6138	756
6139	647
6140	657
6141	733
6142	692
6143	730
6144	729
6145	674
6146	661
6147	628
6148	645
6149	669
6150	728
6151	663
6152	743
6153	696
6154	650
6155	719
6156	692
6157	618
6158	641
6159	657
6160	654
6161	653
6162	674
6163	672
6164	647
6165	660
6166	625
6167	726
6168	610
6169	645
6170	666
6171	693
6172	665
6173	673
6174	661
6175	624
6176	736
6177	642
6178	612
6179	690
6180	643
6181	601
6182	701
6183	656
6184	664
6185	645
6186	720
6187	544
6188	669
6189	616
6190	590
6191	635
6192	658
6193	636
6194	624
6195	581
6196	639
6197	631
6198	633
6199	694
6200	723
6201	609
6202	656
6203	677
6204	633
6205	688
6206	630
6207	652
6208	649
6209	595
6210	647
6211	648
6212	584
6213	668
6214	617
6215	674
6216	576
6217	648
6218	593
6219	593
6220	621
6221	644
6222	706
6223	608
6224	648
6225	679
6226	571
6227	639
6228	607
6229	632
6230	636
6231	631
6232	665
6233	614
6234	636
6235	736
6236	598
6237	582
6238	685
6239	586
6240	659
6241	601
6242	667
6243	658
6244	603
6245	722
6246	651
6247	590
6248	642
6249	650
6250	666
6251	692
6252	687
6253	708
6254	670
6255	596
6256	682
6257	628
6258	666
6259	708
6260	647
6261	647
6262	648
6263	594
6264	692
6265	642
6266	590
6267	667
6268	691
6269	622
6270	690
6271	627
6272	687
6273	679
6274	651
6275	635
6276	633
6277	686
6278	691
6279	650
6280	628
6281	605
6282	664
6283	640
6284	659
6285	646
6286	683
6287	660
6288	552
6289	623
6290	671
6291	716
6292	664
6293	660
6294	659
6295	663
6296	682
6297	642
6298	655
6299	619
6300	642
6301	687
6302	610
6303	696
6304	719
6305	600
6306	661
6307	723
6308	671
6309	634
6310	631
6311	622
6312	652
6313	632
6314	637
6315	622
6316	675
6317	584
6318	679
6319	580
6320	628
6321	742
6322	578
6323	685
6324	611
6325	635
6326	685
6327	606
6328	712
6329	690
6330	693
6331	677
6332	600
6333	627
6334	713
6335	656
6336	733
6337	670
6338	597
6339	725
6340	616
6341	671
6342	713
6343	639
6344	619
6345	607
6346	747
6347	694
6348	665
6349	670
6350	659
6351	629
6352	635
6353	751
6354	725
6355	621
6356	670
6357	694
6358	691
6359	681
6360	685
6361	658
6362	677
6363	615
6364	682
6365	693
6366	697
6367	650
6368	619
6369	687
6370	647
6371	600
6372	678
6373	654
6374	691
6375	661
6376	764
6377	681
6378	592
6379	635
6380	640
6381	663
6382	635
6383	679
6384	609
6385	695
6386	694
6387	656
6388	668
6389	679
6390	648
6391	682
6392	642
6393	665
6394	672
6395	645
6396	665
6397	646
6398	629
6399	661
6400	694
6401	646
6402	775
6403	714
6404	707
6405	694
6406	677
6407	605
6408	661
6409	706
6410	678
6411	695
6412	721
6413	586
6414	702
6415	646
6416	666
6417	689
6418	740
6419	728
6420	694
6421	719
6422	679
6423	642
6424	661
6425	687
6426	711
6427	703
6428	656
6429	684
6430	796
6431	733
6432	702
6433	706
6434	654
6435	658
6436	660
6437	621
6438	735
6439	767
6440	721
6441	706
6442	701
6443	659
6444	656
6445	747
6446	747
6447	631
6448	676
6449	790
6450	679
6451	630
6452	649
6453	745
6454	736
6455	712
6456	715
6457	634
6458	667
6459	677
6460	622
6461	658
6462	695
6463	682
6464	696
6465	663
6466	630
6467	699
6468	652
6469	670
6470	696
6471	600
6472	693
6473	582
6474	706
6475	699
6476	674
6477	645
6478	655
6479	739
6480	736
6481	609
6482	752
6483	711
6484	696
6485	673
6486	725
6487	658
6488	744
6489	731
6490	659
6491	677
6492	772
6493	746
6494	691
6495	671
6496	656
6497	707
6498	675
6499	722
6500	717
6501	706
6502	678
6503	712
6504	724
6505	698
6506	634
6507	692
6508	707
6509	787
6510	731
6511	680
6512	646
6513	644
6514	750
6515	653
6516	742
6517	717
6518	650
6519	686
6520	684
6521	697
6522	646
6523	736
6524	671
6525	679
6526	657
6527	701
6528	726
6529	651
6530	711
6531	636
6532	625
6533	674
6534	673
6535	706
6536	685
6537	730
6538	677
6539	698
6540	676
6541	707
6542	694
6543	735
6544	699
6545	642
6546	639
6547	680
6548	551
6549	621
6550	663
6551	665
6552	621
6553	660
6554	631
6555	635
6556	610
6557	638
6558	688
6559	639
6560	611
6561	563
6562	663
6563	607
6564	631
6565	654
6566	694
6567	676
6568	598
6569	619
6570	596
6571	622
6572	655
6573	604
6574	651
6575	624
6576	606
6577	663
6578	533
6579	629
6580	658
6581	660
6582	573
6583	648
6584	652
6585	529
6586	631
6587	589
6588	642
6589	557
6590	596
6591	650
6592	633
6593	593
6594	613
6595	607
6596	616
6597	588
6598	529
6599	656
6600	638
6601	559
6602	590
6603	568
6604	588
6605	620
6606	599
6607	651
6608	592
6609	601
6610	624

