## htsjdk.samtools.metrics.StringHeader
# CollectInsertSizeMetrics HISTOGRAM_FILE=/work/ugbogu/pipeline/data/nbl/GSE189367/results/picard/SRR17010980_insert_size_histogram.pdf MINIMUM_PCT=0.5 INPUT=/work/ugbogu/pipeline/data/nbl/GSE189367/results/star/SRR17010980.Aligned.sortedByCoord.out.bam OUTPUT=/work/ugbogu/pipeline/data/nbl/GSE189367/results/picard/SRR17010980_insert_size_metrics.txt    DEVIATIONS=10.0 METRIC_ACCUMULATION_LEVEL=[ALL_READS] INCLUDE_DUPLICATES=false ASSUME_SORTED=true STOP_AFTER=0 VERBOSITY=INFO QUIET=false VALIDATION_STRINGENCY=STRICT COMPRESSION_LEVEL=5 MAX_RECORDS_IN_RAM=500000 CREATE_INDEX=false CREATE_MD5_FILE=false USE_JDK_DEFLATER=false USE_JDK_INFLATER=false
## htsjdk.samtools.metrics.StringHeader
# Started on: Fri Apr 10 04:36:42 UTC 2026

## METRICS CLASS	picard.analysis.InsertSizeMetrics
MEDIAN_INSERT_SIZE	MODE_INSERT_SIZE	MEDIAN_ABSOLUTE_DEVIATION	MIN_INSERT_SIZE	MAX_INSERT_SIZE	MEAN_INSERT_SIZE	STANDARD_DEVIATION	READ_PAIRS	PAIR_ORIENTATION	WIDTH_OF_10_PERCENT	WIDTH_OF_20_PERCENT	WIDTH_OF_30_PERCENT	WIDTH_OF_40_PERCENT	WIDTH_OF_50_PERCENT	WIDTH_OF_60_PERCENT	WIDTH_OF_70_PERCENT	WIDTH_OF_80_PERCENT	WIDTH_OF_90_PERCENT	WIDTH_OF_95_PERCENT	WIDTH_OF_99_PERCENT	SAMPLE	LIBRARY	READ_GROUP
523	124	409	21	3321343	870.728087	1106.945716	22730389	FR	429	617	709	769	819	1369	3559	7789	21003	57853	154579			

## HISTOGRAM	java.lang.Integer
insert_size	All_Reads.fr_count
21	1
22	1
26	1
27	1
28	1
29	3
30	3
31	1
32	2
33	17
34	19
35	113
36	89
37	104
38	165
39	169
40	183
41	206
42	227
43	213
44	225
45	260
46	294
47	340
48	359
49	437
50	535
51	547
52	582
53	596
54	747
55	723
56	789
57	968
58	1114
59	1222
60	1352
61	1514
62	1658
63	1762
64	1960
65	2226
66	2327
67	2763
68	3117
69	3345
70	3953
71	4285
72	4568
73	5337
74	5900
75	10147
76	7843
77	8132
78	9689
79	9378
80	10089
81	11053
82	12254
83	13215
84	14436
85	15788
86	17073
87	18272
88	20125
89	21371
90	23247
91	25963
92	28000
93	29683
94	31953
95	35364
96	36790
97	39733
98	41926
99	45026
100	47964
101	49453
102	51651
103	54654
104	58019
105	59939
106	63292
107	65170
108	66888
109	70412
110	71656
111	72280
112	73529
113	76565
114	76895
115	79199
116	80794
117	82851
118	85044
119	84570
120	86252
121	88104
122	86138
123	88516
124	90937
125	89834
126	88567
127	89522
128	89164
129	88593
130	89031
131	89538
132	87205
133	88947
134	89702
135	88800
136	89777
137	88184
138	86955
139	86810
140	85722
141	85277
142	84220
143	82579
144	81956
145	81118
146	79373
147	77192
148	79195
149	78084
150	76611
151	77381
152	75855
153	75106
154	74096
155	74723
156	71859
157	72116
158	71392
159	69309
160	69233
161	67330
162	66845
163	65588
164	64128
165	62784
166	63286
167	62098
168	62040
169	61116
170	60035
171	59145
172	58807
173	58231
174	55867
175	55522
176	54702
177	53709
178	53619
179	52610
180	51318
181	50793
182	49868
183	48971
184	49458
185	47300
186	48165
187	47735
188	46342
189	45258
190	45646
191	44621
192	44005
193	43361
194	43766
195	42136
196	41724
197	41089
198	39785
199	40225
200	40029
201	39434
202	38953
203	39067
204	38017
205	37644
206	37209
207	36886
208	36675
209	35921
210	35109
211	34830
212	35341
213	34361
214	34140
215	33068
216	32353
217	32520
218	32028
219	31516
220	31688
221	31154
222	30785
223	30054
224	30206
225	29911
226	30296
227	29443
228	28715
229	28889
230	28753
231	28140
232	28112
233	28215
234	27045
235	27060
236	26742
237	25818
238	25639
239	25205
240	24800
241	25585
242	24215
243	24499
244	23788
245	23699
246	23245
247	22973
248	22633
249	22723
250	22164
251	22390
252	21704
253	21443
254	21549
255	21424
256	20925
257	20941
258	20710
259	20063
260	20331
261	20355
262	20053
263	19410
264	19666
265	19433
266	18823
267	18506
268	18438
269	18294
270	18679
271	18388
272	17717
273	17529
274	17674
275	17168
276	17124
277	16959
278	16488
279	16256
280	16419
281	16270
282	16457
283	16232
284	15943
285	15265
286	15411
287	15053
288	14869
289	15062
290	14564
291	14788
292	14344
293	14132
294	14232
295	14276
296	14084
297	13813
298	13675
299	13141
300	13034
301	13007
302	13117
303	12718
304	12893
305	12915
306	12321
307	12539
308	12560
309	12302
310	12249
311	11857
312	12157
313	11485
314	11845
315	11867
316	11440
317	11405
318	11078
319	11383
320	11507
321	11304
322	11425
323	10912
324	10591
325	10691
326	10714
327	10373
328	10399
329	10031
330	10340
331	10124
332	10178
333	9854
334	9684
335	9831
336	9973
337	9718
338	9794
339	9574
340	9497
341	9481
342	9046
343	9018
344	9188
345	9049
346	9113
347	9316
348	8887
349	8937
350	8909
351	8736
352	8695
353	8731
354	8754
355	8481
356	8320
357	8194
358	8326
359	8354
360	8372
361	8367
362	8387
363	8451
364	8009
365	7954
366	7900
367	7682
368	7861
369	7681
370	7851
371	7598
372	7478
373	7400
374	7553
375	7338
376	7446
377	7388
378	7612
379	7315
380	7312
381	7189
382	7145
383	7030
384	7287
385	7194
386	7252
387	7063
388	7025
389	6706
390	6627
391	6783
392	6729
393	6622
394	6700
395	6780
396	6745
397	6683
398	6583
399	6375
400	6577
401	6628
402	6420
403	6658
404	6391
405	6218
406	6330
407	6264
408	6154
409	6048
410	5947
411	6064
412	6241
413	6039
414	6017
415	5905
416	5792
417	5893
418	5878
419	5945
420	5778
421	5702
422	5505
423	5738
424	5679
425	5669
426	5716
427	5650
428	5775
429	5748
430	5519
431	5554
432	5641
433	5787
434	5375
435	5257
436	5369
437	5339
438	5212
439	5325
440	5359
441	5365
442	5502
443	5281
444	5435
445	5508
446	5392
447	5275
448	5269
449	5230
450	5144
451	5253
452	5342
453	5159
454	5358
455	5171
456	5013
457	4834
458	5147
459	4987
460	5075
461	5110
462	4959
463	5085
464	5036
465	4655
466	4705
467	4799
468	4618
469	4661
470	4818
471	4718
472	4725
473	4599
474	4783
475	4822
476	4676
477	4693
478	4672
479	4654
480	4544
481	4705
482	4529
483	4568
484	4713
485	4653
486	4542
487	4573
488	4604
489	4671
490	4604
491	4690
492	4501
493	4561
494	4547
495	4599
496	4496
497	4747
498	4537
499	4645
500	4492
501	4501
502	4464
503	4383
504	4430
505	4506
506	4546
507	4863
508	4464
509	4727
510	4662
511	4615
512	4371
513	4528
514	4500
515	4453
516	4449
517	4483
518	4249
519	4667
520	4456
521	4722
522	4471
523	4489
524	4477
525	4372
526	4351
527	4507
528	4467
529	4433
530	4510
531	4290
532	4365
533	4545
534	4334
535	4267
536	4645
537	4446
538	4485
539	4430
540	4565
541	4332
542	4327
543	4569
544	4430
545	4572
546	4252
547	4249
548	4239
549	4233
550	4261
551	4328
552	4239
553	4212
554	4185
555	4351
556	4357
557	4197
558	4261
559	4105
560	4155
561	4146
562	4244
563	4093
564	4124
565	4404
566	4254
567	4131
568	4318
569	4212
570	4340
571	4233
572	4165
573	4187
574	4210
575	4204
576	4298
577	4204
578	4178
579	3967
580	4292
581	4110
582	4302
583	4280
584	4020
585	4289
586	4206
587	4320
588	3972
589	4042
590	4038
591	3904
592	4196
593	4014
594	3890
595	4006
596	4068
597	4057
598	3986
599	4107
600	4130
601	4079
602	3852
603	3736
604	3853
605	4076
606	3914
607	4030
608	3959
609	4008
610	3717
611	3713
612	3714
613	3976
614	4055
615	3893
616	3843
617	3842
618	3699
619	4000
620	4004
621	3812
622	3752
623	3796
624	3839
625	4072
626	3907
627	3952
628	3966
629	3738
630	3884
631	3774
632	3924
633	3743
634	3854
635	3915
636	3928
637	3850
638	3723
639	3861
640	3976
641	3721
642	3719
643	3678
644	3903
645	3623
646	3792
647	3839
648	3862
649	3776
650	3767
651	3888
652	3893
653	3698
654	3928
655	3680
656	3543
657	3569
658	3720
659	3826
660	3721
661	3853
662	3711
663	3785
664	3769
665	3731
666	3630
667	3870
668	3793
669	3852
670	3902
671	3757
672	3884
673	3693
674	3789
675	3554
676	3671
677	3621
678	3737
679	3689
680	3556
681	3762
682	3695
683	3680
684	3559
685	3786
686	3591
687	3473
688	3636
689	3457
690	3784
691	3877
692	3851
693	3828
694	3944
695	3876
696	3822
697	3708
698	3874
699	3757
700	3570
701	3632
702	3821
703	3983
704	3781
705	3832
706	3703
707	3678
708	3730
709	3609
710	3639
711	3683
712	3808
713	3760
714	3739
715	3871
716	3745
717	3819
718	3660
719	3526
720	3859
721	3736
722	3474
723	3797
724	3822
725	3695
726	3499
727	3580
728	3716
729	3876
730	3883
731	3680
732	3740
733	3739
734	3755
735	3762
736	3834
737	3658
738	3746
739	3955
740	3609
741	3652
742	3505
743	3715
744	3709
745	3595
746	3665
747	3740
748	3502
749	3481
750	3595
751	3621
752	3728
753	3707
754	3719
755	3644
756	3634
757	3561
758	3785
759	3677
760	3694
761	3505
762	3420
763	3611
764	3651
765	3632
766	3505
767	3712
768	3478
769	3631
770	3805
771	3719
772	3355
773	3592
774	3576
775	3440
776	3380
777	3447
778	3268
779	3437
780	3567
781	3489
782	3229
783	3500
784	3340
785	3463
786	3517
787	3462
788	3528
789	3443
790	3451
791	3482
792	3495
793	3617
794	3581
795	3384
796	3636
797	3541
798	3455
799	3525
800	3386
801	3367
802	3469
803	3462
804	3390
805	3629
806	3424
807	3427
808	3375
809	3457
810	3426
811	3294
812	3452
813	3232
814	3331
815	3537
816	3415
817	3294
818	3359
819	3302
820	3279
821	3257
822	3360
823	3169
824	3238
825	3412
826	3287
827	3310
828	3267
829	3369
830	3357
831	3334
832	3259
833	3368
834	3237
835	3222
836	3377
837	3487
838	3354
839	3348
840	3311
841	3283
842	3403
843	3446
844	3206
845	3434
846	3348
847	3367
848	3326
849	3364
850	3496
851	3300
852	3275
853	3265
854	3168
855	3243
856	3141
857	3244
858	3166
859	3302
860	3357
861	3263
862	3064
863	3138
864	3505
865	3182
866	3388
867	3330
868	3238
869	3244
870	3198
871	3152
872	3171
873	3258
874	3177
875	3154
876	3292
877	3249
878	3251
879	3249
880	3287
881	2963
882	3307
883	3136
884	3312
885	3121
886	3152
887	3385
888	3188
889	2987
890	3159
891	3377
892	3250
893	3302
894	3251
895	3185
896	3040
897	2897
898	3155
899	3083
900	3187
901	3115
902	3300
903	3300
904	3181
905	3308
906	3316
907	3265
908	3082
909	3126
910	3175
911	3188
912	3203
913	3142
914	3239
915	3270
916	3085
917	3233
918	3085
919	3115
920	3090
921	3110
922	3223
923	3118
924	3206
925	3274
926	3105
927	3136
928	3102
929	3233
930	3255
931	3156
932	3291
933	3118
934	3209
935	3239
936	3196
937	3174
938	3062
939	3233
940	3140
941	3183
942	3203
943	3268
944	3100
945	2986
946	2896
947	3196
948	3257
949	3296
950	3230
951	3124
952	3211
953	3164
954	3059
955	3057
956	3093
957	3066
958	3005
959	3171
960	2894
961	2885
962	3052
963	3024
964	2982
965	3075
966	3125
967	3158
968	2894
969	3197
970	3055
971	3215
972	3129
973	3146
974	3150
975	3002
976	3138
977	3236
978	3041
979	3148
980	2996
981	2954
982	3030
983	3049
984	3126
985	3113
986	3065
987	2958
988	3242
989	2906
990	3096
991	2940
992	3050
993	2951
994	3024
995	2938
996	3055
997	2860
998	3029
999	2976
1000	3038
1001	3056
1002	2960
1003	2880
1004	2910
1005	2963
1006	2952
1007	2970
1008	2738
1009	3049
1010	2863
1011	2986
1012	2831
1013	2707
1014	2891
1015	2953
1016	2922
1017	2856
1018	2999
1019	2801
1020	2796
1021	2818
1022	2752
1023	2903
1024	2745
1025	2836
1026	2947
1027	2950
1028	2780
1029	2783
1030	2793
1031	2823
1032	2730
1033	2747
1034	2924
1035	3041
1036	2910
1037	2822
1038	2916
1039	2804
1040	3004
1041	2648
1042	2744
1043	2777
1044	2705
1045	3007
1046	2769
1047	2840
1048	2838
1049	2815
1050	2724
1051	2720
1052	2791
1053	2775
1054	2519
1055	2639
1056	2660
1057	2543
1058	2748
1059	2605
1060	2640
1061	2744
1062	2687
1063	2625
1064	2799
1065	2604
1066	2617
1067	2769
1068	2731
1069	2744
1070	2786
1071	2604
1072	2748
1073	2655
1074	2703
1075	2607
1076	2706
1077	2690
1078	2707
1079	2581
1080	2503
1081	2797
1082	2681
1083	2633
1084	2625
1085	2695
1086	2804
1087	2501
1088	2595
1089	2652
1090	2639
1091	2727
1092	2547
1093	2521
1094	2700
1095	2794
1096	2622
1097	2499
1098	2436
1099	2840
1100	2411
1101	2725
1102	2654
1103	2522
1104	2576
1105	2719
1106	2673
1107	2489
1108	2549
1109	2514
1110	2656
1111	2753
1112	2745
1113	2646
1114	2781
1115	2880
1116	2510
1117	2778
1118	2694
1119	2529
1120	2593
1121	2717
1122	2608
1123	2782
1124	2629
1125	2659
1126	2604
1127	2572
1128	2720
1129	2692
1130	2686
1131	2702
1132	2614
1133	2624
1134	2738
1135	2664
1136	2751
1137	2561
1138	2752
1139	2554
1140	2623
1141	2559
1142	2849
1143	2738
1144	2679
1145	2711
1146	2528
1147	2748
1148	2727
1149	2615
1150	2599
1151	2779
1152	2735
1153	2788
1154	2547
1155	2772
1156	2705
1157	2722
1158	2577
1159	2665
1160	2815
1161	2706
1162	2845
1163	2786
1164	2675
1165	2754
1166	2495
1167	2679
1168	2730
1169	2776
1170	2593
1171	2534
1172	2608
1173	2516
1174	2686
1175	2536
1176	2635
1177	2611
1178	2566
1179	2627
1180	2669
1181	2628
1182	2595
1183	2605
1184	2650
1185	2605
1186	2701
1187	2657
1188	2761
1189	2607
1190	2684
1191	2775
1192	2577
1193	2589
1194	2628
1195	2605
1196	2711
1197	2716
1198	2618
1199	2724
1200	2588
1201	2528
1202	2689
1203	2677
1204	2438
1205	2670
1206	2647
1207	2612
1208	2731
1209	2677
1210	2678
1211	2728
1212	2710
1213	2604
1214	2622
1215	2803
1216	2710
1217	2613
1218	2524
1219	2546
1220	2817
1221	2662
1222	2773
1223	2723
1224	2741
1225	2799
1226	2712
1227	2777
1228	2717
1229	2607
1230	2623
1231	2906
1232	2665
1233	2732
1234	2568
1235	2691
1236	2655
1237	2733
1238	2873
1239	2798
1240	2688
1241	2536
1242	2632
1243	2683
1244	2572
1245	2620
1246	2547
1247	2793
1248	2637
1249	2518
1250	2638
1251	2669
1252	2636
1253	2702
1254	2645
1255	2882
1256	2896
1257	2702
1258	2814
1259	2615
1260	2774
1261	2628
1262	2608
1263	2634
1264	2687
1265	2797
1266	2690
1267	2695
1268	2645
1269	2775
1270	2642
1271	2597
1272	2676
1273	2545
1274	2489
1275	2571
1276	2527
1277	2507
1278	2419
1279	2534
1280	2533
1281	2537
1282	2455
1283	2501
1284	2638
1285	2669
1286	2472
1287	2554
1288	2434
1289	2393
1290	2591
1291	2391
1292	2470
1293	2578
1294	2626
1295	2485
1296	2452
1297	2288
1298	2296
1299	2620
1300	2450
1301	2574
1302	2494
1303	2657
1304	2474
1305	2474
1306	2556
1307	2533
1308	2451
1309	2481
1310	2448
1311	2433
1312	2339
1313	2440
1314	2403
1315	2453
1316	2497
1317	2554
1318	2472
1319	2489
1320	2297
1321	2421
1322	2447
1323	2415
1324	2605
1325	2302
1326	2344
1327	2348
1328	2473
1329	2448
1330	2447
1331	2513
1332	2367
1333	2216
1334	2385
1335	2326
1336	2394
1337	2457
1338	2350
1339	2435
1340	2460
1341	2265
1342	2251
1343	2432
1344	2324
1345	2263
1346	2275
1347	2258
1348	2273
1349	2265
1350	2372
1351	2385
1352	2499
1353	2408
1354	2497
1355	2373
1356	2463
1357	2346
1358	2355
1359	2416
1360	2427
1361	2307
1362	2353
1363	2303
1364	2385
1365	2301
1366	2251
1367	2298
1368	2343
1369	2343
1370	2238
1371	2272
1372	2141
1373	2335
1374	2310
1375	2360
1376	2265
1377	2354
1378	2317
1379	2358
1380	2262
1381	2344
1382	2352
1383	2360
1384	2486
1385	2335
1386	2267
1387	2267
1388	2264
1389	2252
1390	2274
1391	2212
1392	2246
1393	2243
1394	2152
1395	2259
1396	2178
1397	2264
1398	2231
1399	2298
1400	2199
1401	2136
1402	2126
1403	2238
1404	2184
1405	2223
1406	2105
1407	2199
1408	2290
1409	2289
1410	2277
1411	2467
1412	2158
1413	2123
1414	2225
1415	2199
1416	2220
1417	2273
1418	2094
1419	2217
1420	2247
1421	2076
1422	2133
1423	2257
1424	2161
1425	2103
1426	2128
1427	2273
1428	2288
1429	2064
1430	2157
1431	2315
1432	2174
1433	2236
1434	2281
1435	2078
1436	2412
1437	2231
1438	2129
1439	2322
1440	2212
1441	2236
1442	2132
1443	2129
1444	2291
1445	2282
1446	2198
1447	2146
1448	2107
1449	2169
1450	2295
1451	2175
1452	2151
1453	2139
1454	2163
1455	2225
1456	2288
1457	2222
1458	2344
1459	2354
1460	2304
1461	2306
1462	2309
1463	2207
1464	2167
1465	2364
1466	2253
1467	2223
1468	2136
1469	2226
1470	2229
1471	2314
1472	2331
1473	2144
1474	2332
1475	2388
1476	2244
1477	2397
1478	2281
1479	2257
1480	2308
1481	2101
1482	2123
1483	2198
1484	2275
1485	2274
1486	2337
1487	2172
1488	2344
1489	2360
1490	2160
1491	2246
1492	2386
1493	2323
1494	2469
1495	2285
1496	2263
1497	2338
1498	2353
1499	2500
1500	2381
1501	2447
1502	2257
1503	2225
1504	2231
1505	2158
1506	2319
1507	2441
1508	2245
1509	2282
1510	2462
1511	2299
1512	2238
1513	2207
1514	2338
1515	2328
1516	2167
1517	2347
1518	2368
1519	2348
1520	2322
1521	2387
1522	2289
1523	2281
1524	2378
1525	2477
1526	2330
1527	2304
1528	2544
1529	2301
1530	2276
1531	2412
1532	2465
1533	2516
1534	2204
1535	2230
1536	2238
1537	2323
1538	2182
1539	2462
1540	2357
1541	2150
1542	2402
1543	2226
1544	2320
1545	2299
1546	2452
1547	2369
1548	2362
1549	2303
1550	2246
1551	2486
1552	2339
1553	2492
1554	2341
1555	2390
1556	2404
1557	2329
1558	2511
1559	2426
1560	2319
1561	2284
1562	2364
1563	2354
1564	2279
1565	2358
1566	2318
1567	2178
1568	2297
1569	2435
1570	2386
1571	2343
1572	2406
1573	2481
1574	2409
1575	2361
1576	2123
1577	2183
1578	2199
1579	2140
1580	2158
1581	2219
1582	2266
1583	2112
1584	2299
1585	2460
1586	2289
1587	2452
1588	2419
1589	2374
1590	2318
1591	2206
1592	2218
1593	2329
1594	2363
1595	2191
1596	2365
1597	2139
1598	2267
1599	2182
1600	2310
1601	2061
1602	2295
1603	2272
1604	2194
1605	2344
1606	2227
1607	2287
1608	2216
1609	2279
1610	2168
1611	2218
1612	2139
1613	2273
1614	2180
1615	2217
1616	2092
1617	2135
1618	2175
1619	2303
1620	2205
1621	2215
1622	2293
1623	2245
1624	2176
1625	2169
1626	2113
1627	2195
1628	2221
1629	2440
1630	2209
1631	2183
1632	2294
1633	2087
1634	2311
1635	2054
1636	2107
1637	2159
1638	2159
1639	2233
1640	2102
1641	2228
1642	2398
1643	2256
1644	2314
1645	2147
1646	2165
1647	2183
1648	2134
1649	2240
1650	2273
1651	2244
1652	2269
1653	2344
1654	2112
1655	2166
1656	2136
1657	2095
1658	2320
1659	2146
1660	2169
1661	2016
1662	2262
1663	2252
1664	2230
1665	2211
1666	2167
1667	2282
1668	2268
1669	2206
1670	2262
1671	2181
1672	2369
1673	2244
1674	2262
1675	2216
1676	2232
1677	2234
1678	2176
1679	2325
1680	2252
1681	2182
1682	2127
1683	2132
1684	2229
1685	2170
1686	2122
1687	2261
1688	2214
1689	2283
1690	2171
1691	2070
1692	2225
1693	2154
1694	2261
1695	2177
1696	2281
1697	2270
1698	2135
1699	2226
1700	2142
1701	2160
1702	2107
1703	2174
1704	2251
1705	2221
1706	2189
1707	2224
1708	2335
1709	2381
1710	2292
1711	2113
1712	2248
1713	2407
1714	2196
1715	2203
1716	2269
1717	2257
1718	2143
1719	2191
1720	2087
1721	2142
1722	2100
1723	2245
1724	2190
1725	2309
1726	2209
1727	2259
1728	2241
1729	2275
1730	2244
1731	2250
1732	2185
1733	2239
1734	2215
1735	2072
1736	2133
1737	2220
1738	2051
1739	2165
1740	2271
1741	2207
1742	2209
1743	2222
1744	2098
1745	2208
1746	2164
1747	2243
1748	2251
1749	2389
1750	2182
1751	2262
1752	2192
1753	2119
1754	2305
1755	2180
1756	2090
1757	2083
1758	2028
1759	1994
1760	2106
1761	2064
1762	2026
1763	2226
1764	2095
1765	2023
1766	1967
1767	1954
1768	2074
1769	2063
1770	1947
1771	2069
1772	2148
1773	2252
1774	2053
1775	2061
1776	2099
1777	2020
1778	1961
1779	2048
1780	1943
1781	2008
1782	2059
1783	1926
1784	1857
1785	1963
1786	1943
1787	2004
1788	1995
1789	2106
1790	2055
1791	1970
1792	1948
1793	2101
1794	1959
1795	1885
1796	1920
1797	1879
1798	2056
1799	2127
1800	1974
1801	1894
1802	1895
1803	1851
1804	1872
1805	1833
1806	1991
1807	1759
1808	1951
1809	1961
1810	1972
1811	1870
1812	1908
1813	2077
1814	1756
1815	1991
1816	1893
1817	1832
1818	1960
1819	1837
1820	1893
1821	1959
1822	1841
1823	1865
1824	1883
1825	1795
1826	1754
1827	1930
1828	1857
1829	1845
1830	1677
1831	1799
1832	1812
1833	1740
1834	1852
1835	1864
1836	1854
1837	1840
1838	1811
1839	1793
1840	1908
1841	1868
1842	1824
1843	1763
1844	1813
1845	1991
1846	1765
1847	1696
1848	1857
1849	1719
1850	1913
1851	1889
1852	1871
1853	1887
1854	1873
1855	1688
1856	1850
1857	1927
1858	1846
1859	1705
1860	1810
1861	1745
1862	1929
1863	1967
1864	1930
1865	1828
1866	1824
1867	1847
1868	1763
1869	1772
1870	1834
1871	1950
1872	1843
1873	1784
1874	1908
1875	1863
1876	1884
1877	1810
1878	1807
1879	1877
1880	1855
1881	1841
1882	1803
1883	1815
1884	1803
1885	1844
1886	1830
1887	1948
1888	1784
1889	1899
1890	1901
1891	1905
1892	1870
1893	1798
1894	1768
1895	1816
1896	1992
1897	1710
1898	1823
1899	1967
1900	1845
1901	1959
1902	1799
1903	1867
1904	1870
1905	1891
1906	1970
1907	2057
1908	1888
1909	1858
1910	1885
1911	1874
1912	2017
1913	1968
1914	1916
1915	2021
1916	1943
1917	2021
1918	1850
1919	1843
1920	1987
1921	1972
1922	1873
1923	1850
1924	1933
1925	1997
1926	1855
1927	1875
1928	1736
1929	1805
1930	1942
1931	1851
1932	1850
1933	1968
1934	1850
1935	1842
1936	1752
1937	1920
1938	1817
1939	1862
1940	1859
1941	1880
1942	1805
1943	1948
1944	1804
1945	1815
1946	1951
1947	1913
1948	1949
1949	1947
1950	1932
1951	1883
1952	1919
1953	1857
1954	1903
1955	1828
1956	1833
1957	1974
1958	2007
1959	1929
1960	1896
1961	1894
1962	1779
1963	1713
1964	1795
1965	1957
1966	2086
1967	1837
1968	1900
1969	1948
1970	1946
1971	1934
1972	2078
1973	1928
1974	1878
1975	1879
1976	1929
1977	1815
1978	1951
1979	1925
1980	1876
1981	1987
1982	2077
1983	1906
1984	1953
1985	1954
1986	1971
1987	1923
1988	1900
1989	2067
1990	2002
1991	1972
1992	2147
1993	1861
1994	2014
1995	2049
1996	2097
1997	2008
1998	2022
1999	2022
2000	2016
2001	1982
2002	2004
2003	2018
2004	1980
2005	2085
2006	2005
2007	1939
2008	1988
2009	2090
2010	2036
2011	1924
2012	2004
2013	2013
2014	1972
2015	1980
2016	1992
2017	1913
2018	2030
2019	2187
2020	2046
2021	2062
2022	2125
2023	1981
2024	2162
2025	2005
2026	2032
2027	1986
2028	2047
2029	2015
2030	2001
2031	2152
2032	1930
2033	1944
2034	2017
2035	2005
2036	1980
2037	1885
2038	1987
2039	1976
2040	2089
2041	1889
2042	1971
2043	1981
2044	2065
2045	2003
2046	1999
2047	2019
2048	1905
2049	2039
2050	1982
2051	1923
2052	1690
2053	1964
2054	1852
2055	1927
2056	1926
2057	1987
2058	1893
2059	1924
2060	1936
2061	1970
2062	1962
2063	1981
2064	1914
2065	1866
2066	1770
2067	1844
2068	1984
2069	1889
2070	1966
2071	1893
2072	1874
2073	1911
2074	1819
2075	1762
2076	1777
2077	1850
2078	1869
2079	1898
2080	1830
2081	1823
2082	1764
2083	1866
2084	1848
2085	1799
2086	1835
2087	1718
2088	1917
2089	1781
2090	1758
2091	1723
2092	1764
2093	1605
2094	1637
2095	1676
2096	1681
2097	1804
2098	1703
2099	1706
2100	1785
2101	1679
2102	1706
2103	1711
2104	1730
2105	1780
2106	1797
2107	1691
2108	1737
2109	1851
2110	1840
2111	1795
2112	1673
2113	1684
2114	1692
2115	1597
2116	1677
2117	1767
2118	1655
2119	1593
2120	1701
2121	1687
2122	1676
2123	1604
2124	1632
2125	1480
2126	1625
2127	1627
2128	1609
2129	1713
2130	1768
2131	1755
2132	1579
2133	1680
2134	1680
2135	1927
2136	1504
2137	1645
2138	1672
2139	1618
2140	1670
2141	1600
2142	1683
2143	1620
2144	1646
2145	1578
2146	1598
2147	1702
2148	1696
2149	1665
2150	1567
2151	1565
2152	1537
2153	1693
2154	1548
2155	1546
2156	1574
2157	1636
2158	1651
2159	1685
2160	1632
2161	1586
2162	1653
2163	1635
2164	1549
2165	1622
2166	1641
2167	1540
2168	1670
2169	1781
2170	1568
2171	1630
2172	1695
2173	1635
2174	1688
2175	1628
2176	1604
2177	1714
2178	1620
2179	1691
2180	1561
2181	1632
2182	1626
2183	1702
2184	1668
2185	1632
2186	1815
2187	1658
2188	1587
2189	1592
2190	1581
2191	1684
2192	1578
2193	1506
2194	1575
2195	1666
2196	1634
2197	1673
2198	1534
2199	1669
2200	1596
2201	1635
2202	1570
2203	1734
2204	1760
2205	1766
2206	1613
2207	1684
2208	1722
2209	1704
2210	1759
2211	1588
2212	1675
2213	1703
2214	1480
2215	1620
2216	1653
2217	1669
2218	1638
2219	1568
2220	1699
2221	1607
2222	1479
2223	1608
2224	1728
2225	1624
2226	1632
2227	1588
2228	1582
2229	1544
2230	1617
2231	1629
2232	1617
2233	1733
2234	1678
2235	1878
2236	1749
2237	1703
2238	1693
2239	1615
2240	1696
2241	1629
2242	1686
2243	1726
2244	1732
2245	1610
2246	1645
2247	1548
2248	1657
2249	1836
2250	1581
2251	1612
2252	1694
2253	1746
2254	1639
2255	1702
2256	1697
2257	1761
2258	1733
2259	1702
2260	1733
2261	1678
2262	1717
2263	1736
2264	1776
2265	1575
2266	1672
2267	1652
2268	1713
2269	1544
2270	1671
2271	1665
2272	1589
2273	1684
2274	1594
2275	1707
2276	1566
2277	1658
2278	1657
2279	1696
2280	1590
2281	1596
2282	1631
2283	1606
2284	1593
2285	1593
2286	1626
2287	1533
2288	1590
2289	1636
2290	1731
2291	1536
2292	1555
2293	1650
2294	1583
2295	1488
2296	1600
2297	1572
2298	1541
2299	1585
2300	1614
2301	1624
2302	1735
2303	1525
2304	1578
2305	1549
2306	1543
2307	1715
2308	1696
2309	1582
2310	1459
2311	1480
2312	1549
2313	1661
2314	1523
2315	1630
2316	1614
2317	1559
2318	1555
2319	1592
2320	1677
2321	1622
2322	1630
2323	1615
2324	1634
2325	1520
2326	1588
2327	1658
2328	1642
2329	1514
2330	1609
2331	1608
2332	1665
2333	1483
2334	1523
2335	1492
2336	1498
2337	1551
2338	1550
2339	1611
2340	1512
2341	1566
2342	1597
2343	1468
2344	1550
2345	1542
2346	1494
2347	1468
2348	1425
2349	1485
2350	1514
2351	1611
2352	1401
2353	1570
2354	1388
2355	1517
2356	1411
2357	1499
2358	1544
2359	1512
2360	1471
2361	1497
2362	1637
2363	1462
2364	1421
2365	1604
2366	1442
2367	1488
2368	1487
2369	1482
2370	1499
2371	1472
2372	1447
2373	1484
2374	1580
2375	1448
2376	1345
2377	1490
2378	1412
2379	1377
2380	1379
2381	1444
2382	1460
2383	1458
2384	1412
2385	1440
2386	1371
2387	1374
2388	1436
2389	1403
2390	1536
2391	1309
2392	1390
2393	1533
2394	1362
2395	1359
2396	1302
2397	1406
2398	1426
2399	1334
2400	1432
2401	1282
2402	1422
2403	1317
2404	1434
2405	1370
2406	1457
2407	1411
2408	1326
2409	1432
2410	1319
2411	1261
2412	1293
2413	1329
2414	1307
2415	1383
2416	1263
2417	1331
2418	1337
2419	1296
2420	1272
2421	1342
2422	1426
2423	1271
2424	1339
2425	1160
2426	1338
2427	1380
2428	1342
2429	1314
2430	1333
2431	1340
2432	1287
2433	1423
2434	1237
2435	1388
2436	1258
2437	1322
2438	1266
2439	1248
2440	1262
2441	1249
2442	1294
2443	1245
2444	1285
2445	1447
2446	1277
2447	1303
2448	1226
2449	1391
2450	1274
2451	1258
2452	1367
2453	1288
2454	1280
2455	1275
2456	1295
2457	1344
2458	1294
2459	1264
2460	1270
2461	1239
2462	1378
2463	1215
2464	1359
2465	1381
2466	1369
2467	1407
2468	1340
2469	1336
2470	1330
2471	1343
2472	1360
2473	1268
2474	1360
2475	1409
2476	1354
2477	1335
2478	1397
2479	1373
2480	1374
2481	1327
2482	1312
2483	1353
2484	1311
2485	1429
2486	1284
2487	1323
2488	1446
2489	1277
2490	1394
2491	1425
2492	1384
2493	1322
2494	1318
2495	1376
2496	1441
2497	1333
2498	1321
2499	1319
2500	1334
2501	1370
2502	1367
2503	1386
2504	1222
2505	1315
2506	1356
2507	1437
2508	1312
2509	1411
2510	1317
2511	1336
2512	1300
2513	1237
2514	1379
2515	1309
2516	1321
2517	1392
2518	1342
2519	1269
2520	1439
2521	1376
2522	1316
2523	1455
2524	1291
2525	1305
2526	1337
2527	1273
2528	1390
2529	1399
2530	1326
2531	1347
2532	1352
2533	1282
2534	1335
2535	1349
2536	1289
2537	1278
2538	1311
2539	1408
2540	1412
2541	1345
2542	1377
2543	1313
2544	1408
2545	1317
2546	1268
2547	1433
2548	1385
2549	1295
2550	1311
2551	1229
2552	1260
2553	1330
2554	1245
2555	1234
2556	1357
2557	1341
2558	1297
2559	1461
2560	1289
2561	1417
2562	1356
2563	1333
2564	1390
2565	1296
2566	1358
2567	1282
2568	1331
2569	1298
2570	1294
2571	1376
2572	1334
2573	1362
2574	1369
2575	1422
2576	1272
2577	1188
2578	1435
2579	1432
2580	1358
2581	1360
2582	1343
2583	1363
2584	1342
2585	1281
2586	1280
2587	1367
2588	1391
2589	1294
2590	1211
2591	1329
2592	1332
2593	1307
2594	1309
2595	1347
2596	1317
2597	1280
2598	1342
2599	1246
2600	1307
2601	1310
2602	1262
2603	1290
2604	1261
2605	1392
2606	1318
2607	1328
2608	1264
2609	1334
2610	1312
2611	1216
2612	1373
2613	1272
2614	1309
2615	1282
2616	1294
2617	1374
2618	1330
2619	1349
2620	1310
2621	1343
2622	1251
2623	1235
2624	1313
2625	1321
2626	1449
2627	1265
2628	1391
2629	1373
2630	1348
2631	1323
2632	1273
2633	1440
2634	1405
2635	1383
2636	1396
2637	1372
2638	1371
2639	1477
2640	1444
2641	1444
2642	1475
2643	1439
2644	1409
2645	1391
2646	1466
2647	1462
2648	1323
2649	1418
2650	1337
2651	1450
2652	1490
2653	1488
2654	1482
2655	1346
2656	1396
2657	1342
2658	1408
2659	1372
2660	1392
2661	1275
2662	1325
2663	1411
2664	1378
2665	1392
2666	1381
2667	1405
2668	1541
2669	1495
2670	1386
2671	1401
2672	1340
2673	1422
2674	1368
2675	1415
2676	1298
2677	1468
2678	1372
2679	1512
2680	1481
2681	1481
2682	1404
2683	1438
2684	1636
2685	1626
2686	1401
2687	1376
2688	1494
2689	1470
2690	1400
2691	1481
2692	1365
2693	1501
2694	1407
2695	1475
2696	1513
2697	1368
2698	1433
2699	1411
2700	1387
2701	1435
2702	1443
2703	1413
2704	1619
2705	1335
2706	1381
2707	1313
2708	1493
2709	1514
2710	1434
2711	1459
2712	1343
2713	1349
2714	1349
2715	1361
2716	1227
2717	1330
2718	1229
2719	1363
2720	1386
2721	1380
2722	1365
2723	1483
2724	1327
2725	1349
2726	1331
2727	1222
2728	1234
2729	1410
2730	1412
2731	1355
2732	1179
2733	1173
2734	1344
2735	1238
2736	1365
2737	1348
2738	1335
2739	1344
2740	1324
2741	1453
2742	1361
2743	1159
2744	1273
2745	1302
2746	1218
2747	1209
2748	1249
2749	1345
2750	1152
2751	1287
2752	1247
2753	1180
2754	1194
2755	1331
2756	1240
2757	1353
2758	1270
2759	1118
2760	1215
2761	1253
2762	1332
2763	1239
2764	1288
2765	1308
2766	1337
2767	1205
2768	1299
2769	1237
2770	1229
2771	1221
2772	1205
2773	1215
2774	1256
2775	1240
2776	1200
2777	1312
2778	1221
2779	1138
2780	1221
2781	1207
2782	1262
2783	1262
2784	1262
2785	1181
2786	1216
2787	1242
2788	1241
2789	1201
2790	1221
2791	1222
2792	1150
2793	1237
2794	1212
2795	1199
2796	1259
2797	1235
2798	1274
2799	1126
2800	1232
2801	1207
2802	1284
2803	1203
2804	1249
2805	1161
2806	1235
2807	1236
2808	1229
2809	1191
2810	1195
2811	1168
2812	1254
2813	1221
2814	1244
2815	1151
2816	1150
2817	1208
2818	1238
2819	1187
2820	1197
2821	1244
2822	1156
2823	1254
2824	1163
2825	1198
2826	1213
2827	1318
2828	1208
2829	1206
2830	1240
2831	1139
2832	1180
2833	1215
2834	1202
2835	1159
2836	1293
2837	1293
2838	1182
2839	1104
2840	1116
2841	1167
2842	1126
2843	1200
2844	1183
2845	1155
2846	1166
2847	1251
2848	1142
2849	1117
2850	1157
2851	1167
2852	1280
2853	1290
2854	1189
2855	1190
2856	1178
2857	1054
2858	1175
2859	1246
2860	1221
2861	1279
2862	1156
2863	1256
2864	1061
2865	1154
2866	1278
2867	1225
2868	1183
2869	1094
2870	1127
2871	1087
2872	1077
2873	1131
2874	1165
2875	1149
2876	1226
2877	1169
2878	1057
2879	1178
2880	1222
2881	1146
2882	1214
2883	1264
2884	1183
2885	1198
2886	1240
2887	1187
2888	1156
2889	1071
2890	1182
2891	1221
2892	1220
2893	1112
2894	1091
2895	1196
2896	1166
2897	1219
2898	1177
2899	1183
2900	1235
2901	1158
2902	1208
2903	1178
2904	1170
2905	1206
2906	1124
2907	1102
2908	1223
2909	1111
2910	1097
2911	1243
2912	1119
2913	1186
2914	1088
2915	1214
2916	1251
2917	1173
2918	1202
2919	1172
2920	1140
2921	1126
2922	1095
2923	1166
2924	1155
2925	1092
2926	1131
2927	1054
2928	1203
2929	1151
2930	1147
2931	1110
2932	1260
2933	1107
2934	1167
2935	1206
2936	1193
2937	1193
2938	1264
2939	1164
2940	1022
2941	1179
2942	1144
2943	1211
2944	1151
2945	1134
2946	1165
2947	1137
2948	1196
2949	1069
2950	1216
2951	1163
2952	1251
2953	1251
2954	1129
2955	1168
2956	1193
2957	1161
2958	1182
2959	1212
2960	1148
2961	1190
2962	1237
2963	1155
2964	1239
2965	1197
2966	1158
2967	1305
2968	1243
2969	1189
2970	1282
2971	1076
2972	1244
2973	1167
2974	1220
2975	1159
2976	1147
2977	1185
2978	1277
2979	1196
2980	1301
2981	1303
2982	1169
2983	1215
2984	1186
2985	1095
2986	1205
2987	1233
2988	1182
2989	1210
2990	1213
2991	1195
2992	1215
2993	1265
2994	1148
2995	1201
2996	1188
2997	1120
2998	1198
2999	1110
3000	1104
3001	1037
3002	1176
3003	1186
3004	1179
3005	1148
3006	1262
3007	1223
3008	1224
3009	1228
3010	1194
3011	1305
3012	1113
3013	1172
3014	1163
3015	1150
3016	1092
3017	1238
3018	1174
3019	1221
3020	1297
3021	1271
3022	1010
3023	1186
3024	1195
3025	1176
3026	1114
3027	1049
3028	1106
3029	1113
3030	1153
3031	1195
3032	1066
3033	1134
3034	1154
3035	1191
3036	1102
3037	1086
3038	1098
3039	1264
3040	1124
3041	1195
3042	1174
3043	1137
3044	1185
3045	1208
3046	1286
3047	1273
3048	1281
3049	1239
3050	1183
3051	1241
3052	1288
3053	1313
3054	1210
3055	1277
3056	1288
3057	1311
3058	1232
3059	1371
3060	1335
3061	1285
3062	1458
3063	1288
3064	1249
3065	1370
3066	1275
3067	1361
3068	1365
3069	1288
3070	1336
3071	1267
3072	1301
3073	1260
3074	1316
3075	1243
3076	1317
3077	1242
3078	1398
3079	1449
3080	1345
3081	1395
3082	1362
3083	1318
3084	1339
3085	1422
3086	1298
3087	1306
3088	1220
3089	1218
3090	1287
3091	1336
3092	1255
3093	1292
3094	1173
3095	1287
3096	1172
3097	1341
3098	1289
3099	1282
3100	1257
3101	1272
3102	1284
3103	1291
3104	1296
3105	1249
3106	1334
3107	1241
3108	1235
3109	1358
3110	1306
3111	1158
3112	1184
3113	1308
3114	1269
3115	1153
3116	1224
3117	1286
3118	1337
3119	1452
3120	1249
3121	1260
3122	1255
3123	1202
3124	1247
3125	1232
3126	1195
3127	1103
3128	1067
3129	1209
3130	1160
3131	1199
3132	1257
3133	1170
3134	1339
3135	1260
3136	1135
3137	1180
3138	1162
3139	1279
3140	1189
3141	1229
3142	1204
3143	1151
3144	1258
3145	1238
3146	1101
3147	1171
3148	1105
3149	1354
3150	1192
3151	1236
3152	1243
3153	1229
3154	1224
3155	1177
3156	1114
3157	1172
3158	1122
3159	1144
3160	1102
3161	1108
3162	1122
3163	1265
3164	1104
3165	1248
3166	1173
3167	1113
3168	1199
3169	1110
3170	1204
3171	1189
3172	1129
3173	1012
3174	1136
3175	1175
3176	1275
3177	1238
3178	1100
3179	1180
3180	1130
3181	1150
3182	1176
3183	1187
3184	1089
3185	1154
3186	1118
3187	1113
3188	1106
3189	1159
3190	1130
3191	1144
3192	1114
3193	1041
3194	1053
3195	1164
3196	1147
3197	1117
3198	1187
3199	1013
3200	1231
3201	1165
3202	1090
3203	1059
3204	1208
3205	1204
3206	1205
3207	1145
3208	1159
3209	1133
3210	1129
3211	1140
3212	1177
3213	1087
3214	1103
3215	1122
3216	1102
3217	1053
3218	1141
3219	1059
3220	1196
3221	1120
3222	1130
3223	1108
3224	1138
3225	1125
3226	1077
3227	1213
3228	1153
3229	1045
3230	1103
3231	1091
3232	1178
3233	1113
3234	1103
3235	1231
3236	1132
3237	1000
3238	1243
3239	1188
3240	1004
3241	1115
3242	1118
3243	1134
3244	1102
3245	1258
3246	1079
3247	1052
3248	1054
3249	1122
3250	1020
3251	1145
3252	1126
3253	1088
3254	1148
3255	1126
3256	1045
3257	1168
3258	1172
3259	1056
3260	1127
3261	1158
3262	996
3263	1050
3264	1127
3265	1068
3266	1027
3267	1148
3268	1121
3269	1145
3270	1122
3271	1094
3272	1002
3273	1160
3274	1183
3275	1081
3276	1199
3277	1121
3278	1120
3279	1055
3280	1125
3281	1175
3282	981
3283	999
3284	1085
3285	1130
3286	1084
3287	1125
3288	1105
3289	1085
3290	1158
3291	1059
3292	1063
3293	1174
3294	1075
3295	1212
3296	1046
3297	1130
3298	1085
3299	1157
3300	1115
3301	1128
3302	1093
3303	1000
3304	1032
3305	1113
3306	1109
3307	1137
3308	1143
3309	1079
3310	1053
3311	1131
3312	1056
3313	1189
3314	1083
3315	1165
3316	1035
3317	1128
3318	1063
3319	1141
3320	1104
3321	1155
3322	1124
3323	1093
3324	1063
3325	1148
3326	1130
3327	1141
3328	1166
3329	1119
3330	1064
3331	1086
3332	1054
3333	1117
3334	1111
3335	1125
3336	1182
3337	1153
3338	1124
3339	1032
3340	1096
3341	1141
3342	1112
3343	1127
3344	1092
3345	1084
3346	1062
3347	1172
3348	1170
3349	1039
3350	1205
3351	1055
3352	1052
3353	995
3354	1125
3355	1038
3356	1040
3357	1007
3358	1154
3359	1055
3360	1059
3361	1022
3362	1089
3363	995
3364	1111
3365	976
3366	995
3367	996
3368	1060
3369	1062
3370	1138
3371	985
3372	1172
3373	983
3374	1005
3375	1021
3376	1070
3377	906
3378	961
3379	1035
3380	1029
3381	1022
3382	886
3383	997
3384	1059
3385	1034
3386	955
3387	977
3388	908
3389	1071
3390	1008
3391	1089
3392	938
3393	991
3394	943
3395	1069
3396	1046
3397	979
3398	1047
3399	1102
3400	984
3401	1031
3402	1094
3403	958
3404	1040
3405	1018
3406	1148
3407	985
3408	1017
3409	1060
3410	1018
3411	1136
3412	1017
3413	1059
3414	1036
3415	975
3416	1018
3417	934
3418	1107
3419	987
3420	1061
3421	970
3422	1034
3423	993
3424	1040
3425	1075
3426	987
3427	1047
3428	998
3429	985
3430	1038
3431	940
3432	1062
3433	1036
3434	1021
3435	1015
3436	1041
3437	951
3438	982
3439	952
3440	952
3441	897
3442	1016
3443	1011
3444	1041
3445	1003
3446	969
3447	929
3448	943
3449	1001
3450	1115
3451	1031
3452	986
3453	992
3454	935
3455	1015
3456	974
3457	902
3458	935
3459	877
3460	1007
3461	942
3462	940
3463	919
3464	1008
3465	942
3466	997
3467	1009
3468	918
3469	967
3470	864
3471	924
3472	899
3473	986
3474	995
3475	976
3476	956
3477	944
3478	926
3479	918
3480	984
3481	936
3482	883
3483	983
3484	944
3485	970
3486	1041
3487	873
3488	1012
3489	901
3490	978
3491	941
3492	833
3493	968
3494	954
3495	984
3496	926
3497	966
3498	894
3499	882
3500	1059
3501	932
3502	944
3503	1005
3504	936
3505	1045
3506	1007
3507	1063
3508	944
3509	870
3510	906
3511	1018
3512	999
3513	899
3514	899
3515	925
3516	915
3517	981
3518	919
3519	945
3520	924
3521	932
3522	944
3523	987
3524	1023
3525	935
3526	913
3527	932
3528	924
3529	985
3530	962
3531	1005
3532	949
3533	940
3534	946
3535	969
3536	962
3537	922
3538	950
3539	918
3540	993
3541	978
3542	926
3543	908
3544	937
3545	934
3546	1029
3547	1009
3548	910
3549	891
3550	944
3551	841
3552	965
3553	933
3554	902
3555	1054
3556	845
3557	939
3558	906
3559	1035
3560	1033
3561	980
3562	986
3563	981
3564	936
3565	957
3566	989
3567	970
3568	1005
3569	1060
3570	910
3571	946
3572	916
3573	974
3574	903
3575	1017
3576	1017
3577	974
3578	897
3579	922
3580	885
3581	958
3582	975
3583	962
3584	943
3585	949
3586	943
3587	984
3588	953
3589	981
3590	937
3591	988
3592	953
3593	999
3594	1025
3595	986
3596	969
3597	1048
3598	933
3599	931
3600	930
3601	913
3602	953
3603	975
3604	942
3605	1000
3606	1019
3607	921
3608	935
3609	968
3610	1025
3611	907
3612	985
3613	956
3614	984
3615	1023
3616	994
3617	971
3618	971
3619	1047
3620	931
3621	967
3622	841
3623	923
3624	868
3625	968
3626	921
3627	1011
3628	1052
3629	898
3630	1033
3631	986
3632	1076
3633	896
3634	1035
3635	986
3636	940
3637	923
3638	977
3639	973
3640	991
3641	994
3642	865
3643	992
3644	1033
3645	973
3646	988
3647	949
3648	941
3649	931
3650	953
3651	983
3652	940
3653	978
3654	970
3655	1083
3656	952
3657	904
3658	852
3659	993
3660	991
3661	964
3662	895
3663	897
3664	1007
3665	1002
3666	967
3667	961
3668	1007
3669	895
3670	912
3671	920
3672	984
3673	965
3674	842
3675	941
3676	965
3677	972
3678	961
3679	1014
3680	982
3681	991
3682	944
3683	909
3684	971
3685	1006
3686	1015
3687	960
3688	959
3689	870
3690	989
3691	911
3692	991
3693	978
3694	1002
3695	1016
3696	1065
3697	1039
3698	1022
3699	1046
3700	1031
3701	951
3702	1027
3703	1014
3704	991
3705	1079
3706	1075
3707	935
3708	1112
3709	1005
3710	967
3711	1007
3712	911
3713	1012
3714	994
3715	964
3716	1044
3717	906
3718	1064
3719	988
3720	977
3721	960
3722	1030
3723	1000
3724	1091
3725	989
3726	1064
3727	1057
3728	1015
3729	1041
3730	1004
3731	1053
3732	1061
3733	1137
3734	994
3735	978
3736	978
3737	1046
3738	1122
3739	955
3740	1006
3741	957
3742	935
3743	957
3744	1064
3745	1075
3746	1071
3747	964
3748	1020
3749	1092
3750	1044
3751	1013
3752	980
3753	998
3754	1005
3755	1058
3756	1010
3757	1149
3758	1128
3759	1125
3760	992
3761	968
3762	1142
3763	1023
3764	1038
3765	1019
3766	1037
3767	982
3768	1050
3769	997
3770	913
3771	1054
3772	991
3773	874
3774	1026
3775	1025
3776	956
3777	968
3778	960
3779	1038
3780	1063
3781	1016
3782	983
3783	878
3784	1080
3785	905
3786	1027
3787	1001
3788	1004
3789	1019
3790	975
3791	905
3792	935
3793	963
3794	1007
3795	937
3796	956
3797	916
3798	810
3799	900
3800	980
3801	1013
3802	924
3803	948
3804	847
3805	927
3806	928
3807	944
3808	912
3809	847
3810	1004
3811	872
3812	841
3813	871
3814	901
3815	967
3816	901
3817	950
3818	827
3819	885
3820	919
3821	875
3822	841
3823	854
3824	841
3825	853
3826	895
3827	858
3828	775
3829	787
3830	774
3831	878
3832	740
3833	780
3834	865
3835	752
3836	933
3837	851
3838	822
3839	753
3840	823
3841	835
3842	832
3843	781
3844	757
3845	772
3846	874
3847	898
3848	842
3849	880
3850	902
3851	884
3852	838
3853	805
3854	826
3855	832
3856	900
3857	812
3858	884
3859	841
3860	794
3861	808
3862	861
3863	900
3864	813
3865	821
3866	847
3867	891
3868	738
3869	738
3870	747
3871	841
3872	829
3873	831
3874	840
3875	832
3876	895
3877	844
3878	851
3879	867
3880	805
3881	880
3882	939
3883	853
3884	837
3885	827
3886	821
3887	849
3888	898
3889	841
3890	896
3891	780
3892	845
3893	864
3894	854
3895	835
3896	854
3897	853
3898	877
3899	872
3900	835
3901	921
3902	830
3903	837
3904	855
3905	894
3906	912
3907	800
3908	871
3909	885
3910	855
3911	905
3912	889
3913	919
3914	822
3915	904
3916	873
3917	890
3918	905
3919	855
3920	928
3921	949
3922	1001
3923	971
3924	912
3925	866
3926	890
3927	888
3928	948
3929	977
3930	945
3931	1049
3932	916
3933	1033
3934	872
3935	871
3936	977
3937	902
3938	973
3939	909
3940	888
3941	926
3942	1000
3943	897
3944	910
3945	882
3946	753
3947	969
3948	881
3949	966
3950	799
3951	821
3952	989
3953	857
3954	929
3955	811
3956	910
3957	923
3958	923
3959	1022
3960	934
3961	948
3962	877
3963	1035
3964	826
3965	929
3966	911
3967	873
3968	878
3969	934
3970	955
3971	903
3972	969
3973	862
3974	914
3975	922
3976	982
3977	936
3978	892
3979	910
3980	892
3981	867
3982	938
3983	846
3984	864
3985	931
3986	964
3987	797
3988	903
3989	872
3990	806
3991	877
3992	793
3993	869
3994	817
3995	893
3996	823
3997	747
3998	807
3999	819
4000	785
4001	868
4002	836
4003	908
4004	747
4005	834
4006	896
4007	774
4008	874
4009	835
4010	859
4011	885
4012	827
4013	886
4014	822
4015	943
4016	835
4017	872
4018	896
4019	972
4020	856
4021	874
4022	905
4023	892
4024	873
4025	953
4026	863
4027	879
4028	914
4029	839
4030	875
4031	760
4032	878
4033	828
4034	857
4035	993
4036	896
4037	803
4038	778
4039	798
4040	794
4041	840
4042	853
4043	804
4044	746
4045	820
4046	826
4047	799
4048	847
4049	797
4050	751
4051	779
4052	866
4053	857
4054	816
4055	857
4056	808
4057	739
4058	758
4059	893
4060	798
4061	841
4062	777
4063	835
4064	796
4065	859
4066	922
4067	793
4068	913
4069	749
4070	868
4071	837
4072	856
4073	810
4074	811
4075	848
4076	802
4077	791
4078	853
4079	858
4080	928
4081	814
4082	850
4083	841
4084	761
4085	888
4086	770
4087	827
4088	864
4089	862
4090	834
4091	837
4092	831
4093	773
4094	786
4095	775
4096	857
4097	737
4098	877
4099	819
4100	936
4101	833
4102	834
4103	828
4104	820
4105	882
4106	765
4107	796
4108	776
4109	839
4110	773
4111	846
4112	741
4113	797
4114	855
4115	751
4116	818
4117	905
4118	751
4119	830
4120	863
4121	892
4122	902
4123	749
4124	827
4125	812
4126	923
4127	861
4128	839
4129	836
4130	748
4131	821
4132	787
4133	718
4134	789
4135	715
4136	839
4137	829
4138	748
4139	779
4140	749
4141	749
4142	861
4143	798
4144	773
4145	793
4146	819
4147	809
4148	878
4149	805
4150	823
4151	759
4152	751
4153	750
4154	734
4155	725
4156	827
4157	761
4158	763
4159	773
4160	728
4161	750
4162	774
4163	783
4164	823
4165	842
4166	672
4167	644
4168	799
4169	728
4170	799
4171	730
4172	781
4173	798
4174	781
4175	773
4176	766
4177	714
4178	766
4179	765
4180	712
4181	847
4182	743
4183	756
4184	615
4185	807
4186	759
4187	773
4188	854
4189	795
4190	818
4191	776
4192	740
4193	762
4194	714
4195	694
4196	676
4197	797
4198	718
4199	703
4200	784
4201	769
4202	721
4203	685
4204	733
4205	698
4206	728
4207	753
4208	801
4209	762
4210	738
4211	666
4212	735
4213	676
4214	792
4215	762
4216	708
4217	812
4218	800
4219	751
4220	790
4221	729
4222	757
4223	704
4224	749
4225	793
4226	746
4227	755
4228	791
4229	740
4230	729
4231	745
4232	705
4233	775
4234	789
4235	754
4236	723
4237	848
4238	748
4239	762
4240	657
4241	760
4242	804
4243	745
4244	813
4245	777
4246	744
4247	797
4248	719
4249	704
4250	729
4251	814
4252	732
4253	761
4254	799
4255	749
4256	718
4257	711
4258	853
4259	737
4260	789
4261	767
4262	777
4263	840
4264	857
4265	798
4266	817
4267	784
4268	833
4269	815
4270	759
4271	784
4272	771
4273	887
4274	753
4275	778
4276	763
4277	861
4278	821
4279	770
4280	848
4281	784
4282	861
4283	810
4284	733
4285	843
4286	737
4287	802
4288	744
4289	802
4290	812
4291	786
4292	790
4293	867
4294	948
4295	850
4296	816
4297	768
4298	842
4299	784
4300	862
4301	803
4302	772
4303	777
4304	761
4305	730
4306	827
4307	815
4308	810
4309	747
4310	675
4311	842
4312	801
4313	768
4314	833
4315	745
4316	823
4317	687
4318	725
4319	730
4320	811
4321	815
4322	737
4323	862
4324	729
4325	780
4326	666
4327	819
4328	735
4329	766
4330	709
4331	786
4332	698
4333	719
4334	809
4335	689
4336	736
4337	698
4338	655
4339	748
4340	729
4341	776
4342	652
4343	716
4344	685
4345	742
4346	698
4347	712
4348	706
4349	678
4350	732
4351	728
4352	720
4353	757
4354	768
4355	699
4356	731
4357	721
4358	693
4359	670
4360	724
4361	730
4362	660
4363	802
4364	661
4365	639
4366	709
4367	713
4368	718
4369	713
4370	604
4371	714
4372	805
4373	686
4374	635
4375	829
4376	742
4377	731
4378	795
4379	684
4380	726
4381	688
4382	688
4383	773
4384	695
4385	719
4386	671
4387	726
4388	713
4389	656
4390	724
4391	717
4392	703
4393	762
4394	699
4395	753
4396	737
4397	729
4398	643
4399	723
4400	750
4401	701
4402	753
4403	647
4404	733
4405	729
4406	749
4407	721
4408	737
4409	694
4410	674
4411	669
4412	779
4413	824
4414	720
4415	652
4416	662
4417	709
4418	733
4419	618
4420	695
4421	655
4422	716
4423	615
4424	707
4425	646
4426	730
4427	631
4428	596
4429	667
4430	711
4431	723
4432	682
4433	698
4434	667
4435	672
4436	677
4437	688
4438	636
4439	570
4440	615
4441	661
4442	706
4443	683
4444	624
4445	658
4446	674
4447	592
4448	649
4449	627
4450	686
4451	674
4452	682
4453	667
4454	569
4455	586
4456	704
4457	633
4458	675
4459	616
4460	584
4461	625
4462	731
4463	631
4464	633
4465	682
4466	632
4467	583
4468	605
4469	657
4470	661
4471	681
4472	632
4473	700
4474	746
4475	645
4476	712
4477	626
4478	621
4479	666
4480	633
4481	721
4482	755
4483	642
4484	593
4485	589
4486	653
4487	682
4488	651
4489	696
4490	622
4491	639
4492	701
4493	644
4494	632
4495	628
4496	713
4497	580
4498	641
4499	607
4500	584
4501	672
4502	675
4503	716
4504	721
4505	748
4506	598
4507	664
4508	696
4509	710
4510	682
4511	694
4512	675
4513	636
4514	731
4515	583
4516	726
4517	609
4518	697
4519	683
4520	675
4521	663
4522	632
4523	665
4524	713
4525	715
4526	708
4527	651
4528	660
4529	696
4530	631
4531	648
4532	670
4533	642
4534	652
4535	598
4536	654
4537	660
4538	655
4539	639
4540	693
4541	688
4542	619
4543	660
4544	690
4545	681
4546	650
4547	598
4548	637
4549	617
4550	650
4551	662
4552	589
4553	663
4554	628
4555	631
4556	588
4557	612
4558	644
4559	563
4560	627
4561	665
4562	692
4563	593
4564	586
4565	634
4566	598
4567	647
4568	589
4569	589
4570	557
4571	588
4572	537
4573	621
4574	661
4575	680
4576	624
4577	597
4578	621
4579	623
4580	671
4581	611
4582	591
4583	664
4584	639
4585	635
4586	597
4587	678
4588	682
4589	593
4590	671
4591	664
4592	622
4593	645
4594	605
4595	650
4596	579
4597	688
4598	576
4599	620
4600	651
4601	640
4602	558
4603	626
4604	616
4605	660
4606	691
4607	694
4608	611
4609	629
4610	645
4611	638
4612	619
4613	660

