## htsjdk.samtools.metrics.StringHeader
# CollectInsertSizeMetrics HISTOGRAM_FILE=/work/ugbogu/pipeline/data/nbl/GSE189367/results/picard/SRR17010983_insert_size_histogram.pdf MINIMUM_PCT=0.5 INPUT=/work/ugbogu/pipeline/data/nbl/GSE189367/results/star/SRR17010983.Aligned.sortedByCoord.out.bam OUTPUT=/work/ugbogu/pipeline/data/nbl/GSE189367/results/picard/SRR17010983_insert_size_metrics.txt    DEVIATIONS=10.0 METRIC_ACCUMULATION_LEVEL=[ALL_READS] INCLUDE_DUPLICATES=false ASSUME_SORTED=true STOP_AFTER=0 VERBOSITY=INFO QUIET=false VALIDATION_STRINGENCY=STRICT COMPRESSION_LEVEL=5 MAX_RECORDS_IN_RAM=500000 CREATE_INDEX=false CREATE_MD5_FILE=false USE_JDK_DEFLATER=false USE_JDK_INFLATER=false
## htsjdk.samtools.metrics.StringHeader
# Started on: Sun Apr 12 07:02:46 UTC 2026

## METRICS CLASS	picard.analysis.InsertSizeMetrics
MEDIAN_INSERT_SIZE	MODE_INSERT_SIZE	MEDIAN_ABSOLUTE_DEVIATION	MIN_INSERT_SIZE	MAX_INSERT_SIZE	MEAN_INSERT_SIZE	STANDARD_DEVIATION	READ_PAIRS	PAIR_ORIENTATION	WIDTH_OF_10_PERCENT	WIDTH_OF_20_PERCENT	WIDTH_OF_30_PERCENT	WIDTH_OF_40_PERCENT	WIDTH_OF_50_PERCENT	WIDTH_OF_60_PERCENT	WIDTH_OF_70_PERCENT	WIDTH_OF_80_PERCENT	WIDTH_OF_90_PERCENT	WIDTH_OF_95_PERCENT	WIDTH_OF_99_PERCENT	SAMPLE	LIBRARY	READ_GROUP
653	133	528	29	3565397	1095.289654	1392.92562	36539866	FR	523	809	933	1003	1057	1401	3563	7853	20755	53609	165375			

## HISTOGRAM	java.lang.Integer
insert_size	All_Reads.fr_count
29	7
30	6
31	7
32	10
33	17
34	42
35	390
36	368
37	434
38	463
39	460
40	489
41	515
42	580
43	579
44	564
45	570
46	666
47	597
48	736
49	744
50	836
51	869
52	874
53	907
54	886
55	1011
56	1056
57	1103
58	1369
59	1407
60	1563
61	1649
62	1821
63	2074
64	2043
65	2235
66	2520
67	2983
68	3201
69	3605
70	3670
71	4459
72	4299
73	5505
74	5801
75	11581
76	7224
77	7299
78	9057
79	9111
80	9646
81	10673
82	11465
83	12892
84	14006
85	15056
86	16217
87	17999
88	19351
89	20989
90	23281
91	25722
92	28179
93	30138
94	32622
95	35502
96	37492
97	42012
98	45224
99	48024
100	50977
101	54094
102	56663
103	60614
104	65207
105	69919
106	72865
107	75928
108	78462
109	83471
110	86432
111	88288
112	92308
113	95132
114	98280
115	100743
116	104416
117	106347
118	110491
119	111405
120	113863
121	119676
122	120561
123	125680
124	126308
125	126055
126	126004
127	128069
128	127259
129	128001
130	130037
131	129636
132	129630
133	135456
134	134003
135	131472
136	135072
137	134361
138	131803
139	132130
140	132387
141	130189
142	129774
143	129231
144	127847
145	129017
146	126317
147	126263
148	126021
149	125718
150	121851
151	123974
152	121112
153	119777
154	118139
155	117994
156	116568
157	115885
158	113921
159	111624
160	111601
161	109121
162	107886
163	107980
164	104512
165	102584
166	103352
167	102086
168	100036
169	99668
170	99614
171	97179
172	96841
173	93921
174	92633
175	92439
176	90382
177	88749
178	87808
179	87558
180	85734
181	85126
182	83665
183	82437
184	81255
185	79786
186	78746
187	79080
188	78243
189	75780
190	74870
191	74473
192	73686
193	72510
194	71029
195	70092
196	69283
197	69023
198	67711
199	66818
200	66132
201	65436
202	65977
203	64561
204	62915
205	61779
206	61261
207	60290
208	60322
209	60171
210	58475
211	57881
212	57340
213	56574
214	56614
215	55235
216	54457
217	53688
218	53247
219	52297
220	51823
221	51677
222	50789
223	50505
224	50212
225	49389
226	48755
227	48342
228	47740
229	47611
230	47670
231	46743
232	46327
233	46014
234	45416
235	45078
236	44351
237	43248
238	42477
239	42109
240	41608
241	41253
242	40625
243	40274
244	39640
245	39086
246	38734
247	37624
248	37922
249	37250
250	37346
251	36769
252	36166
253	36182
254	35531
255	34761
256	34814
257	34078
258	33618
259	33536
260	33028
261	33362
262	32854
263	32540
264	31619
265	32458
266	31060
267	30539
268	30832
269	30033
270	30183
271	29937
272	29137
273	29352
274	29319
275	28892
276	28564
277	27885
278	28072
279	27207
280	26702
281	26824
282	26717
283	26140
284	26043
285	25606
286	25687
287	24877
288	24653
289	24720
290	24436
291	23884
292	24077
293	23672
294	23360
295	23492
296	22804
297	22497
298	22809
299	22434
300	22137
301	22030
302	21677
303	21504
304	21142
305	20872
306	20350
307	20688
308	21303
309	20951
310	20154
311	19807
312	19641
313	19556
314	19365
315	19305
316	19023
317	19117
318	18220
319	18315
320	18159
321	18431
322	17895
323	18267
324	17838
325	17798
326	17291
327	17018
328	17257
329	16821
330	16781
331	16816
332	16852
333	16378
334	16428
335	15901
336	16317
337	15359
338	15738
339	15398
340	15720
341	15578
342	15291
343	14978
344	14980
345	14954
346	15181
347	15013
348	14518
349	14527
350	14810
351	14177
352	14296
353	14298
354	14240
355	13903
356	13714
357	14098
358	13851
359	13520
360	13629
361	13523
362	13484
363	13363
364	13421
365	12856
366	13155
367	13204
368	13043
369	12744
370	12712
371	12679
372	12475
373	12589
374	12550
375	12140
376	12338
377	12028
378	12222
379	11878
380	11909
381	11604
382	11672
383	11598
384	11882
385	11670
386	11623
387	11414
388	11150
389	11214
390	10931
391	11375
392	11199
393	11040
394	11224
395	11253
396	10976
397	11036
398	10811
399	10573
400	10780
401	10776
402	10802
403	10338
404	10248
405	10270
406	10286
407	10005
408	10494
409	10114
410	10053
411	10008
412	10030
413	9769
414	10086
415	9778
416	9934
417	10076
418	10020
419	9860
420	9593
421	9554
422	9625
423	9649
424	9939
425	9616
426	9554
427	9511
428	9402
429	9840
430	9516
431	9452
432	9382
433	9616
434	9446
435	9211
436	8827
437	8972
438	8783
439	8970
440	9091
441	9372
442	9111
443	8962
444	9273
445	8688
446	8984
447	8866
448	8859
449	8867
450	8595
451	8901
452	8915
453	8943
454	9473
455	9347
456	8809
457	8348
458	8324
459	8602
460	8396
461	8467
462	8397
463	8373
464	8239
465	8350
466	8227
467	8341
468	8314
469	8255
470	8226
471	8128
472	7999
473	8269
474	7865
475	7817
476	7876
477	8031
478	7954
479	7840
480	8084
481	7924
482	7880
483	7826
484	7635
485	7812
486	7682
487	7758
488	7630
489	8042
490	7673
491	7850
492	7978
493	7662
494	7699
495	7739
496	7651
497	7745
498	7871
499	7980
500	7704
501	7692
502	7569
503	7706
504	7718
505	7600
506	7747
507	8025
508	7658
509	7874
510	7518
511	7802
512	7756
513	7611
514	7662
515	7728
516	7563
517	7735
518	7489
519	7947
520	7762
521	7668
522	7523
523	7684
524	7569
525	7591
526	7576
527	7515
528	7278
529	7396
530	7452
531	7474
532	7472
533	7574
534	7492
535	7591
536	7689
537	7681
538	7653
539	7551
540	7458
541	7594
542	7366
543	7675
544	7389
545	7368
546	7520
547	7382
548	7137
549	7494
550	7055
551	7527
552	6975
553	7076
554	7317
555	7323
556	7301
557	7261
558	7167
559	7009
560	7290
561	7051
562	7354
563	7393
564	7330
565	7099
566	7182
567	7280
568	7136
569	7187
570	6981
571	7111
572	7023
573	7046
574	7196
575	7160
576	7058
577	7507
578	7175
579	7115
580	7031
581	7222
582	7039
583	7164
584	6875
585	7296
586	6937
587	7114
588	7062
589	7022
590	6944
591	6905
592	7118
593	6875
594	6772
595	7253
596	6820
597	7064
598	7162
599	7004
600	7053
601	6971
602	7210
603	6847
604	6847
605	6868
606	7000
607	6798
608	6704
609	6841
610	6729
611	6845
612	6590
613	6490
614	6890
615	6837
616	6813
617	6758
618	6640
619	6688
620	6686
621	6658
622	6668
623	6546
624	6958
625	7043
626	6791
627	6860
628	6744
629	6683
630	6647
631	6462
632	6651
633	6638
634	6891
635	6851
636	6819
637	6654
638	6913
639	6732
640	6533
641	6478
642	6595
643	6360
644	6479
645	6648
646	6705
647	6636
648	6630
649	7129
650	6511
651	6537
652	6525
653	6470
654	6549
655	6506
656	6575
657	6430
658	6416
659	6819
660	6606
661	6709
662	6406
663	6503
664	6393
665	6820
666	6576
667	6763
668	6710
669	6544
670	6772
671	6546
672	6436
673	6417
674	6439
675	6469
676	6434
677	6446
678	6684
679	6511
680	6692
681	6486
682	6757
683	6586
684	6305
685	6480
686	6381
687	6362
688	6370
689	6309
690	6442
691	6561
692	6642
693	6546
694	6570
695	6508
696	6560
697	6453
698	6565
699	6379
700	6620
701	6745
702	6520
703	6645
704	6475
705	6602
706	6391
707	6561
708	6482
709	6404
710	6481
711	6488
712	6569
713	6507
714	6554
715	6624
716	6569
717	6530
718	6511
719	6373
720	6284
721	6357
722	6299
723	6525
724	6504
725	6562
726	6534
727	6523
728	6255
729	6331
730	6598
731	6612
732	6457
733	6384
734	6572
735	6452
736	6291
737	6565
738	6205
739	6401
740	6150
741	6273
742	6493
743	6370
744	6248
745	6474
746	6274
747	6177
748	6133
749	6394
750	6408
751	6206
752	6341
753	6152
754	6319
755	6069
756	6231
757	6083
758	6362
759	6487
760	6239
761	6272
762	6595
763	6283
764	6344
765	6157
766	6139
767	6259
768	6120
769	5988
770	6287
771	6335
772	6215
773	6277
774	6204
775	5883
776	5966
777	5897
778	6096
779	5996
780	6101
781	6081
782	5924
783	5922
784	5978
785	6015
786	6253
787	6252
788	6168
789	5796
790	5875
791	6163
792	6165
793	6191
794	6390
795	6499
796	6153
797	6309
798	6146
799	5923
800	6130
801	6104
802	6366
803	6602
804	6444
805	6071
806	6403
807	5993
808	6123
809	5809
810	5684
811	5775
812	5876
813	5756
814	5956
815	6039
816	6090
817	5909
818	5849
819	5698
820	5695
821	5786
822	5603
823	5763
824	5610
825	5589
826	5722
827	5810
828	5689
829	5563
830	5838
831	5729
832	5821
833	5792
834	5574
835	5628
836	5854
837	6362
838	5943
839	5951
840	5847
841	5780
842	5528
843	6031
844	6044
845	5933
846	5735
847	5663
848	5849
849	5711
850	5763
851	5561
852	5520
853	5564
854	5728
855	5603
856	5492
857	5629
858	5478
859	5701
860	5597
861	5558
862	5599
863	5560
864	5461
865	5494
866	5604
867	5512
868	5472
869	5643
870	5554
871	5849
872	5477
873	5780
874	5544
875	5498
876	5941
877	5600
878	5499
879	5384
880	5568
881	5471
882	5541
883	5481
884	5488
885	5526
886	5727
887	5599
888	5548
889	5599
890	5554
891	5495
892	5494
893	5672
894	5541
895	5477
896	5474
897	5412
898	5310
899	5308
900	5604
901	5487
902	5418
903	5648
904	5374
905	5436
906	5408
907	5390
908	5538
909	5309
910	5304
911	5349
912	5204
913	5267
914	5536
915	5506
916	5526
917	5266
918	5244
919	5491
920	5310
921	5603
922	5818
923	5407
924	5667
925	5371
926	5404
927	5391
928	5339
929	5483
930	5470
931	5388
932	5586
933	5530
934	5254
935	5246
936	5515
937	5399
938	5410
939	5586
940	5659
941	5404
942	5630
943	5249
944	5381
945	5417
946	5332
947	5456
948	5732
949	5381
950	5464
951	5285
952	5495
953	5387
954	5281
955	5430
956	5411
957	5260
958	5343
959	5226
960	5034
961	5225
962	5293
963	5004
964	5033
965	5284
966	5355
967	5474
968	5118
969	5297
970	5062
971	5270
972	5454
973	5324
974	5361
975	5235
976	5284
977	5438
978	5298
979	5421
980	5272
981	5235
982	5250
983	5047
984	5179
985	5118
986	5124
987	5270
988	5164
989	4864
990	5182
991	5027
992	5172
993	4971
994	5225
995	5257
996	4985
997	5114
998	5058
999	5104
1000	5064
1001	5116
1002	5233
1003	4832
1004	5060
1005	5053
1006	4832
1007	4898
1008	5089
1009	4749
1010	4924
1011	4966
1012	4941
1013	4993
1014	4988
1015	5072
1016	4971
1017	5004
1018	4795
1019	4838
1020	4764
1021	4787
1022	4901
1023	4759
1024	4980
1025	4946
1026	4820
1027	4837
1028	4773
1029	4728
1030	4689
1031	4709
1032	4725
1033	4901
1034	4649
1035	4790
1036	4822
1037	4756
1038	4660
1039	4714
1040	4566
1041	4547
1042	4581
1043	4590
1044	4705
1045	4843
1046	4539
1047	4721
1048	4596
1049	4561
1050	4780
1051	4735
1052	4769
1053	4615
1054	4409
1055	4531
1056	4656
1057	4698
1058	4593
1059	4721
1060	4656
1061	4546
1062	4552
1063	4645
1064	4780
1065	4566
1066	4646
1067	4738
1068	4511
1069	4625
1070	4745
1071	4712
1072	4597
1073	5021
1074	4800
1075	4395
1076	4730
1077	4476
1078	4750
1079	4431
1080	4487
1081	4639
1082	4597
1083	4646
1084	4487
1085	4726
1086	4722
1087	4534
1088	4454
1089	4445
1090	4342
1091	4599
1092	4510
1093	4468
1094	4748
1095	4550
1096	4491
1097	4533
1098	4453
1099	4453
1100	4573
1101	4657
1102	4693
1103	4574
1104	4565
1105	4585
1106	4552
1107	4487
1108	4482
1109	4648
1110	4630
1111	4697
1112	4681
1113	4632
1114	4491
1115	4568
1116	4614
1117	4525
1118	4668
1119	4326
1120	4590
1121	4741
1122	4727
1123	4544
1124	4747
1125	4365
1126	4625
1127	4518
1128	4663
1129	4560
1130	4665
1131	4677
1132	4495
1133	4600
1134	4564
1135	4602
1136	4707
1137	4584
1138	4770
1139	4603
1140	4495
1141	4699
1142	4749
1143	4673
1144	4651
1145	4713
1146	4512
1147	4660
1148	4632
1149	4428
1150	4633
1151	4563
1152	4522
1153	4852
1154	4482
1155	4637
1156	4799
1157	4672
1158	4835
1159	4912
1160	4807
1161	4809
1162	4929
1163	4687
1164	4998
1165	4701
1166	4718
1167	4606
1168	4685
1169	4590
1170	4527
1171	4479
1172	4300
1173	4679
1174	4717
1175	4553
1176	4386
1177	4569
1178	4513
1179	4640
1180	4482
1181	4732
1182	4468
1183	4689
1184	4725
1185	4880
1186	5042
1187	4276
1188	4522
1189	4458
1190	4524
1191	4478
1192	4704
1193	4644
1194	4765
1195	4489
1196	4592
1197	4550
1198	4496
1199	4545
1200	4650
1201	4497
1202	4671
1203	4590
1204	4559
1205	4505
1206	4364
1207	4525
1208	4804
1209	4596
1210	4509
1211	4658
1212	4664
1213	4526
1214	4621
1215	4467
1216	4473
1217	4568
1218	4364
1219	4527
1220	4724
1221	4420
1222	4404
1223	4509
1224	4583
1225	4529
1226	4591
1227	4786
1228	4662
1229	4529
1230	4608
1231	4771
1232	4592
1233	4523
1234	4655
1235	4875
1236	4472
1237	4695
1238	4513
1239	4586
1240	4549
1241	4229
1242	4454
1243	4561
1244	4551
1245	4460
1246	4351
1247	4597
1248	4638
1249	4332
1250	4555
1251	4465
1252	4550
1253	4659
1254	4567
1255	4881
1256	4639
1257	4880
1258	4902
1259	4657
1260	4521
1261	4617
1262	4525
1263	4658
1264	4641
1265	4798
1266	4717
1267	5072
1268	4524
1269	4790
1270	4704
1271	4487
1272	4634
1273	4650
1274	4549
1275	4270
1276	4381
1277	4438
1278	4478
1279	4368
1280	4404
1281	4455
1282	4349
1283	4365
1284	4268
1285	4284
1286	4328
1287	4210
1288	4426
1289	4426
1290	4337
1291	4421
1292	4266
1293	4239
1294	4308
1295	4271
1296	4301
1297	4238
1298	4093
1299	4436
1300	4107
1301	4323
1302	4133
1303	4475
1304	4186
1305	4416
1306	4273
1307	4359
1308	4276
1309	4363
1310	4386
1311	4175
1312	4127
1313	4440
1314	4710
1315	4389
1316	4208
1317	4689
1318	4342
1319	4204
1320	4139
1321	4263
1322	4212
1323	4197
1324	4270
1325	4130
1326	4076
1327	4037
1328	4004
1329	4114
1330	4028
1331	4030
1332	4135
1333	4090
1334	4035
1335	4167
1336	3985
1337	4081
1338	4097
1339	4036
1340	4103
1341	3951
1342	4077
1343	4026
1344	3874
1345	4028
1346	3912
1347	4017
1348	4005
1349	3869
1350	4125
1351	3962
1352	3987
1353	4022
1354	4074
1355	4055
1356	3921
1357	3934
1358	4000
1359	3984
1360	4001
1361	3916
1362	3992
1363	3933
1364	3828
1365	3924
1366	3937
1367	4004
1368	3942
1369	3943
1370	3810
1371	3826
1372	4036
1373	3926
1374	3883
1375	3971
1376	3944
1377	3907
1378	3883
1379	3979
1380	3845
1381	4035
1382	3938
1383	4100
1384	3942
1385	3883
1386	4052
1387	3996
1388	3768
1389	3818
1390	3881
1391	3835
1392	3875
1393	3875
1394	3949
1395	3834
1396	3828
1397	3992
1398	3802
1399	3909
1400	3970
1401	3729
1402	3964
1403	3808
1404	3824
1405	3640
1406	3741
1407	3795
1408	3762
1409	3870
1410	3864
1411	3843
1412	3797
1413	3847
1414	3703
1415	3757
1416	3801
1417	3799
1418	3715
1419	3790
1420	3853
1421	3858
1422	3867
1423	3706
1424	3722
1425	3732
1426	3748
1427	3747
1428	3818
1429	3898
1430	3823
1431	3815
1432	3702
1433	3688
1434	3771
1435	3839
1436	3858
1437	3800
1438	3841
1439	3810
1440	3747
1441	3812
1442	3845
1443	3780
1444	3777
1445	3975
1446	3628
1447	3770
1448	3852
1449	3670
1450	3761
1451	3687
1452	3842
1453	3794
1454	3848
1455	3750
1456	3858
1457	3854
1458	3990
1459	4127
1460	3917
1461	4084
1462	3830
1463	3958
1464	3860
1465	3848
1466	4042
1467	3671
1468	3979
1469	3922
1470	3839
1471	3820
1472	3884
1473	3966
1474	3977
1475	3959
1476	3792
1477	3951
1478	3871
1479	3853
1480	3853
1481	3695
1482	3982
1483	4117
1484	3985
1485	4059
1486	4118
1487	4088
1488	4115
1489	4060
1490	4044
1491	4065
1492	4271
1493	4303
1494	4224
1495	4067
1496	3931
1497	4117
1498	4026
1499	4338
1500	4180
1501	4238
1502	4067
1503	3911
1504	4185
1505	3998
1506	4021
1507	4296
1508	4201
1509	4006
1510	4216
1511	3908
1512	3909
1513	4074
1514	4070
1515	3920
1516	4050
1517	4183
1518	4103
1519	4070
1520	4015
1521	4131
1522	4052
1523	4219
1524	4125
1525	4329
1526	4381
1527	4142
1528	4172
1529	4128
1530	4172
1531	4099
1532	4085
1533	4137
1534	4147
1535	4044
1536	4097
1537	4095
1538	4058
1539	4273
1540	4068
1541	4132
1542	4015
1543	4022
1544	4177
1545	4109
1546	4076
1547	4053
1548	4119
1549	4252
1550	4189
1551	4026
1552	4210
1553	3929
1554	4188
1555	4203
1556	4505
1557	4261
1558	4237
1559	4198
1560	4000
1561	4005
1562	4106
1563	4138
1564	4099
1565	4129
1566	3989
1567	4244
1568	4259
1569	3981
1570	4031
1571	4024
1572	4342
1573	4132
1574	4148
1575	4243
1576	3866
1577	3958
1578	3798
1579	3934
1580	4000
1581	3954
1582	4466
1583	4067
1584	4100
1585	4324
1586	4194
1587	4398
1588	3894
1589	4128
1590	3971
1591	4063
1592	4245
1593	3907
1594	4040
1595	3946
1596	3966
1597	3787
1598	3765
1599	3962
1600	3969
1601	4105
1602	3888
1603	4124
1604	4178
1605	4169
1606	3974
1607	4070
1608	3888
1609	3986
1610	4084
1611	3859
1612	3816
1613	3929
1614	3902
1615	4049
1616	3994
1617	3940
1618	3792
1619	4128
1620	3916
1621	3894
1622	3730
1623	3833
1624	3950
1625	3896
1626	4220
1627	3992
1628	3965
1629	3776
1630	3851
1631	3911
1632	3801
1633	3707
1634	3948
1635	3705
1636	3885
1637	3847
1638	3709
1639	4167
1640	3932
1641	3799
1642	3862
1643	3868
1644	3851
1645	3960
1646	3837
1647	3779
1648	3851
1649	4031
1650	4077
1651	3946
1652	3900
1653	3874
1654	3709
1655	3765
1656	3800
1657	3688
1658	3956
1659	3861
1660	3851
1661	3857
1662	3799
1663	4036
1664	3963
1665	3846
1666	3928
1667	3924
1668	3958
1669	4026
1670	4122
1671	4035
1672	4172
1673	3852
1674	4080
1675	3897
1676	3979
1677	3865
1678	3765
1679	4010
1680	4115
1681	4013
1682	3976
1683	4053
1684	3854
1685	3763
1686	3909
1687	3886
1688	3962
1689	3857
1690	3950
1691	4053
1692	3908
1693	4040
1694	4000
1695	3961
1696	3813
1697	3887
1698	4023
1699	3932
1700	3794
1701	3922
1702	3997
1703	4051
1704	4073
1705	4206
1706	4101
1707	4033
1708	3930
1709	4071
1710	4203
1711	4212
1712	3844
1713	3944
1714	3861
1715	4033
1716	4038
1717	3909
1718	3905
1719	3984
1720	3828
1721	3833
1722	4015
1723	3727
1724	3867
1725	3690
1726	3824
1727	3968
1728	3862
1729	3894
1730	3930
1731	3933
1732	3828
1733	3905
1734	3909
1735	3864
1736	3844
1737	3774
1738	3818
1739	3831
1740	3852
1741	3730
1742	3762
1743	3739
1744	3861
1745	3878
1746	3837
1747	3780
1748	3946
1749	3959
1750	3799
1751	3725
1752	3659
1753	3709
1754	3959
1755	3809
1756	3727
1757	3716
1758	3932
1759	3941
1760	3886
1761	3758
1762	3661
1763	3785
1764	3764
1765	3730
1766	3605
1767	3768
1768	3585
1769	3816
1770	3786
1771	3826
1772	3765
1773	3868
1774	3522
1775	3614
1776	3491
1777	3631
1778	3632
1779	3457
1780	3460
1781	3617
1782	3788
1783	3421
1784	3562
1785	3382
1786	3327
1787	3311
1788	3502
1789	3468
1790	3501
1791	3484
1792	3471
1793	3403
1794	3392
1795	3305
1796	3306
1797	3313
1798	3251
1799	3361
1800	3454
1801	3347
1802	3268
1803	3427
1804	3294
1805	3284
1806	3308
1807	3381
1808	3523
1809	3245
1810	3640
1811	3402
1812	3232
1813	3166
1814	3326
1815	3336
1816	3157
1817	3284
1818	3164
1819	3223
1820	3496
1821	3237
1822	3260
1823	3402
1824	3375
1825	3231
1826	3185
1827	3226
1828	3202
1829	3061
1830	3264
1831	3156
1832	3155
1833	3259
1834	3105
1835	3218
1836	3309
1837	2999
1838	3068
1839	3134
1840	3026
1841	3178
1842	3231
1843	3182
1844	3190
1845	3224
1846	3286
1847	3055
1848	3139
1849	3166
1850	3110
1851	3040
1852	3255
1853	3152
1854	3308
1855	3041
1856	3162
1857	3240
1858	3101
1859	3065
1860	3029
1861	3247
1862	3128
1863	3152
1864	3073
1865	3171
1866	3035
1867	3203
1868	3162
1869	3149
1870	3105
1871	3040
1872	3117
1873	2940
1874	3113
1875	3235
1876	3067
1877	3167
1878	3048
1879	3146
1880	3243
1881	2997
1882	3067
1883	3116
1884	2998
1885	3137
1886	3043
1887	3305
1888	3136
1889	2958
1890	3058
1891	3137
1892	3220
1893	3188
1894	3091
1895	3194
1896	3092
1897	3264
1898	3290
1899	3018
1900	3127
1901	3240
1902	3352
1903	3209
1904	3273
1905	3177
1906	3136
1907	3160
1908	3202
1909	3034
1910	3029
1911	3148
1912	3122
1913	3134
1914	3274
1915	3286
1916	3315
1917	3145
1918	3237
1919	3291
1920	3155
1921	3123
1922	3184
1923	3109
1924	3113
1925	3250
1926	3162
1927	3169
1928	3112
1929	3231
1930	3167
1931	3058
1932	3133
1933	3210
1934	3140
1935	3000
1936	3057
1937	3285
1938	3100
1939	3081
1940	3163
1941	3307
1942	3112
1943	3225
1944	3227
1945	3130
1946	3082
1947	3091
1948	3270
1949	3169
1950	3085
1951	3218
1952	3088
1953	3261
1954	3368
1955	3138
1956	3052
1957	3165
1958	3241
1959	3228
1960	3112
1961	3367
1962	3222
1963	3279
1964	3229
1965	3164
1966	3264
1967	3401
1968	3322
1969	3146
1970	3176
1971	3380
1972	3348
1973	3236
1974	3327
1975	3257
1976	3464
1977	3320
1978	3290
1979	3385
1980	3410
1981	3609
1982	3605
1983	3381
1984	3354
1985	3559
1986	3430
1987	3382
1988	3292
1989	3479
1990	3425
1991	3451
1992	3790
1993	3655
1994	3647
1995	3481
1996	3501
1997	3470
1998	3542
1999	3587
2000	3449
2001	3601
2002	3545
2003	3536
2004	3742
2005	3424
2006	3683
2007	3486
2008	3655
2009	3450
2010	3513
2011	3561
2012	3489
2013	3561
2014	3679
2015	3683
2016	3800
2017	3535
2018	3524
2019	3549
2020	3686
2021	3557
2022	3621
2023	3530
2024	3602
2025	3589
2026	3593
2027	3623
2028	3558
2029	3605
2030	3550
2031	3435
2032	3533
2033	3503
2034	3476
2035	3579
2036	3335
2037	3362
2038	3366
2039	3487
2040	3453
2041	3419
2042	3432
2043	3555
2044	3507
2045	3431
2046	3493
2047	3467
2048	3612
2049	3441
2050	3514
2051	3472
2052	3454
2053	3469
2054	3440
2055	3524
2056	3526
2057	3467
2058	3417
2059	3315
2060	3453
2061	3388
2062	3274
2063	3409
2064	3261
2065	3397
2066	3318
2067	3227
2068	3307
2069	3477
2070	3453
2071	3276
2072	3157
2073	3235
2074	3183
2075	3347
2076	3232
2077	3189
2078	3328
2079	3243
2080	3189
2081	3105
2082	3197
2083	3032
2084	3156
2085	3185
2086	3177
2087	3062
2088	3165
2089	3096
2090	3119
2091	3190
2092	2902
2093	3010
2094	2978
2095	3021
2096	2993
2097	3028
2098	2991
2099	3058
2100	3102
2101	3161
2102	3047
2103	2943
2104	2972
2105	2985
2106	3003
2107	3009
2108	2816
2109	3114
2110	3019
2111	3074
2112	3022
2113	2795
2114	2988
2115	2923
2116	2889
2117	2984
2118	2981
2119	2945
2120	2969
2121	2864
2122	2877
2123	2975
2124	2906
2125	2840
2126	2854
2127	2884
2128	2939
2129	2943
2130	2965
2131	2888
2132	3092
2133	2977
2134	2965
2135	3019
2136	2945
2137	2804
2138	2818
2139	2834
2140	2880
2141	2816
2142	2971
2143	3011
2144	2866
2145	2721
2146	2882
2147	2788
2148	2996
2149	2762
2150	2719
2151	2880
2152	2820
2153	2941
2154	2775
2155	2739
2156	2852
2157	2825
2158	2828
2159	2847
2160	2874
2161	2753
2162	2747
2163	2782
2164	2729
2165	2870
2166	2904
2167	2902
2168	2780
2169	2947
2170	3001
2171	2959
2172	2881
2173	2758
2174	2766
2175	2842
2176	2770
2177	2913
2178	2889
2179	3035
2180	2934
2181	2827
2182	2829
2183	2974
2184	2780
2185	2999
2186	2880
2187	2858
2188	2814
2189	2957
2190	2957
2191	2789
2192	2865
2193	2821
2194	2824
2195	2839
2196	2902
2197	2942
2198	2868
2199	2731
2200	2953
2201	2910
2202	2856
2203	2933
2204	3048
2205	2997
2206	2880
2207	2893
2208	3032
2209	3033
2210	3061
2211	2930
2212	3001
2213	2853
2214	2864
2215	2849
2216	2747
2217	2870
2218	2957
2219	2890
2220	2769
2221	2886
2222	2962
2223	2838
2224	2922
2225	2926
2226	3129
2227	2783
2228	2871
2229	2894
2230	2927
2231	2807
2232	3020
2233	3004
2234	3097
2235	3064
2236	3074
2237	2884
2238	2945
2239	3101
2240	2957
2241	3006
2242	3251
2243	3098
2244	3077
2245	2928
2246	3054
2247	2933
2248	3003
2249	2904
2250	2854
2251	2925
2252	2975
2253	2978
2254	3280
2255	2956
2256	3050
2257	3031
2258	2966
2259	3025
2260	3135
2261	3256
2262	2938
2263	3175
2264	3188
2265	2967
2266	2922
2267	3017
2268	2800
2269	2824
2270	2866
2271	2854
2272	2972
2273	3001
2274	2817
2275	2941
2276	2947
2277	2926
2278	2899
2279	2914
2280	2901
2281	2906
2282	2710
2283	2842
2284	2804
2285	2888
2286	2887
2287	2835
2288	2894
2289	2859
2290	2835
2291	3004
2292	2867
2293	2773
2294	2970
2295	2881
2296	2718
2297	2823
2298	2947
2299	2845
2300	2637
2301	2774
2302	2736
2303	2725
2304	2652
2305	2782
2306	2787
2307	2734
2308	2800
2309	2743
2310	2769
2311	2960
2312	2804
2313	2756
2314	2673
2315	2929
2316	3028
2317	2785
2318	2821
2319	2945
2320	2812
2321	2739
2322	2674
2323	2619
2324	2656
2325	2740
2326	2763
2327	2878
2328	2673
2329	2738
2330	2721
2331	2677
2332	2546
2333	2553
2334	2576
2335	2586
2336	2782
2337	2756
2338	2663
2339	2684
2340	2663
2341	2694
2342	2751
2343	2560
2344	2663
2345	2611
2346	2483
2347	2608
2348	2575
2349	2615
2350	2606
2351	2713
2352	2570
2353	2653
2354	2438
2355	2644
2356	2538
2357	2463
2358	2590
2359	2413
2360	2610
2361	2521
2362	2500
2363	2499
2364	2480
2365	2607
2366	2427
2367	2525
2368	2550
2369	2513
2370	2552
2371	2573
2372	2490
2373	2456
2374	2440
2375	2449
2376	2331
2377	2554
2378	2330
2379	2368
2380	2473
2381	2423
2382	2413
2383	2350
2384	2360
2385	2350
2386	2403
2387	2409
2388	2232
2389	2353
2390	2446
2391	2370
2392	2422
2393	2385
2394	2316
2395	2255
2396	2213
2397	2279
2398	2288
2399	2392
2400	2434
2401	2214
2402	2355
2403	2226
2404	2286
2405	2340
2406	2473
2407	2249
2408	2325
2409	2235
2410	2322
2411	2303
2412	2444
2413	2380
2414	2307
2415	2310
2416	2233
2417	2266
2418	2175
2419	2384
2420	2271
2421	2326
2422	2293
2423	2267
2424	2175
2425	2355
2426	2205
2427	2234
2428	2390
2429	2185
2430	2225
2431	2232
2432	2062
2433	2247
2434	2185
2435	2296
2436	2245
2437	2106
2438	2333
2439	2196
2440	2217
2441	2217
2442	2157
2443	2252
2444	2160
2445	2281
2446	2318
2447	2244
2448	2293
2449	2201
2450	2155
2451	2170
2452	2205
2453	2198
2454	2294
2455	2171
2456	2192
2457	2214
2458	2193
2459	2271
2460	2236
2461	2236
2462	2163
2463	2112
2464	2267
2465	2187
2466	2123
2467	2131
2468	2132
2469	2301
2470	2195
2471	2360
2472	2288
2473	2386
2474	2221
2475	2375
2476	2240
2477	2213
2478	2270
2479	2325
2480	2239
2481	2176
2482	2201
2483	2294
2484	2237
2485	2296
2486	2222
2487	2190
2488	2294
2489	2232
2490	2252
2491	2273
2492	2195
2493	2236
2494	2230
2495	2331
2496	2275
2497	2277
2498	2390
2499	2321
2500	2276
2501	2187
2502	2261
2503	2181
2504	2320
2505	2347
2506	2343
2507	2361
2508	2260
2509	2284
2510	2187
2511	2256
2512	2451
2513	2206
2514	2366
2515	2290
2516	2350
2517	2217
2518	2296
2519	2382
2520	2317
2521	2359
2522	2273
2523	2400
2524	2376
2525	2205
2526	2374
2527	2332
2528	2350
2529	2216
2530	2272
2531	2255
2532	2360
2533	2355
2534	2260
2535	2199
2536	2136
2537	2186
2538	2181
2539	2410
2540	2314
2541	2470
2542	2225
2543	2197
2544	2275
2545	2267
2546	2215
2547	2316
2548	2205
2549	2217
2550	2236
2551	2180
2552	2211
2553	2418
2554	2167
2555	2131
2556	2341
2557	2176
2558	2170
2559	2205
2560	2305
2561	2347
2562	2346
2563	2268
2564	2382
2565	2282
2566	2286
2567	2292
2568	2179
2569	2288
2570	2269
2571	2169
2572	2338
2573	2192
2574	2149
2575	2399
2576	2170
2577	2341
2578	2263
2579	2181
2580	2242
2581	2232
2582	2186
2583	2188
2584	2184
2585	2259
2586	2164
2587	2260
2588	2142
2589	2168
2590	2215
2591	2151
2592	2114
2593	2151
2594	2174
2595	2218
2596	2185
2597	2133
2598	2256
2599	2223
2600	2037
2601	2145
2602	2061
2603	2144
2604	2191
2605	2216
2606	2047
2607	2190
2608	2132
2609	2197
2610	2257
2611	2064
2612	2121
2613	2233
2614	2176
2615	2203
2616	2104
2617	2285
2618	2208
2619	2228
2620	2207
2621	2189
2622	2190
2623	2199
2624	2176
2625	2161
2626	2104
2627	2251
2628	2197
2629	2345
2630	2234
2631	2200
2632	2277
2633	2208
2634	2368
2635	2338
2636	2306
2637	2282
2638	2296
2639	2479
2640	2348
2641	2486
2642	2406
2643	2426
2644	2458
2645	2294
2646	2381
2647	2407
2648	2172
2649	2296
2650	2480
2651	2286
2652	2528
2653	2552
2654	3166
2655	2545
2656	2482
2657	2238
2658	2247
2659	2372
2660	2282
2661	2268
2662	2314
2663	2378
2664	2299
2665	2240
2666	2227
2667	2446
2668	2391
2669	2459
2670	2355
2671	2249
2672	2332
2673	2300
2674	2262
2675	2228
2676	2396
2677	2276
2678	2455
2679	2450
2680	2359
2681	2326
2682	2505
2683	2361
2684	2506
2685	2665
2686	2548
2687	2415
2688	2433
2689	2595
2690	2483
2691	2470
2692	2309
2693	2535
2694	2302
2695	2437
2696	2392
2697	2371
2698	2242
2699	2483
2700	2540
2701	2541
2702	2693
2703	2305
2704	2465
2705	2402
2706	2336
2707	2463
2708	2643
2709	2669
2710	2842
2711	2857
2712	2367
2713	2261
2714	2267
2715	2479
2716	2251
2717	2282
2718	2328
2719	2403
2720	2404
2721	2418
2722	2408
2723	2320
2724	2317
2725	2176
2726	2335
2727	2331
2728	2247
2729	2302
2730	2283
2731	2339
2732	2248
2733	2170
2734	2246
2735	2189
2736	2253
2737	2196
2738	2259
2739	2381
2740	2383
2741	2263
2742	2246
2743	2297
2744	2267
2745	2263
2746	2169
2747	2268
2748	2088
2749	2303
2750	2077
2751	2170
2752	2078
2753	2025
2754	2090
2755	2099
2756	2056
2757	2119
2758	1987
2759	2082
2760	2095
2761	2215
2762	2198
2763	2100
2764	2354
2765	2063
2766	2297
2767	2212
2768	2247
2769	2139
2770	2267
2771	2123
2772	2199
2773	2136
2774	2168
2775	2039
2776	2240
2777	2028
2778	2099
2779	2028
2780	2013
2781	2156
2782	1884
2783	2040
2784	2056
2785	2009
2786	1976
2787	2124
2788	2059
2789	2016
2790	2005
2791	2000
2792	1995
2793	2067
2794	1927
2795	1985
2796	2002
2797	2001
2798	1996
2799	2017
2800	1899
2801	2067
2802	1985
2803	1974
2804	1972
2805	2005
2806	1969
2807	2009
2808	1870
2809	2154
2810	2012
2811	2110
2812	2016
2813	2111
2814	2110
2815	2043
2816	2005
2817	2126
2818	2009
2819	2184
2820	2029
2821	2008
2822	2015
2823	2111
2824	2014
2825	2044
2826	2061
2827	2093
2828	1966
2829	1947
2830	2040
2831	1931
2832	2123
2833	2001
2834	1952
2835	1938
2836	1945
2837	1914
2838	1939
2839	1877
2840	2066
2841	1858
2842	1892
2843	1841
2844	2008
2845	1917
2846	2087
2847	1877
2848	1976
2849	1989
2850	1863
2851	1992
2852	1948
2853	2059
2854	2191
2855	2001
2856	1969
2857	1958
2858	1882
2859	1886
2860	1939
2861	2122
2862	2141
2863	2144
2864	2085
2865	2129
2866	1959
2867	1995
2868	1992
2869	2038
2870	2008
2871	1911
2872	1922
2873	1989
2874	1978
2875	1939
2876	1860
2877	2015
2878	1898
2879	1982
2880	1938
2881	2062
2882	2014
2883	2027
2884	2051
2885	1904
2886	2049
2887	1969
2888	2227
2889	1996
2890	2033
2891	2041
2892	2053
2893	2100
2894	1945
2895	2082
2896	1994
2897	2123
2898	1986
2899	2086
2900	2198
2901	2149
2902	2155
2903	2065
2904	2159
2905	2155
2906	2071
2907	2081
2908	2082
2909	2016
2910	2145
2911	2069
2912	2071
2913	2093
2914	1912
2915	1978
2916	1961
2917	2047
2918	2003
2919	2026
2920	1979
2921	2063
2922	1980
2923	1982
2924	2066
2925	1894
2926	1987
2927	2070
2928	1995
2929	2006
2930	1960
2931	2138
2932	2072
2933	2012
2934	2052
2935	2127
2936	2113
2937	2142
2938	1897
2939	2001
2940	2034
2941	1939
2942	2111
2943	2020
2944	2044
2945	2149
2946	1982
2947	2025
2948	2179
2949	1968
2950	1988
2951	1957
2952	1991
2953	2094
2954	2092
2955	2200
2956	2155
2957	2111
2958	1996
2959	2047
2960	2166
2961	2044
2962	2082
2963	2080
2964	2135
2965	2070
2966	1921
2967	2158
2968	2089
2969	2120
2970	2128
2971	2112
2972	2164
2973	2097
2974	2071
2975	2157
2976	2009
2977	2209
2978	2183
2979	2195
2980	2243
2981	1998
2982	2094
2983	2020
2984	2058
2985	2017
2986	2007
2987	2049
2988	2016
2989	2063
2990	2152
2991	1982
2992	1967
2993	2104
2994	2165
2995	1930
2996	2097
2997	2104
2998	1916
2999	1979
3000	2069
3001	1986
3002	2153
3003	2149
3004	1969
3005	2033
3006	2094
3007	2092
3008	2048
3009	1956
3010	2131
3011	2001
3012	2067
3013	2025
3014	2031
3015	2012
3016	1865
3017	1922
3018	1836
3019	2039
3020	2014
3021	2016
3022	1959
3023	1954
3024	1948
3025	2032
3026	2016
3027	1915
3028	1910
3029	2014
3030	1958
3031	2076
3032	2016
3033	1951
3034	1952
3035	1932
3036	1988
3037	1956
3038	2047
3039	1957
3040	1947
3041	1818
3042	2022
3043	1909
3044	1945
3045	1934
3046	1923
3047	2023
3048	2074
3049	2016
3050	2059
3051	2043
3052	1975
3053	1967
3054	2072
3055	2186
3056	2161
3057	2140
3058	2174
3059	2062
3060	2045
3061	2053
3062	2145
3063	2020
3064	2062
3065	1961
3066	1999
3067	1978
3068	1994
3069	2178
3070	2016
3071	2088
3072	2064
3073	1950
3074	2077
3075	1963
3076	1988
3077	1982
3078	2092
3079	2043
3080	2151
3081	2021
3082	1904
3083	2041
3084	2017
3085	1981
3086	1917
3087	1921
3088	2135
3089	2100
3090	2021
3091	1863
3092	1928
3093	2087
3094	2090
3095	2179
3096	2022
3097	2172
3098	2095
3099	2079
3100	2166
3101	1941
3102	2123
3103	2075
3104	2114
3105	2068
3106	2072
3107	2105
3108	2061
3109	2186
3110	1992
3111	2000
3112	1986
3113	1970
3114	2003
3115	1973
3116	2085
3117	2132
3118	2128
3119	2025
3120	2079
3121	2107
3122	1958
3123	2121
3124	1960
3125	2150
3126	2035
3127	2000
3128	1993
3129	1930
3130	2031
3131	1813
3132	1924
3133	1831
3134	1992
3135	1964
3136	1924
3137	1936
3138	1681
3139	1898
3140	1944
3141	2030
3142	2023
3143	2039
3144	1968
3145	1936
3146	1960
3147	1834
3148	1855
3149	1847
3150	1896
3151	1796
3152	1802
3153	1956
3154	1921
3155	1940
3156	2007
3157	1847
3158	1829
3159	1885
3160	2089
3161	1972
3162	1983
3163	1802
3164	1961
3165	2008
3166	2031
3167	1946
3168	1982
3169	1950
3170	1987
3171	1909
3172	1820
3173	1897
3174	1809
3175	1872
3176	1948
3177	1956
3178	1950
3179	1886
3180	1807
3181	1890
3182	1952
3183	1964
3184	1905
3185	1836
3186	1867
3187	1817
3188	1893
3189	1862
3190	2008
3191	1818
3192	1976
3193	1838
3194	1899
3195	1810
3196	1892
3197	1848
3198	1933
3199	1945
3200	1931
3201	1952
3202	1819
3203	1909
3204	1816
3205	1849
3206	1827
3207	1870
3208	1788
3209	1846
3210	1923
3211	1930
3212	1837
3213	1891
3214	1868
3215	1851
3216	1805
3217	1943
3218	1902
3219	1911
3220	1948
3221	1845
3222	1879
3223	1848
3224	1890
3225	1904
3226	1862
3227	1938
3228	1869
3229	1766
3230	1720
3231	1960
3232	1939
3233	1935
3234	1874
3235	1871
3236	1883
3237	1928
3238	1978
3239	1921
3240	1855
3241	1882
3242	1874
3243	1826
3244	1838
3245	1864
3246	1883
3247	1781
3248	1923
3249	1891
3250	1917
3251	1857
3252	1920
3253	1800
3254	1790
3255	1884
3256	1727
3257	1864
3258	1826
3259	1893
3260	1844
3261	1792
3262	1810
3263	1819
3264	1779
3265	1899
3266	1746
3267	1706
3268	1925
3269	1831
3270	1812
3271	1881
3272	1730
3273	1885
3274	1970
3275	1861
3276	1866
3277	1787
3278	1893
3279	1801
3280	1925
3281	1774
3282	1695
3283	1703
3284	1791
3285	1884
3286	1945
3287	1831
3288	1812
3289	1908
3290	1885
3291	1886
3292	1827
3293	1944
3294	1857
3295	1881
3296	1855
3297	1842
3298	2010
3299	1981
3300	1949
3301	1908
3302	1841
3303	1855
3304	1957
3305	2083
3306	1950
3307	1881
3308	1898
3309	1985
3310	1954
3311	1936
3312	1908
3313	1896
3314	1890
3315	1918
3316	1958
3317	1858
3318	1994
3319	1938
3320	1881
3321	1988
3322	1934
3323	1996
3324	1872
3325	1810
3326	1800
3327	1965
3328	1809
3329	1844
3330	1875
3331	1907
3332	1852
3333	1851
3334	1921
3335	1981
3336	1845
3337	1867
3338	1751
3339	1863
3340	1944
3341	1902
3342	1887
3343	1875
3344	1889
3345	1944
3346	1843
3347	1936
3348	1806
3349	1949
3350	1844
3351	1866
3352	1763
3353	1747
3354	1796
3355	1833
3356	1694
3357	1741
3358	1703
3359	1625
3360	1773
3361	1767
3362	1741
3363	1702
3364	1712
3365	1779
3366	1855
3367	1770
3368	1655
3369	1728
3370	1729
3371	1705
3372	1574
3373	1781
3374	1751
3375	1632
3376	1711
3377	1666
3378	1671
3379	1612
3380	1732
3381	1725
3382	1687
3383	1687
3384	1727
3385	1696
3386	1659
3387	1717
3388	1696
3389	1703
3390	1610
3391	1725
3392	1636
3393	1666
3394	1646
3395	1660
3396	1747
3397	1736
3398	1631
3399	1692
3400	1708
3401	1695
3402	1784
3403	1643
3404	1695
3405	1655
3406	1754
3407	1616
3408	1603
3409	1775
3410	1703
3411	1683
3412	1888
3413	1605
3414	1614
3415	1664
3416	1648
3417	1738
3418	1734
3419	1733
3420	1737
3421	1735
3422	1784
3423	1763
3424	1732
3425	1657
3426	1754
3427	1800
3428	1706
3429	1671
3430	1618
3431	1676
3432	1721
3433	1832
3434	1582
3435	1756
3436	1700
3437	1720
3438	1680
3439	1775
3440	1698
3441	1752
3442	1752
3443	1818
3444	1751
3445	1740
3446	1609
3447	1706
3448	1643
3449	1656
3450	1755
3451	1701
3452	1743
3453	1722
3454	1648
3455	1666
3456	1685
3457	1637
3458	1657
3459	1498
3460	1730
3461	1665
3462	1587
3463	1689
3464	1572
3465	1623
3466	1684
3467	1582
3468	1580
3469	1626
3470	1560
3471	1628
3472	1581
3473	1720
3474	1685
3475	1586
3476	1564
3477	1542
3478	1592
3479	1562
3480	1502
3481	1505
3482	1577
3483	1582
3484	1539
3485	1617
3486	1535
3487	1559
3488	1544
3489	1637
3490	1609
3491	1631
3492	1501
3493	1578
3494	1554
3495	1465
3496	1532
3497	1618
3498	1549
3499	1513
3500	1623
3501	1552
3502	1494
3503	1601
3504	1505
3505	1589
3506	1522
3507	1462
3508	1633
3509	1530
3510	1558
3511	1533
3512	1543
3513	1578
3514	1544
3515	1613
3516	1509
3517	1622
3518	1635
3519	1501
3520	1659
3521	1654
3522	1596
3523	1628
3524	1582
3525	1583
3526	1692
3527	1565
3528	1611
3529	1527
3530	1598
3531	1536
3532	1580
3533	1469
3534	1532
3535	1633
3536	1630
3537	1467
3538	1638
3539	1630
3540	1609
3541	1627
3542	1528
3543	1675
3544	1580
3545	1563
3546	1554
3547	1569
3548	1587
3549	1485
3550	1578
3551	1544
3552	1511
3553	1582
3554	1563
3555	1493
3556	1646
3557	1619
3558	1563
3559	1674
3560	1526
3561	1601
3562	1565
3563	1627
3564	1507
3565	1528
3566	1719
3567	1595
3568	1563
3569	1581
3570	1513
3571	1592
3572	1649
3573	1591
3574	1552
3575	1597
3576	1616
3577	1576
3578	1639
3579	1674
3580	1583
3581	1626
3582	1658
3583	1586
3584	1621
3585	1524
3586	1621
3587	1646
3588	1628
3589	1701
3590	1612
3591	1615
3592	1573
3593	1671
3594	1661
3595	1616
3596	1680
3597	1612
3598	1606
3599	1634
3600	1597
3601	1737
3602	1640
3603	1544
3604	1567
3605	1719
3606	1690
3607	1700
3608	1670
3609	1728
3610	1618
3611	1625
3612	1664
3613	1593
3614	1638
3615	1611
3616	1666
3617	1809
3618	1675
3619	1692
3620	1641
3621	1573
3622	1677
3623	1648
3624	1632
3625	1616
3626	1654
3627	1638
3628	1641
3629	1592
3630	1556
3631	1473
3632	1602
3633	1644
3634	1655
3635	1674
3636	1525
3637	1665
3638	1726
3639	1628
3640	1596
3641	1493
3642	1623
3643	1596
3644	1711
3645	1748
3646	1651
3647	1604
3648	1646
3649	1525
3650	1518
3651	1486
3652	1542
3653	1558
3654	1557
3655	1560
3656	1585
3657	1613
3658	1529
3659	1637
3660	1488
3661	1543
3662	1544
3663	1554
3664	1611
3665	1616
3666	1624
3667	1599
3668	1604
3669	1469
3670	1594
3671	1560
3672	1670
3673	1777
3674	1668
3675	1702
3676	1630
3677	1541
3678	1605
3679	1606
3680	1771
3681	1748
3682	1632
3683	1655
3684	1648
3685	1651
3686	1678
3687	1561
3688	1505
3689	1521
3690	1623
3691	1781
3692	1585
3693	1703
3694	1633
3695	1772
3696	1748
3697	1750
3698	1634
3699	1777
3700	1776
3701	1803
3702	1764
3703	1720
3704	1682
3705	1783
3706	1836
3707	1811
3708	1617
3709	1720
3710	1707
3711	1803
3712	1670
3713	1824
3714	1672
3715	1697
3716	1902
3717	1806
3718	1855
3719	1624
3720	1605
3721	1655
3722	1679
3723	1614
3724	1671
3725	1634
3726	1769
3727	1776
3728	1686
3729	1796
3730	1730
3731	1683
3732	1587
3733	1543
3734	1589
3735	1638
3736	1804
3737	1666
3738	1686
3739	1609
3740	1854
3741	1719
3742	1653
3743	1630
3744	1715
3745	1745
3746	1794
3747	1718
3748	1682
3749	1675
3750	1640
3751	1682
3752	1717
3753	1644
3754	1724
3755	1660
3756	1725
3757	1673
3758	1739
3759	1646
3760	1683
3761	1482
3762	1621
3763	1650
3764	1571
3765	1631
3766	1694
3767	1650
3768	1625
3769	1630
3770	1624
3771	1583
3772	1608
3773	1573
3774	1596
3775	1641
3776	1547
3777	1599
3778	1549
3779	1569
3780	1544
3781	1447
3782	1740
3783	1575
3784	1607
3785	1575
3786	1569
3787	1553
3788	1647
3789	1598
3790	1538
3791	1460
3792	1547
3793	1633
3794	1552
3795	1550
3796	1575
3797	1468
3798	1534
3799	1508
3800	1567
3801	1619
3802	1518
3803	1507
3804	1473
3805	1516
3806	1392
3807	1524
3808	1532
3809	1547
3810	1456
3811	1477
3812	1449
3813	1371
3814	1390
3815	1499
3816	1512
3817	1553
3818	1349
3819	1547
3820	1337
3821	1490
3822	1382
3823	1367
3824	1532
3825	1515
3826	1478
3827	1376
3828	1406
3829	1357
3830	1381
3831	1370
3832	1292
3833	1291
3834	1381
3835	1355
3836	1327
3837	1358
3838	1339
3839	1337
3840	1354
3841	1366
3842	1295
3843	1265
3844	1399
3845	1317
3846	1288
3847	1297
3848	1432
3849	1336
3850	1326
3851	1368
3852	1261
3853	1290
3854	1437
3855	1441
3856	1342
3857	1408
3858	1308
3859	1403
3860	1405
3861	1428
3862	1288
3863	1379
3864	1314
3865	1287
3866	1326
3867	1342
3868	1378
3869	1376
3870	1276
3871	1302
3872	1393
3873	1343
3874	1400
3875	1431
3876	1344
3877	1446
3878	1413
3879	1322
3880	1360
3881	1388
3882	1377
3883	1406
3884	1396
3885	1368
3886	1334
3887	1392
3888	1317
3889	1343
3890	1318
3891	1431
3892	1436
3893	1378
3894	1425
3895	1410
3896	1397
3897	1343
3898	1416
3899	1392
3900	1428
3901	1486
3902	1452
3903	1409
3904	1394
3905	1356
3906	1358
3907	1488
3908	1376
3909	1503
3910	1461
3911	1505
3912	1447
3913	1447
3914	1407
3915	1444
3916	1456
3917	1555
3918	1395
3919	1408
3920	1460
3921	1454
3922	1454
3923	1459
3924	1403
3925	1521
3926	1543
3927	1470
3928	1569
3929	1513
3930	1435
3931	1531
3932	1592
3933	1469
3934	1458
3935	1502
3936	1422
3937	1490
3938	1597
3939	1583
3940	1407
3941	1512
3942	1529
3943	1499
3944	1497
3945	1563
3946	1454
3947	1443
3948	1436
3949	1434
3950	1519
3951	1392
3952	1454
3953	1560
3954	1453
3955	1469
3956	1516
3957	1462
3958	1496
3959	1480
3960	1686
3961	1463
3962	1576
3963	1483
3964	1469
3965	1448
3966	1499
3967	1462
3968	1545
3969	1431
3970	1544
3971	1440
3972	1455
3973	1525
3974	1422
3975	1424
3976	1513
3977	1566
3978	1452
3979	1396
3980	1495
3981	1497
3982	1591
3983	1522
3984	1519
3985	1497
3986	1383
3987	1437
3988	1507
3989	1292
3990	1383
3991	1374
3992	1491
3993	1328
3994	1345
3995	1393
3996	1364
3997	1432
3998	1349
3999	1471
4000	1379
4001	1367
4002	1503
4003	1395
4004	1343
4005	1398
4006	1439
4007	1429
4008	1329
4009	1477
4010	1409
4011	1408
4012	1358
4013	1228
4014	1403
4015	1271
4016	1411
4017	1469
4018	1338
4019	1442
4020	1517
4021	1520
4022	1511
4023	1375
4024	1395
4025	1430
4026	1505
4027	1362
4028	1415
4029	1408
4030	1401
4031	1335
4032	1494
4033	1449
4034	1395
4035	1440
4036	1402
4037	1444
4038	1468
4039	1400
4040	1355
4041	1444
4042	1374
4043	1408
4044	1369
4045	1334
4046	1397
4047	1280
4048	1291
4049	1384
4050	1466
4051	1397
4052	1408
4053	1341
4054	1417
4055	1381
4056	1364
4057	1421
4058	1395
4059	1291
4060	1430
4061	1459
4062	1331
4063	1342
4064	1383
4065	1450
4066	1366
4067	1413
4068	1323
4069	1416
4070	1316
4071	1421
4072	1430
4073	1362
4074	1281
4075	1418
4076	1450
4077	1316
4078	1283
4079	1333
4080	1436
4081	1415
4082	1418
4083	1398
4084	1406
4085	1331
4086	1314
4087	1391
4088	1492
4089	1303
4090	1328
4091	1251
4092	1343
4093	1289
4094	1331
4095	1327
4096	1412
4097	1368
4098	1432
4099	1356
4100	1477
4101	1345
4102	1328
4103	1310
4104	1312
4105	1409
4106	1377
4107	1356
4108	1277
4109	1290
4110	1392
4111	1382
4112	1330
4113	1317
4114	1414
4115	1381
4116	1316
4117	1436
4118	1342
4119	1368
4120	1356
4121	1368
4122	1423
4123	1271
4124	1326
4125	1326
4126	1323
4127	1393
4128	1289
4129	1372
4130	1355
4131	1252
4132	1372
4133	1371
4134	1249
4135	1262
4136	1319
4137	1407
4138	1320
4139	1336
4140	1294
4141	1345
4142	1268
4143	1396
4144	1240
4145	1304
4146	1346
4147	1384
4148	1238
4149	1293
4150	1199
4151	1368
4152	1270
4153	1316
4154	1307
4155	1347
4156	1289
4157	1283
4158	1352
4159	1293
4160	1268
4161	1248
4162	1244
4163	1232
4164	1378
4165	1256
4166	1254
4167	1218
4168	1299
4169	1286
4170	1218
4171	1311
4172	1352
4173	1294
4174	1256
4175	1346
4176	1363
4177	1219
4178	1232
4179	1222
4180	1280
4181	1263
4182	1253
4183	1267
4184	1204
4185	1233
4186	1341
4187	1358
4188	1301
4189	1244
4190	1284
4191	1320
4192	1213
4193	1247
4194	1246
4195	1318
4196	1230
4197	1245
4198	1249
4199	1258
4200	1234
4201	1205
4202	1208
4203	1282
4204	1298
4205	1260
4206	1284
4207	1275
4208	1191
4209	1288
4210	1272
4211	1307
4212	1251
4213	1194
4214	1185
4215	1212
4216	1259
4217	1310
4218	1231
4219	1215
4220	1184
4221	1178
4222	1220
4223	1286
4224	1176
4225	1329
4226	1288
4227	1319
4228	1301
4229	1233
4230	1353
4231	1301
4232	1242
4233	1250
4234	1239
4235	1304
4236	1223
4237	1314
4238	1285
4239	1287
4240	1214
4241	1224
4242	1348
4243	1266
4244	1280
4245	1346
4246	1217
4247	1254
4248	1314
4249	1270
4250	1308
4251	1237
4252	1209
4253	1233
4254	1320
4255	1301
4256	1317
4257	1271
4258	1280
4259	1302
4260	1363
4261	1218
4262	1267
4263	1295
4264	1268
4265	1365
4266	1262
4267	1237
4268	1476
4269	1254
4270	1408
4271	1349
4272	1346
4273	1332
4274	1319
4275	1279
4276	1336
4277	1472
4278	1334
4279	1365
4280	1422
4281	1384
4282	1344
4283	1404
4284	1429
4285	1350
4286	1245
4287	1343
4288	1301
4289	1367
4290	1309
4291	1311
4292	1367
4293	1370
4294	1335
4295	1322
4296	1302
4297	1342
4298	1299
4299	1318
4300	1411
4301	1243
4302	1340
4303	1340
4304	1405
4305	1336
4306	1306
4307	1397
4308	1386
4309	1397
4310	1411
4311	1260
4312	1444
4313	1234
4314	1202
4315	1291
4316	1207
4317	1192
4318	1333
4319	1291
4320	1320
4321	1334
4322	1247
4323	1273
4324	1352
4325	1327
4326	1336
4327	1314
4328	1242
4329	1212
4330	1236
4331	1281
4332	1284
4333	1214
4334	1174
4335	1218
4336	1185
4337	1255
4338	1206
4339	1217
4340	1170
4341	1256
4342	1155
4343	1192
4344	1207
4345	1227
4346	1217
4347	1122
4348	1089
4349	1115
4350	1248
4351	1134
4352	1155
4353	1210
4354	1267
4355	1364
4356	1250
4357	1284
4358	1188
4359	1199
4360	1132
4361	1213
4362	1191
4363	1172
4364	1274
4365	1123
4366	1310
4367	1239
4368	1218
4369	1200
4370	1227
4371	1151
4372	1093
4373	1155
4374	1205
4375	1271
4376	1172
4377	1337
4378	1185
4379	1189
4380	1112
4381	1240
4382	1220
4383	1166
4384	1158
4385	1234
4386	1107
4387	1105
4388	1085
4389	1203
4390	1159
4391	1141
4392	1131
4393	1187
4394	1181
4395	1128
4396	1111
4397	1188
4398	1111
4399	1118
4400	1144
4401	1227
4402	1103
4403	1182
4404	1205
4405	1187
4406	1149
4407	1201
4408	1079
4409	1227
4410	1137
4411	1112
4412	1170
4413	1259
4414	1212
4415	1178
4416	1089
4417	1188
4418	1266
4419	1115
4420	1111
4421	1109
4422	1150
4423	1015
4424	1115
4425	1183
4426	1148
4427	1162
4428	1163
4429	1077
4430	1143
4431	1174
4432	1119
4433	1068
4434	1097
4435	1088
4436	1115
4437	1087
4438	1034
4439	1083
4440	1153
4441	1106
4442	1146
4443	1094
4444	1103
4445	1140
4446	1000
4447	1033
4448	1059
4449	1078
4450	1077
4451	1007
4452	1119
4453	1003
4454	1137
4455	1000
4456	1153
4457	1119
4458	1119
4459	1069
4460	1056
4461	1116
4462	1100
4463	1037
4464	1052
4465	1064
4466	1120
4467	1106
4468	1026
4469	1066
4470	1033
4471	1035
4472	1071
4473	1102
4474	1059
4475	1111
4476	1152
4477	1032
4478	1038
4479	996
4480	1034
4481	1038
4482	1118
4483	1029
4484	1090
4485	1038
4486	1023
4487	997
4488	1021
4489	1027
4490	1045
4491	1138
4492	1057
4493	1153
4494	1088
4495	1172
4496	1120
4497	1071
4498	1067
4499	1138
4500	1080
4501	1167
4502	1010
4503	1062
4504	1116
4505	1029
4506	1052
4507	1128
4508	1068
4509	1137
4510	1144
4511	1146
4512	1090
4513	1122
4514	1130
4515	1025
4516	1218
4517	1033
4518	1033
4519	1064
4520	1125
4521	1021
4522	1127
4523	1154
4524	1115
4525	1108
4526	1046
4527	980
4528	1153
4529	1101
4530	1119
4531	1138
4532	1042
4533	1101
4534	1120
4535	1131
4536	1076
4537	1107
4538	1088
4539	1138
4540	1057
4541	1081
4542	1028
4543	1124
4544	1191
4545	1141
4546	1109
4547	1056
4548	1186
4549	1209
4550	1083
4551	1061
4552	1051
4553	1154
4554	1065
4555	1022
4556	1041
4557	1048
4558	935
4559	1054
4560	1116
4561	1100
4562	1056
4563	1012
4564	1035
4565	980
4566	1017
4567	1018
4568	989
4569	1026
4570	1000
4571	949
4572	1118
4573	1051
4574	1013
4575	1002
4576	1108
4577	1059
4578	1045
4579	1066
4580	1091
4581	1060
4582	1061
4583	1077
4584	1105
4585	1065
4586	1064
4587	1017
4588	1158
4589	1067
4590	1147
4591	1114
4592	1000
4593	1032
4594	1114
4595	1077
4596	1027
4597	1088
4598	1050
4599	1155
4600	1068
4601	1154
4602	1091
4603	991
4604	1047
4605	982
4606	1145
4607	1090
4608	1119
4609	1067
4610	1071
4611	1059
4612	1096
4613	1126
4614	1179
4615	1095
4616	1158
4617	1143
4618	1154
4619	1116
4620	1140
4621	1145
4622	1206
4623	1145
4624	1141
4625	1216
4626	1230
4627	1163
4628	1241
4629	1132
4630	1195
4631	1167
4632	1266
4633	1178
4634	1298
4635	1221
4636	1234
4637	1202
4638	1179
4639	1216
4640	1116
4641	1084
4642	1155
4643	1172
4644	1139
4645	1241
4646	1114
4647	1166
4648	1184
4649	1147
4650	1200
4651	1172
4652	1212
4653	1102
4654	1225
4655	1225
4656	1183
4657	1228
4658	1121
4659	1193
4660	1219
4661	1206
4662	1284
4663	1227
4664	1109
4665	1130
4666	1158
4667	1125
4668	1136
4669	1155
4670	1133
4671	1153
4672	1116
4673	1185
4674	1181
4675	1240
4676	1153
4677	1135
4678	1104
4679	1119
4680	1159
4681	1097
4682	1219
4683	1079
4684	1125
4685	1225
4686	1131
4687	1099
4688	1120
4689	1100
4690	1122
4691	1026
4692	1146
4693	1017
4694	1220
4695	1151
4696	1147
4697	1107
4698	1137
4699	1123
4700	1159
4701	1191
4702	1132
4703	1160
4704	1121
4705	1109
4706	1139
4707	1019
4708	1073
4709	1048
4710	999
4711	1145
4712	1091
4713	1064
4714	980
4715	1055
4716	1051
4717	1031
4718	1062
4719	1029
4720	1103
4721	1024
4722	1104
4723	1021
4724	1077
4725	1003
4726	1032
4727	1138
4728	1049
4729	1020
4730	1081
4731	1107
4732	990
4733	1025
4734	1079
4735	1093
4736	1031
4737	1046
4738	1083
4739	1109
4740	1148
4741	1102
4742	1178
4743	999
4744	1059
4745	1131
4746	1179
4747	1093
4748	1064
4749	1068
4750	1109
4751	1108
4752	1257
4753	1091
4754	1043
4755	1117
4756	1129
4757	1096
4758	1136
4759	1210
4760	1125
4761	1139
4762	1044
4763	1181
4764	1052
4765	1150
4766	1138
4767	1143
4768	1160
4769	1146
4770	1155
4771	1088
4772	1182
4773	1173
4774	1088
4775	1102
4776	1144
4777	1153
4778	1230
4779	1192
4780	1198
4781	1141
4782	1179
4783	1119
4784	1123
4785	1204
4786	1161
4787	1126
4788	1241
4789	1074
4790	1108
4791	1121
4792	1181
4793	1135
4794	1095
4795	1203
4796	1178
4797	1152
4798	1203
4799	1249
4800	1214
4801	1111
4802	1166
4803	1218
4804	1113
4805	1096
4806	1043
4807	1059
4808	1122
4809	1150
4810	1097
4811	1208
4812	1167
4813	1135
4814	1113
4815	1253
4816	1066
4817	1154
4818	1156
4819	1136
4820	1030
4821	1245
4822	1228
4823	1115
4824	1132
4825	1266
4826	1130
4827	1043
4828	1195
4829	1073
4830	1168
4831	1134
4832	1154
4833	1142
4834	1064
4835	1205
4836	1101
4837	1135
4838	1119
4839	1221
4840	1252
4841	1223
4842	1244
4843	1106
4844	1139
4845	1214
4846	1156
4847	1127
4848	1105
4849	1164
4850	1358
4851	1151
4852	1278
4853	1205
4854	1295
4855	1091
4856	987
4857	1089
4858	1041
4859	1079
4860	1072
4861	1082
4862	1071
4863	999
4864	1025
4865	1029
4866	1042
4867	1084
4868	1050
4869	1050
4870	1119
4871	1028
4872	993
4873	999
4874	992
4875	1028
4876	987
4877	1059
4878	979
4879	988
4880	1062
4881	1127
4882	1002
4883	1026
4884	1023
4885	951
4886	1141
4887	1019
4888	1027
4889	1084
4890	1096
4891	1015
4892	1008
4893	1027
4894	999
4895	1060
4896	998
4897	933
4898	958
4899	1059
4900	974
4901	958
4902	988
4903	994
4904	1021
4905	1020
4906	1056
4907	962
4908	1065
4909	1014
4910	975
4911	968
4912	1053
4913	1051
4914	977
4915	981
4916	1029
4917	955
4918	1000
4919	958
4920	1032
4921	1003
4922	1018
4923	1040
4924	1005
4925	978
4926	975
4927	1005
4928	952
4929	916
4930	943
4931	1031
4932	1076
4933	998
4934	1012
4935	1052
4936	1038
4937	1070
4938	957
4939	1087
4940	952
4941	1072
4942	1113
4943	935
4944	969
4945	1000
4946	1013
4947	1002
4948	1078
4949	1059
4950	1139
4951	966
4952	1104
4953	1023
4954	1146
4955	999
4956	971
4957	1057
4958	1053
4959	1025
4960	1116
4961	1088
4962	1126
4963	1051
4964	1077
4965	1144
4966	1064
4967	1068
4968	1033
4969	1064
4970	1107
4971	1052
4972	1038
4973	1042
4974	1031
4975	1022
4976	983
4977	1055
4978	1131
4979	1080
4980	969
4981	981
4982	1035
4983	1039
4984	997
4985	991
4986	1041
4987	1079
4988	991
4989	981
4990	968
4991	981
4992	1026
4993	981
4994	990
4995	1052
4996	1006
4997	1023
4998	1050
4999	978
5000	939
5001	1005
5002	943
5003	1044
5004	961
5005	1087
5006	951
5007	1001
5008	1024
5009	1019
5010	1090
5011	990
5012	962
5013	1027
5014	930
5015	967
5016	1000
5017	1046
5018	1032
5019	912
5020	909
5021	934
5022	966
5023	890
5024	953
5025	978
5026	1019
5027	1036
5028	1004
5029	936
5030	1016
5031	1032
5032	974
5033	1012
5034	904
5035	954
5036	943
5037	875
5038	925
5039	998
5040	934
5041	888
5042	900
5043	987
5044	892
5045	932
5046	1015
5047	956
5048	966
5049	912
5050	994
5051	869
5052	868
5053	934
5054	896
5055	885
5056	898
5057	942
5058	914
5059	906
5060	881
5061	884
5062	912
5063	861
5064	1019
5065	862
5066	960
5067	919
5068	889
5069	919
5070	916
5071	878
5072	937
5073	912
5074	832
5075	939
5076	899
5077	939
5078	935
5079	910
5080	902
5081	954
5082	933
5083	949
5084	953
5085	937
5086	967
5087	905
5088	924
5089	911
5090	859
5091	909
5092	1001
5093	913
5094	970
5095	872
5096	930
5097	925
5098	887
5099	881
5100	992
5101	885
5102	872
5103	914
5104	877
5105	884
5106	892
5107	900
5108	892
5109	848
5110	894
5111	853
5112	881
5113	880
5114	832
5115	893
5116	901
5117	767
5118	883
5119	888
5120	860
5121	974
5122	948
5123	869
5124	896
5125	901
5126	923
5127	939
5128	927
5129	919
5130	893
5131	870
5132	846
5133	919
5134	859
5135	884
5136	892
5137	876
5138	921
5139	934
5140	894
5141	925
5142	894
5143	910
5144	860
5145	920
5146	902
5147	914
5148	873
5149	911
5150	883
5151	936
5152	878
5153	876
5154	955
5155	866
5156	831
5157	881
5158	893
5159	832
5160	972
5161	839
5162	897
5163	860
5164	951
5165	942
5166	883
5167	904
5168	884
5169	891
5170	869
5171	885
5172	929
5173	926
5174	879
5175	886
5176	901
5177	918
5178	907
5179	914
5180	889
5181	863
5182	885
5183	885
5184	958
5185	950
5186	909
5187	870
5188	813
5189	938
5190	876
5191	905
5192	892
5193	824
5194	884
5195	889
5196	853
5197	887
5198	844
5199	892
5200	839
5201	852
5202	835
5203	897
5204	936
5205	914
5206	848
5207	822
5208	895
5209	865
5210	838
5211	787
5212	906
5213	860
5214	816
5215	845
5216	884
5217	958
5218	807
5219	869
5220	837
5221	980
5222	881
5223	852
5224	880
5225	913
5226	839
5227	926
5228	862
5229	852
5230	891
5231	921
5232	887
5233	872
5234	896
5235	929
5236	915
5237	975
5238	856
5239	919
5240	830
5241	977
5242	890
5243	892
5244	816
5245	850
5246	921
5247	868
5248	923
5249	888
5250	896
5251	842
5252	918
5253	917
5254	880
5255	870
5256	889
5257	864
5258	828
5259	927
5260	951
5261	860
5262	854
5263	871
5264	934
5265	835
5266	824
5267	856
5268	833
5269	917
5270	903
5271	865
5272	878
5273	914
5274	844
5275	895
5276	827
5277	862
5278	832
5279	805
5280	807
5281	896
5282	925
5283	907
5284	857
5285	945
5286	904
5287	873
5288	836
5289	876
5290	861
5291	817
5292	832
5293	770
5294	838
5295	821
5296	821
5297	936
5298	820
5299	875
5300	958
5301	871
5302	891
5303	947
5304	866
5305	926
5306	925
5307	877
5308	977
5309	802
5310	822
5311	869
5312	837
5313	814
5314	862
5315	867
5316	883
5317	863
5318	825
5319	838
5320	835
5321	805
5322	846
5323	835
5324	903
5325	778
5326	833
5327	851
5328	858
5329	842
5330	866
5331	814
5332	797
5333	871
5334	784
5335	882
5336	910
5337	855
5338	827
5339	844
5340	828
5341	822
5342	939
5343	792
5344	857
5345	814
5346	769
5347	822
5348	741
5349	752
5350	766
5351	990
5352	865
5353	854
5354	854
5355	855
5356	828
5357	936
5358	862
5359	850
5360	872
5361	847
5362	853
5363	907
5364	839
5365	854
5366	942
5367	852
5368	869
5369	878
5370	835
5371	857
5372	852
5373	863
5374	881
5375	836
5376	832
5377	854
5378	860
5379	911
5380	914
5381	903
5382	903
5383	835
5384	887
5385	959
5386	915
5387	848
5388	938
5389	881
5390	851
5391	939
5392	982
5393	902
5394	961
5395	869
5396	847
5397	847
5398	995
5399	874
5400	1016
5401	954
5402	999
5403	886
5404	925
5405	939
5406	968
5407	850
5408	896
5409	923
5410	913
5411	878
5412	904
5413	935
5414	927
5415	963
5416	901
5417	1038
5418	949
5419	993
5420	891
5421	920
5422	943
5423	1044
5424	1049
5425	968
5426	979
5427	934
5428	981
5429	984
5430	957
5431	934
5432	1008
5433	860
5434	958
5435	978
5436	988
5437	925
5438	919
5439	871
5440	938
5441	993
5442	969
5443	1013
5444	953
5445	986
5446	906
5447	1065
5448	920
5449	921
5450	952
5451	961
5452	1031
5453	1003
5454	1080
5455	1006
5456	915
5457	1045
5458	1067
5459	918
5460	941
5461	956
5462	1007
5463	950
5464	946
5465	1004
5466	957
5467	1050
5468	890
5469	994
5470	938
5471	994
5472	853
5473	951
5474	975
5475	952
5476	1004
5477	1030
5478	976
5479	889
5480	849
5481	1042
5482	1025
5483	1015
5484	1007
5485	949
5486	1018
5487	1045
5488	1027
5489	993
5490	991
5491	970
5492	1057
5493	903
5494	999
5495	947
5496	974
5497	947
5498	962
5499	967
5500	977
5501	906
5502	969
5503	1048
5504	994
5505	908
5506	972
5507	1002
5508	957
5509	958
5510	866
5511	965
5512	925
5513	927
5514	1041
5515	985
5516	953
5517	996
5518	919
5519	903
5520	950
5521	1004
5522	989
5523	978
5524	1002
5525	969
5526	937
5527	943
5528	950
5529	924
5530	899
5531	911
5532	1037
5533	1043
5534	902
5535	961
5536	1029
5537	1018
5538	930
5539	990
5540	994
5541	949
5542	965
5543	963
5544	937
5545	912
5546	922
5547	963
5548	847
5549	902
5550	919
5551	907
5552	942
5553	935
5554	919
5555	911
5556	935
5557	915
5558	876
5559	929
5560	933
5561	890
5562	991
5563	949
5564	951
5565	851
5566	897
5567	936
5568	868
5569	871
5570	940
5571	890
5572	920
5573	967
5574	922
5575	953
5576	949
5577	1030
5578	934
5579	924
5580	921
5581	971
5582	904
5583	873
5584	873
5585	952
5586	971
5587	1009
5588	866
5589	956
5590	943
5591	931
5592	929
5593	1031
5594	937
5595	849
5596	967
5597	942
5598	915
5599	1000
5600	976
5601	950
5602	930
5603	1087
5604	959
5605	985
5606	967
5607	955
5608	911
5609	965
5610	949
5611	1054
5612	1026
5613	1005
5614	944
5615	1002
5616	944
5617	961
5618	925
5619	945
5620	985
5621	1005
5622	903
5623	906
5624	1061
5625	951
5626	870
5627	982
5628	954
5629	1039
5630	978
5631	1007
5632	1067
5633	1030
5634	1008
5635	1041
5636	840
5637	958
5638	891
5639	959
5640	976
5641	861
5642	973
5643	838
5644	964
5645	953
5646	885
5647	926
5648	916
5649	952
5650	1013
5651	1008
5652	941
5653	969
5654	954
5655	854
5656	999
5657	938
5658	938
5659	995
5660	916
5661	962
5662	950
5663	942
5664	955
5665	908
5666	938
5667	895
5668	900
5669	842
5670	932
5671	873
5672	898
5673	1003
5674	930
5675	983
5676	960
5677	875
5678	869
5679	881
5680	966
5681	909
5682	914
5683	960
5684	896
5685	887
5686	954
5687	903
5688	956
5689	861
5690	901
5691	881
5692	919
5693	833
5694	865
5695	929
5696	857
5697	886
5698	936
5699	934
5700	921
5701	914
5702	893
5703	876
5704	973
5705	851
5706	797
5707	859
5708	917
5709	934
5710	840
5711	812
5712	823
5713	832
5714	867
5715	834
5716	873
5717	924
5718	873
5719	806
5720	799
5721	833
5722	841
5723	777
5724	848
5725	858
5726	840
5727	801
5728	730
5729	896
5730	720
5731	843
5732	888
5733	837
5734	795
5735	792
5736	783
5737	841
5738	791
5739	816
5740	774
5741	803
5742	827
5743	809
5744	824
5745	794
5746	815
5747	813
5748	830
5749	821
5750	818
5751	837
5752	846
5753	761
5754	811
5755	835
5756	815
5757	734
5758	776
5759	874
5760	709
5761	805
5762	809
5763	802
5764	833
5765	832
5766	794
5767	837
5768	794
5769	860
5770	749
5771	919
5772	825
5773	842
5774	784
5775	810
5776	787
5777	852
5778	799
5779	783
5780	831
5781	761
5782	830
5783	749
5784	828
5785	820
5786	789
5787	828
5788	770
5789	774
5790	786
5791	754
5792	808
5793	851
5794	857
5795	854
5796	829
5797	755
5798	818
5799	744
5800	824
5801	793
5802	795
5803	810
5804	822
5805	766
5806	799
5807	813
5808	829
5809	792
5810	904
5811	822
5812	809
5813	860
5814	765
5815	848
5816	772
5817	788
5818	857
5819	846
5820	786
5821	707
5822	782
5823	747
5824	791
5825	801
5826	843
5827	707
5828	806
5829	868
5830	827
5831	767
5832	906
5833	932
5834	835
5835	896
5836	747
5837	770
5838	771
5839	790
5840	769
5841	855
5842	827
5843	850
5844	810
5845	788
5846	873
5847	782
5848	815
5849	829
5850	856
5851	740
5852	838
5853	739
5854	821
5855	757
5856	811
5857	821
5858	818
5859	787
5860	790
5861	785
5862	780
5863	813
5864	756
5865	801
5866	847
5867	847
5868	828
5869	758
5870	751
5871	748
5872	771
5873	814
5874	824
5875	890
5876	774
5877	838
5878	749
5879	805
5880	791
5881	790
5882	785
5883	727
5884	792
5885	824
5886	792
5887	729
5888	691
5889	707
5890	758
5891	769
5892	765
5893	798
5894	743
5895	774
5896	786
5897	747
5898	744
5899	707
5900	696
5901	684
5902	756
5903	784
5904	659
5905	770
5906	780
5907	814
5908	761
5909	768
5910	678
5911	662
5912	766
5913	739
5914	712
5915	739
5916	802
5917	768
5918	742
5919	776
5920	764
5921	755
5922	815
5923	761
5924	822
5925	740
5926	768
5927	765
5928	805
5929	761
5930	789
5931	804
5932	821
5933	795

