## htsjdk.samtools.metrics.StringHeader
# CollectInsertSizeMetrics HISTOGRAM_FILE=/work/ugbogu/pipeline/data/nbl/GSE189367/results/picard/SRR17011026_insert_size_histogram.pdf MINIMUM_PCT=0.5 INPUT=/work/ugbogu/pipeline/data/nbl/GSE189367/results/star/SRR17011026.Aligned.sortedByCoord.out.bam OUTPUT=/work/ugbogu/pipeline/data/nbl/GSE189367/results/picard/SRR17011026_insert_size_metrics.txt    DEVIATIONS=10.0 METRIC_ACCUMULATION_LEVEL=[ALL_READS] INCLUDE_DUPLICATES=false ASSUME_SORTED=true STOP_AFTER=0 VERBOSITY=INFO QUIET=false VALIDATION_STRINGENCY=STRICT COMPRESSION_LEVEL=5 MAX_RECORDS_IN_RAM=500000 CREATE_INDEX=false CREATE_MD5_FILE=false USE_JDK_DEFLATER=false USE_JDK_INFLATER=false
## htsjdk.samtools.metrics.StringHeader
# Started on: Tue Apr 14 15:57:48 UTC 2026

## METRICS CLASS	picard.analysis.InsertSizeMetrics
MEDIAN_INSERT_SIZE	MODE_INSERT_SIZE	MEDIAN_ABSOLUTE_DEVIATION	MIN_INSERT_SIZE	MAX_INSERT_SIZE	MEAN_INSERT_SIZE	STANDARD_DEVIATION	READ_PAIRS	PAIR_ORIENTATION	WIDTH_OF_10_PERCENT	WIDTH_OF_20_PERCENT	WIDTH_OF_30_PERCENT	WIDTH_OF_40_PERCENT	WIDTH_OF_50_PERCENT	WIDTH_OF_60_PERCENT	WIDTH_OF_70_PERCENT	WIDTH_OF_80_PERCENT	WIDTH_OF_90_PERCENT	WIDTH_OF_95_PERCENT	WIDTH_OF_99_PERCENT	SAMPLE	LIBRARY	READ_GROUP
951	77797	799	24	3127648	1516.72173	1899.468137	61560301	FR	531	1037	1353	1507	1599	1681	3379	7537	22819	97997	226845			

## HISTOGRAM	java.lang.Integer
insert_size	All_Reads.fr_count
24	2
25	6
26	5
27	7
28	5
29	16
30	8
31	16
32	28
33	51
34	77
35	720
36	721
37	757
38	874
39	896
40	1038
41	1134
42	954
43	1141
44	960
45	1080
46	1023
47	1017
48	1111
49	1283
50	1221
51	1380
52	1343
53	1494
54	1506
55	1632
56	1736
57	1886
58	2167
59	2031
60	2085
61	2295
62	2293
63	2765
64	2762
65	3227
66	3294
67	3591
68	3922
69	3850
70	4532
71	4890
72	5309
73	5711
74	6447
75	8153
76	7394
77	8184
78	8907
79	9456
80	10399
81	11734
82	12332
83	13607
84	14418
85	16154
86	17542
87	18737
88	21079
89	23278
90	24772
91	27222
92	28771
93	30827
94	34126
95	36900
96	40795
97	42429
98	45309
99	47552
100	50740
101	53484
102	56787
103	61409
104	66061
105	69812
106	72042
107	75871
108	78685
109	83865
110	89974
111	92389
112	95946
113	99518
114	102965
115	110701
116	113702
117	125990
118	127741
119	123728
120	131748
121	144871
122	134832
123	143804
124	141759
125	138134
126	136687
127	144411
128	143743
129	150625
130	148247
131	154892
132	147848
133	151433
134	154913
135	153389
136	158505
137	155409
138	155253
139	156936
140	156561
141	157453
142	154734
143	152986
144	156174
145	158243
146	155617
147	157486
148	156244
149	155169
150	152071
151	156611
152	155605
153	153674
154	151822
155	149229
156	148461
157	149567
158	149289
159	146696
160	146733
161	143732
162	145656
163	145264
164	141388
165	140090
166	143627
167	143269
168	137229
169	135979
170	134469
171	131129
172	134189
173	132323
174	129883
175	128371
176	129203
177	123766
178	124921
179	125075
180	122243
181	121362
182	119744
183	118348
184	117806
185	115767
186	117039
187	115553
188	116278
189	111884
190	112641
191	113310
192	108977
193	108404
194	104861
195	103833
196	104667
197	102004
198	100276
199	97714
200	100152
201	96687
202	96939
203	94436
204	92189
205	91782
206	91496
207	89236
208	88811
209	88232
210	85721
211	86148
212	86324
213	85326
214	85282
215	84037
216	82681
217	82924
218	81171
219	81754
220	81262
221	81786
222	78740
223	79991
224	79166
225	77893
226	79248
227	79202
228	78844
229	77908
230	77525
231	76297
232	75469
233	73036
234	72497
235	72475
236	71074
237	69541
238	69254
239	67888
240	67479
241	67820
242	67975
243	64568
244	65376
245	63945
246	64506
247	62749
248	63457
249	61666
250	62214
251	62957
252	61727
253	61114
254	60192
255	58981
256	58857
257	58256
258	58703
259	57671
260	57805
261	56075
262	55947
263	55448
264	54139
265	53856
266	53894
267	53347
268	53805
269	53769
270	52714
271	52308
272	51626
273	51738
274	51372
275	50760
276	50365
277	50099
278	50678
279	49768
280	48963
281	49244
282	50145
283	48618
284	47867
285	47185
286	46650
287	45974
288	45645
289	45498
290	44130
291	44530
292	44434
293	44940
294	44276
295	43390
296	43113
297	41989
298	41641
299	42250
300	41091
301	40853
302	41112
303	39865
304	40777
305	39525
306	39181
307	39672
308	38878
309	37882
310	38215
311	37482
312	37451
313	37462
314	38075
315	36649
316	37210
317	37219
318	36293
319	35362
320	35964
321	35891
322	35541
323	35112
324	35366
325	35258
326	33570
327	33307
328	33726
329	33417
330	33071
331	33433
332	33025
333	32316
334	31977
335	31473
336	32058
337	32167
338	32190
339	31887
340	31089
341	31749
342	30180
343	30892
344	30257
345	30749
346	30815
347	29949
348	29255
349	28926
350	28807
351	29096
352	29290
353	29473
354	28880
355	28714
356	28190
357	28326
358	27479
359	27899
360	28064
361	27328
362	27845
363	27135
364	27519
365	27248
366	27509
367	26813
368	26847
369	26630
370	26605
371	26062
372	25221
373	25780
374	26147
375	25688
376	26215
377	26189
378	26173
379	25685
380	25901
381	25560
382	24952
383	24934
384	24327
385	24457
386	24668
387	23517
388	23442
389	23644
390	23663
391	23846
392	23804
393	22971
394	23211
395	22682
396	22303
397	22069
398	22550
399	21453
400	22311
401	22250
402	21636
403	21292
404	21444
405	21064
406	20849
407	20888
408	21500
409	20866
410	20677
411	20951
412	20537
413	20217
414	20754
415	20512
416	19666
417	19822
418	19871
419	19839
420	19846
421	19422
422	19437
423	19310
424	19608
425	18814
426	18953
427	19604
428	18841
429	18950
430	18643
431	18988
432	19183
433	18985
434	18961
435	18663
436	18405
437	18247
438	18074
439	18108
440	17960
441	18120
442	17923
443	17988
444	18135
445	17269
446	17947
447	18144
448	17980
449	17970
450	17872
451	17515
452	18414
453	18055
454	18444
455	17459
456	16956
457	17227
458	16942
459	17673
460	18221
461	18311
462	17527
463	17114
464	17813
465	17055
466	16906
467	17146
468	16750
469	16519
470	16645
471	16357
472	16252
473	16500
474	16207
475	16151
476	16415
477	16797
478	16767
479	16707
480	16309
481	16012
482	16087
483	15792
484	16397
485	16766
486	15981
487	15773
488	15638
489	16110
490	15980
491	15999
492	15752
493	15702
494	16052
495	16030
496	15701
497	16018
498	15803
499	16919
500	16682
501	16205
502	16138
503	16081
504	16395
505	16140
506	15548
507	16017
508	16034
509	16148
510	15790
511	15577
512	15577
513	16035
514	16168
515	16069
516	15618
517	15889
518	16398
519	15422
520	15542
521	15195
522	15739
523	16246
524	16206
525	15516
526	15634
527	15401
528	15139
529	14997
530	15304
531	15266
532	15231
533	16391
534	15652
535	15722
536	15482
537	15431
538	15025
539	15554
540	15506
541	15589
542	14891
543	15106
544	15034
545	14730
546	14926
547	14698
548	14833
549	15016
550	14662
551	14672
552	14960
553	14836
554	14333
555	14558
556	14736
557	14859
558	14842
559	14460
560	14373
561	13732
562	13807
563	14585
564	14231
565	14272
566	14099
567	14068
568	13828
569	14123
570	13960
571	14037
572	13914
573	14029
574	14333
575	13990
576	13597
577	13230
578	13637
579	13953
580	13607
581	13812
582	13806
583	13751
584	13197
585	14201
586	14009
587	13819
588	13436
589	13802
590	13601
591	13812
592	13907
593	13876
594	13763
595	14172
596	14938
597	14389
598	14652
599	14224
600	14448
601	14612
602	14166
603	13815
604	14635
605	13999
606	14297
607	14150
608	13750
609	13795
610	13729
611	13487
612	13419
613	14011
614	13680
615	13372
616	13480
617	13459
618	13154
619	13712
620	13985
621	13388
622	13851
623	13894
624	15079
625	14217
626	13599
627	13446
628	13598
629	13239
630	13824
631	13452
632	13483
633	13883
634	14277
635	13806
636	13517
637	13849
638	13986
639	13762
640	14240
641	13686
642	14145
643	14398
644	14555
645	14053
646	13528
647	13978
648	13728
649	15189
650	13927
651	14333
652	15120
653	14486
654	15013
655	14368
656	14110
657	13661
658	13958
659	14201
660	14101
661	14044
662	13913
663	13928
664	14064
665	13857
666	13798
667	13853
668	13823
669	13724
670	13098
671	13109
672	13893
673	13750
674	13935
675	13546
676	14115
677	13987
678	14361
679	14504
680	13792
681	14395
682	13991
683	14017
684	14442
685	13995
686	13825
687	13951
688	14688
689	14198
690	15299
691	15077
692	15500
693	14776
694	14328
695	15161
696	14475
697	14535
698	14938
699	15328
700	13975
701	14341
702	14435
703	14528
704	13752
705	14545
706	14631
707	14275
708	15298
709	15747
710	15126
711	15297
712	14615
713	14126
714	13769
715	14012
716	14124
717	14467
718	14659
719	13774
720	14252
721	13754
722	14326
723	14370
724	13861
725	13709
726	13714
727	14148
728	14018
729	13286
730	13348
731	13336
732	12741
733	13191
734	15339
735	14021
736	13078
737	13220
738	13252
739	12927
740	13095
741	12789
742	13714
743	12866
744	12969
745	13048
746	12479
747	12064
748	12158
749	12449
750	12610
751	12815
752	12719
753	12928
754	12792
755	12833
756	12204
757	13009
758	13176
759	13586
760	12976
761	12797
762	12865
763	13071
764	13232
765	12797
766	13071
767	12674
768	12777
769	12759
770	13099
771	13313
772	12773
773	13557
774	12435
775	12647
776	12230
777	12998
778	12455
779	12728
780	13250
781	12597
782	12371
783	12168
784	12795
785	12324
786	13025
787	12416
788	12353
789	12371
790	12583
791	12489
792	12096
793	12579
794	12339
795	11873
796	12077
797	11944
798	12376
799	12231
800	12271
801	12338
802	12434
803	12194
804	12316
805	12426
806	12307
807	12849
808	12679
809	12479
810	12255
811	12244
812	11654
813	11854
814	12147
815	12422
816	12242
817	12434
818	12598
819	12129
820	11576
821	12319
822	12452
823	12405
824	12256
825	12095
826	12276
827	12577
828	12279
829	12595
830	13238
831	11818
832	12647
833	12454
834	12517
835	12715
836	13273
837	14401
838	12594
839	12656
840	11962
841	12295
842	12543
843	12947
844	13143
845	12958
846	13022
847	12128
848	11927
849	11754
850	11720
851	11931
852	12811
853	12748
854	12948
855	12354
856	12023
857	13111
858	12362
859	12599
860	13432
861	13116
862	12929
863	12947
864	13179
865	12885
866	12938
867	12823
868	13137
869	13372
870	12786
871	13410
872	12131
873	12726
874	12909
875	12363
876	12576
877	13458
878	12791
879	12839
880	13197
881	12829
882	13382
883	12006
884	11749
885	12336
886	12392
887	12163
888	12336
889	11962
890	12369
891	12241
892	12204
893	11511
894	12019
895	12057
896	11802
897	12123
898	11400
899	11598
900	11715
901	11780
902	11560
903	11487
904	11864
905	11739
906	11793
907	11737
908	11793
909	12145
910	11889
911	11623
912	11790
913	11807
914	11935
915	11592
916	11612
917	12236
918	11287
919	11918
920	11537
921	11135
922	11270
923	11367
924	11436
925	11305
926	11080
927	10806
928	10957
929	11338
930	11160
931	11103
932	11074
933	10838
934	10969
935	11438
936	10938
937	11040
938	10630
939	11275
940	11462
941	11109
942	11397
943	11026
944	11122
945	10993
946	11114
947	10784
948	11022
949	10731
950	10731
951	10805
952	10626
953	10600
954	10523
955	11117
956	10498
957	11394
958	10994
959	11124
960	11146
961	11271
962	11836
963	11424
964	11223
965	11247
966	11059
967	10950
968	10882
969	10903
970	11518
971	11172
972	11463
973	11464
974	11218
975	11551
976	10924
977	11110
978	11332
979	11119
980	11561
981	11004
982	10832
983	11339
984	11529
985	11533
986	11230
987	12139
988	11548
989	11622
990	11616
991	10908
992	11080
993	11285
994	11630
995	11045
996	11482
997	11592
998	11357
999	11022
1000	10689
1001	11329
1002	11157
1003	11298
1004	11233
1005	10971
1006	11491
1007	11515
1008	10805
1009	10643
1010	10398
1011	10532
1012	10459
1013	10508
1014	10572
1015	10747
1016	10557
1017	11097
1018	10747
1019	11277
1020	10566
1021	10938
1022	10486
1023	10817
1024	10738
1025	10710
1026	10606
1027	11295
1028	10612
1029	10588
1030	10849
1031	11171
1032	10819
1033	11026
1034	10947
1035	11168
1036	10936
1037	10788
1038	10937
1039	10999
1040	10815
1041	11232
1042	11129
1043	10961
1044	11237
1045	11049
1046	10866
1047	11314
1048	11362
1049	11056
1050	10821
1051	11248
1052	11798
1053	10780
1054	10097
1055	10094
1056	10175
1057	10237
1058	10472
1059	10458
1060	10307
1061	10123
1062	10423
1063	10212
1064	10068
1065	9493
1066	10077
1067	10151
1068	10111
1069	9802
1070	9880
1071	9726
1072	9903
1073	9727
1074	9962
1075	9872
1076	9977
1077	10337
1078	10821
1079	9782
1080	9728
1081	9803
1082	9658
1083	9622
1084	9989
1085	10093
1086	10307
1087	9979
1088	9886
1089	9785
1090	9740
1091	9580
1092	9482
1093	9263
1094	9528
1095	9677
1096	9237
1097	9481
1098	9351
1099	9389
1100	9911
1101	9383
1102	9608
1103	9405
1104	9711
1105	9647
1106	9553
1107	9619
1108	10267
1109	10291
1110	9801
1111	9519
1112	9627
1113	9777
1114	9788
1115	9684
1116	9991
1117	9767
1118	9936
1119	10362
1120	10007
1121	9613
1122	9957
1123	9632
1124	10107
1125	9978
1126	10001
1127	10051
1128	10600
1129	10027
1130	10366
1131	10401
1132	9582
1133	9387
1134	10436
1135	9839
1136	10052
1137	10015
1138	10094
1139	9971
1140	10288
1141	11095
1142	11248
1143	9696
1144	9964
1145	10264
1146	10085
1147	9946
1148	10239
1149	9759
1150	10082
1151	10514
1152	10089
1153	10115
1154	9981
1155	10640
1156	9946
1157	9875
1158	10302
1159	9912
1160	10131
1161	10095
1162	10509
1163	10951
1164	11026
1165	10306
1166	10246
1167	10104
1168	10542
1169	10419
1170	10281
1171	10777
1172	10930
1173	10973
1174	10924
1175	10592
1176	10050
1177	10421
1178	10920
1179	10896
1180	11774
1181	11326
1182	12117
1183	10577
1184	11294
1185	11072
1186	11778
1187	11780
1188	12758
1189	11817
1190	11139
1191	11304
1192	10544
1193	11051
1194	11033
1195	10366
1196	11006
1197	10840
1198	10489
1199	10268
1200	10225
1201	9650
1202	9774
1203	9917
1204	10374
1205	9879
1206	10805
1207	10465
1208	10402
1209	9818
1210	10518
1211	9839
1212	10619
1213	10367
1214	10928
1215	10297
1216	10836
1217	10795
1218	10448
1219	9817
1220	9946
1221	9686
1222	9676
1223	9292
1224	9399
1225	9496
1226	9541
1227	9489
1228	9019
1229	9583
1230	9599
1231	9495
1232	9338
1233	9527
1234	9694
1235	9594
1236	9336
1237	9304
1238	9359
1239	9748
1240	9579
1241	9552
1242	10142
1243	9673
1244	9706
1245	9498
1246	9548
1247	9524
1248	9580
1249	9833
1250	9606
1251	9812
1252	9932
1253	9673
1254	10154
1255	9822
1256	9558
1257	9668
1258	9975
1259	9480
1260	9368
1261	9822
1262	9551
1263	9858
1264	9872
1265	9582
1266	9571
1267	10288
1268	10112
1269	9769
1270	9392
1271	9385
1272	9083
1273	9591
1274	9517
1275	9175
1276	9266
1277	9206
1278	9521
1279	9505
1280	8784
1281	9081
1282	8509
1283	8824
1284	9010
1285	9008
1286	9184
1287	9103
1288	8992
1289	8933
1290	9374
1291	8916
1292	9033
1293	8844
1294	8846
1295	8430
1296	8923
1297	9079
1298	8859
1299	8730
1300	8567
1301	9467
1302	8928
1303	8843
1304	9051
1305	8921
1306	9297
1307	8880
1308	9344
1309	8878
1310	9321
1311	9122
1312	8935
1313	9442
1314	9237
1315	9702
1316	9333
1317	8958
1318	10045
1319	9077
1320	9010
1321	9127
1322	9127
1323	9921
1324	9825
1325	9833
1326	10226
1327	9355
1328	9406
1329	9520
1330	9447
1331	9653
1332	9980
1333	10471
1334	9781
1335	9703
1336	9101
1337	9421
1338	9593
1339	10357
1340	9608
1341	9724
1342	9765
1343	9538
1344	10019
1345	9734
1346	10248
1347	10150
1348	10387
1349	10031
1350	10189
1351	11189
1352	10383
1353	10192
1354	9687
1355	10123
1356	10033
1357	10962
1358	12651
1359	10346
1360	10395
1361	10591
1362	9883
1363	10027
1364	10492
1365	10935
1366	10232
1367	10438
1368	10772
1369	9440
1370	9813
1371	9165
1372	9675
1373	10147
1374	9852
1375	9854
1376	9095
1377	9081
1378	8845
1379	8896
1380	9117
1381	9420
1382	10016
1383	9347
1384	9274
1385	9419
1386	9187
1387	9237
1388	8807
1389	8550
1390	8809
1391	8813
1392	9544
1393	9120
1394	8900
1395	8709
1396	8433
1397	8623
1398	8380
1399	8633
1400	8541
1401	8630
1402	8629
1403	8952
1404	8287
1405	8338
1406	8546
1407	8756
1408	8683
1409	8634
1410	8672
1411	8747
1412	8818
1413	8339
1414	8524
1415	8532
1416	8439
1417	8754
1418	9282
1419	8943
1420	9144
1421	9048
1422	8721
1423	8679
1424	8605
1425	8796
1426	9239
1427	8966
1428	9011
1429	8937
1430	10081
1431	9476
1432	8516
1433	8230
1434	8637
1435	8703
1436	8617
1437	8712
1438	9738
1439	8958
1440	9020
1441	8637
1442	8522
1443	8580
1444	8218
1445	8445
1446	8239
1447	8138
1448	8199
1449	8213
1450	7761
1451	8164
1452	7678
1453	7861
1454	7697
1455	7700
1456	7749
1457	7752
1458	7671
1459	7735
1460	7720
1461	7628
1462	7872
1463	7867
1464	7891
1465	7672
1466	7733
1467	7751
1468	8025
1469	7726
1470	8040
1471	7758
1472	8359
1473	7819
1474	8063
1475	7724
1476	7827
1477	7792
1478	7730
1479	7524
1480	7883
1481	8189
1482	8265
1483	8056
1484	7864
1485	7607
1486	7593
1487	7522
1488	7402
1489	7573
1490	7552
1491	7967
1492	7739
1493	7976
1494	7762
1495	7652
1496	7631
1497	7756
1498	7926
1499	8726
1500	8120
1501	8278
1502	7715
1503	7769
1504	7875
1505	7904
1506	7966
1507	7918
1508	7857
1509	7750
1510	7798
1511	7609
1512	8064
1513	8135
1514	7668
1515	7859
1516	7901
1517	8125
1518	7671
1519	7847
1520	8358
1521	8219
1522	7947
1523	7780
1524	8022
1525	8072
1526	8053
1527	7909
1528	7812
1529	7885
1530	8391
1531	8587
1532	7982
1533	8347
1534	8311
1535	8698
1536	8922
1537	8926
1538	8208
1539	8350
1540	8384
1541	8063
1542	8235
1543	7668
1544	8144
1545	8104
1546	8406
1547	8820
1548	8341
1549	7985
1550	8254
1551	8787
1552	8475
1553	8068
1554	8419
1555	8708
1556	8632
1557	8592
1558	8859
1559	8807
1560	8528
1561	8609
1562	8606
1563	8642
1564	8816
1565	9939
1566	8462
1567	9566
1568	8263
1569	8465
1570	8558
1571	8519
1572	8342
1573	8580
1574	8484
1575	8860
1576	8724
1577	8639
1578	8675
1579	8758
1580	8915
1581	9146
1582	9363
1583	9131
1584	9040
1585	9498
1586	9211
1587	9098
1588	9187
1589	9263
1590	9089
1591	9076
1592	9266
1593	9096
1594	9045
1595	8949
1596	8791
1597	9193
1598	9681
1599	9357
1600	9342
1601	9257
1602	8998
1603	8963
1604	9008
1605	8986
1606	8174
1607	8719
1608	8146
1609	8236
1610	7982
1611	8481
1612	8369
1613	8658
1614	8552
1615	8258
1616	8486
1617	8250
1618	8370
1619	8377
1620	8647
1621	8602
1622	9008
1623	8444
1624	8332
1625	8302
1626	8413
1627	8676
1628	8426
1629	8370
1630	8464
1631	8417
1632	8597
1633	8107
1634	8502
1635	8182
1636	7942
1637	8235
1638	7987
1639	8571
1640	8191
1641	7809
1642	8234
1643	7855
1644	7963
1645	7973
1646	7976
1647	7549
1648	7372
1649	7450
1650	7475
1651	7844
1652	7558
1653	7567
1654	7630
1655	7499
1656	7677
1657	7475
1658	7881
1659	7598
1660	7491
1661	7749
1662	7873
1663	7879
1664	7632
1665	7703
1666	7528
1667	7801
1668	7604
1669	7750
1670	7953
1671	7422
1672	7670
1673	7364
1674	7848
1675	7936
1676	7663
1677	8114
1678	8057
1679	7953
1680	8079
1681	7759
1682	7623
1683	7682
1684	7015
1685	7081
1686	6895
1687	7251
1688	7075
1689	7064
1690	6844
1691	6891
1692	7308
1693	7286
1694	7088
1695	6817
1696	7218
1697	7229
1698	7274
1699	7226
1700	7359
1701	6780
1702	7245
1703	7004
1704	6806
1705	6552
1706	6934
1707	7325
1708	6825
1709	7390
1710	6696
1711	7056
1712	6884
1713	6807
1714	6679
1715	6811
1716	6779
1717	6705
1718	6656
1719	6646
1720	6560
1721	6580
1722	6848
1723	6701
1724	6971
1725	6824
1726	6598
1727	7019
1728	6583
1729	6936
1730	7043
1731	6781
1732	6607
1733	6659
1734	6783
1735	6614
1736	6716
1737	6835
1738	6646
1739	6693
1740	6586
1741	6789
1742	6681
1743	6495
1744	6652
1745	6349
1746	6487
1747	6554
1748	6432
1749	6216
1750	6416
1751	6395
1752	6363
1753	6379
1754	6194
1755	6426
1756	5976
1757	6347
1758	6116
1759	6355
1760	6352
1761	5984
1762	6166
1763	6145
1764	6235
1765	6250
1766	6462
1767	6471
1768	6202
1769	6421
1770	6429
1771	6500
1772	6421
1773	6409
1774	6254
1775	6321
1776	6378
1777	6481
1778	6635
1779	6342
1780	6326
1781	6160
1782	6296
1783	6322
1784	6319
1785	6458
1786	6585
1787	6702
1788	6977
1789	6713
1790	6998
1791	6597
1792	6597
1793	6410
1794	6496
1795	6596
1796	6672
1797	6609
1798	6434
1799	6385
1800	6264
1801	6556
1802	6565
1803	6172
1804	6144
1805	6670
1806	6216
1807	6462
1808	6415
1809	6310
1810	6021
1811	6162
1812	6257
1813	6377
1814	6381
1815	6007
1816	6252
1817	6461
1818	6640
1819	6416
1820	6202
1821	6312
1822	6392
1823	6584
1824	6980
1825	6403
1826	6436
1827	6542
1828	6602
1829	6271
1830	6700
1831	6398
1832	6645
1833	6314
1834	6804
1835	6693
1836	6518
1837	6721
1838	6155
1839	6361
1840	6502
1841	6436
1842	6894
1843	6442
1844	6720
1845	6668
1846	6391
1847	6241
1848	6349
1849	6315
1850	6308
1851	6308
1852	6843
1853	7020
1854	6812
1855	6451
1856	6594
1857	6663
1858	7062
1859	7287
1860	7045
1861	7885
1862	7748
1863	7635
1864	7203
1865	6629
1866	6604
1867	6820
1868	6994
1869	7748
1870	7111
1871	7276
1872	7131
1873	6791
1874	6608
1875	6334
1876	6597
1877	6514
1878	6206
1879	6843
1880	6463
1881	6372
1882	6382
1883	6698
1884	6695
1885	6757
1886	6591
1887	6480
1888	6742
1889	6646
1890	6397
1891	6812
1892	6604
1893	6493
1894	6699
1895	6638
1896	6592
1897	6840
1898	6744
1899	7003
1900	6815
1901	6936
1902	6828
1903	7008
1904	6725
1905	7019
1906	6599
1907	6923
1908	6751
1909	6755
1910	6962
1911	6644
1912	6760
1913	7125
1914	6276
1915	6599
1916	6602
1917	6966
1918	6644
1919	6593
1920	6166
1921	6255
1922	6405
1923	7866
1924	6153
1925	6009
1926	6652
1927	6346
1928	6461
1929	6182
1930	6383
1931	6320
1932	6414
1933	6372
1934	6101
1935	6897
1936	6580
1937	6119
1938	6040
1939	5871
1940	5853
1941	6060
1942	5883
1943	5904
1944	5924
1945	6357
1946	6077
1947	6289
1948	6057
1949	6061
1950	6085
1951	5803
1952	5839
1953	5814
1954	5905
1955	5591
1956	5765
1957	6014
1958	5993
1959	5994
1960	5960
1961	6455
1962	5876
1963	5934
1964	5610
1965	5652
1966	5797
1967	5786
1968	5755
1969	5823
1970	5797
1971	5740
1972	5836
1973	5890
1974	6065
1975	5920
1976	5809
1977	5802
1978	5720
1979	5894
1980	5858
1981	6032
1982	6189
1983	6037
1984	5966
1985	5809
1986	6090
1987	6221
1988	6022
1989	6123
1990	6052
1991	6083
1992	6528
1993	6589
1994	6335
1995	6245
1996	6445
1997	6574
1998	6696
1999	6529
2000	6932
2001	7059
2002	7107
2003	7004
2004	6899
2005	6819
2006	6609
2007	6906
2008	7150
2009	6972
2010	7449
2011	7470
2012	7064
2013	6893
2014	6797
2015	7273
2016	7239
2017	6985
2018	7256
2019	6978
2020	7215
2021	7284
2022	7080
2023	7144
2024	6882
2025	7007
2026	6555
2027	7224
2028	7098
2029	6914
2030	6709
2031	6988
2032	6844
2033	6852
2034	7409
2035	7088
2036	6881
2037	6881
2038	7106
2039	7346
2040	7249
2041	7211
2042	6800
2043	6725
2044	7166
2045	6447
2046	6595
2047	6501
2048	6509
2049	6292
2050	6315
2051	6496
2052	6492
2053	6659
2054	6883
2055	6731
2056	6765
2057	7030
2058	6829
2059	6766
2060	6933
2061	6952
2062	6789
2063	6868
2064	6938
2065	6515
2066	6497
2067	6257
2068	6411
2069	6570
2070	6274
2071	6109
2072	6236
2073	6504
2074	6485
2075	6154
2076	6031
2077	6183
2078	6196
2079	6283
2080	6615
2081	6568
2082	6537
2083	6298
2084	6220
2085	6278
2086	6031
2087	6073
2088	6341
2089	6408
2090	6403
2091	6347
2092	6292
2093	6328
2094	6087
2095	6317
2096	6265
2097	6425
2098	6694
2099	6419
2100	6353
2101	6289
2102	6191
2103	6720
2104	6263
2105	6658
2106	6384
2107	6256
2108	6525
2109	6789
2110	6395
2111	6457
2112	6174
2113	5954
2114	6097
2115	6474
2116	6495
2117	6535
2118	6535
2119	6419
2120	6464
2121	5954
2122	6167
2123	6135
2124	6156
2125	6019
2126	6135
2127	6550
2128	5943
2129	5955
2130	5717
2131	5732
2132	5887
2133	6151
2134	5975
2135	5995
2136	5881
2137	6297
2138	6039
2139	5826
2140	5791
2141	5797
2142	5865
2143	6046
2144	5957
2145	6294
2146	6197
2147	6043
2148	5876
2149	5837
2150	5655
2151	5856
2152	6145
2153	5915
2154	6079
2155	6103
2156	6419
2157	5667
2158	5698
2159	5662
2160	5802
2161	5919
2162	5662
2163	5956
2164	5895
2165	5941
2166	6180
2167	5617
2168	5796
2169	5728
2170	6025
2171	6211
2172	5771
2173	5592
2174	5419
2175	5543
2176	5414
2177	5287
2178	5465
2179	5388
2180	5692
2181	5524
2182	5518
2183	5385
2184	5678
2185	5743
2186	5290
2187	5536
2188	5340
2189	5265
2190	5595
2191	5462
2192	5292
2193	5520
2194	5714
2195	5511
2196	5681
2197	5485
2198	5301
2199	5343
2200	5676
2201	5467
2202	5316
2203	5085
2204	5407
2205	5317
2206	5335
2207	5313
2208	5402
2209	5381
2210	5346
2211	5276
2212	5152
2213	5275
2214	5395
2215	5463
2216	5174
2217	4925
2218	5359
2219	5208
2220	5215
2221	4782
2222	5117
2223	4808
2224	5204
2225	4928
2226	4826
2227	5108
2228	5163
2229	5301
2230	5382
2231	5262
2232	5152
2233	5281
2234	5122
2235	5191
2236	5141
2237	5186
2238	5216
2239	5021
2240	5336
2241	5088
2242	5082
2243	5357
2244	5121
2245	5262
2246	5008
2247	5303
2248	5064
2249	5291
2250	5088
2251	5126
2252	5084
2253	5268
2254	5248
2255	5173
2256	5370
2257	5065
2258	5295
2259	5314
2260	5340
2261	5069
2262	5233
2263	5036
2264	5197
2265	5251
2266	5363
2267	5052
2268	5385
2269	5197
2270	5112
2271	5064
2272	4998
2273	5078
2274	5026
2275	5080
2276	5115
2277	4951
2278	4863
2279	4844
2280	4736
2281	4872
2282	4794
2283	5088
2284	4697
2285	5154
2286	4888
2287	5123
2288	4861
2289	4876
2290	4724
2291	4701
2292	4768
2293	4716
2294	4789
2295	4811
2296	4682
2297	4866
2298	4565
2299	4969
2300	4804
2301	4866
2302	4836
2303	4743
2304	5032
2305	4664
2306	4919
2307	4781
2308	4722
2309	4731
2310	4715
2311	4798
2312	4851
2313	4848
2314	4679
2315	4733
2316	4497
2317	4745
2318	4754
2319	4814
2320	4632
2321	4598
2322	4629
2323	4959
2324	4742
2325	4799
2326	4856
2327	4460
2328	4669
2329	4825
2330	4596
2331	4643
2332	4623
2333	4559
2334	4730
2335	4646
2336	4811
2337	4737
2338	4694
2339	4862
2340	4908
2341	4743
2342	4935
2343	4660
2344	4679
2345	4676
2346	4537
2347	4678
2348	4743
2349	4575
2350	4472
2351	4466
2352	4621
2353	4809
2354	4878
2355	4996
2356	4692
2357	4695
2358	4856
2359	5038
2360	5071
2361	4978
2362	5318
2363	5042
2364	5223
2365	5067
2366	5358
2367	5213
2368	5319
2369	5284
2370	4999
2371	5268
2372	5204
2373	5076
2374	5107
2375	4896
2376	5178
2377	5132
2378	5048
2379	5011
2380	4936
2381	5263
2382	4972
2383	4997
2384	4857
2385	4718
2386	4691
2387	4597
2388	4653
2389	4702
2390	4611
2391	5040
2392	4819
2393	4614
2394	4686
2395	5658
2396	4746
2397	4522
2398	5007
2399	4734
2400	4720
2401	4637
2402	4948
2403	4871
2404	5224
2405	4728
2406	5061
2407	4743
2408	4790
2409	4544
2410	4581
2411	4488
2412	4442
2413	4624
2414	4419
2415	4351
2416	4513
2417	4381
2418	4320
2419	4536
2420	4692
2421	4402
2422	4643
2423	4266
2424	4302
2425	4219
2426	4505
2427	4737
2428	4208
2429	4373
2430	4205
2431	4219
2432	4210
2433	4284
2434	4401
2435	4283
2436	4168
2437	4272
2438	4478
2439	4428
2440	4626
2441	4345
2442	4260
2443	4045
2444	4039
2445	4255
2446	4151
2447	4088
2448	3963
2449	4140
2450	4043
2451	4156
2452	4341
2453	4115
2454	4344
2455	3944
2456	3943
2457	4086
2458	4152
2459	4058
2460	4260
2461	4139
2462	4114
2463	3833
2464	3951
2465	4034
2466	4032
2467	4035
2468	4335
2469	4155
2470	4150
2471	4027
2472	3810
2473	4093
2474	4083
2475	4106
2476	4099
2477	4010
2478	4051
2479	4115
2480	4158
2481	4112
2482	4149
2483	3998
2484	4179
2485	4142
2486	4122
2487	4229
2488	4153
2489	4115
2490	4132
2491	4158
2492	4237
2493	4285
2494	4146
2495	4146
2496	4146
2497	4337
2498	4511
2499	4370
2500	4467
2501	4534
2502	4492
2503	4421
2504	4523
2505	4425
2506	4484
2507	4728
2508	4762
2509	4400
2510	4752
2511	4755
2512	4920
2513	4676
2514	4629
2515	4824
2516	4794
2517	4680
2518	4902
2519	5224
2520	4894
2521	5147
2522	5012
2523	5000
2524	4825
2525	4868
2526	5085
2527	4740
2528	4973
2529	4966
2530	4830
2531	4825
2532	4811
2533	4818
2534	4728
2535	4775
2536	4662
2537	4899
2538	4950
2539	4765
2540	4908
2541	4985
2542	4825
2543	4675
2544	4705
2545	4733
2546	4770
2547	4721
2548	4864
2549	4707
2550	4651
2551	4915
2552	4876
2553	4979
2554	4708
2555	4757
2556	4707
2557	5001
2558	5061
2559	5058
2560	4907
2561	4919
2562	5054
2563	5053
2564	5632
2565	5428
2566	5024
2567	5517
2568	5324
2569	5314
2570	5042
2571	5706
2572	5000
2573	5298
2574	5199
2575	5064
2576	5127
2577	4680
2578	4816
2579	4606
2580	4691
2581	4701
2582	5085
2583	4750
2584	4974
2585	4536
2586	4741
2587	4675
2588	4712
2589	4644
2590	4784
2591	4921
2592	4696
2593	4972
2594	4695
2595	4789
2596	4774
2597	4619
2598	4860
2599	4625
2600	4599
2601	4575
2602	4621
2603	4292
2604	4481
2605	4394
2606	4549
2607	4743
2608	4810
2609	4543
2610	4505
2611	4403
2612	4177
2613	4214
2614	4272
2615	4289
2616	4378
2617	4299
2618	4200
2619	4364
2620	4276
2621	4480
2622	4434
2623	4428
2624	4601
2625	4468
2626	4676
2627	4372
2628	4465
2629	4636
2630	4483
2631	4336
2632	4602
2633	4580
2634	4876
2635	4597
2636	4435
2637	4237
2638	4354
2639	4623
2640	4544
2641	4728
2642	4769
2643	4880
2644	4221
2645	4751
2646	4366
2647	4245
2648	4146
2649	4213
2650	4656
2651	4598
2652	5384
2653	4533
2654	4396
2655	4382
2656	4428
2657	4415
2658	4409
2659	4538
2660	4348
2661	4157
2662	4125
2663	4097
2664	4271
2665	4219
2666	4390
2667	4103
2668	4119
2669	4257
2670	4105
2671	3902
2672	4163
2673	4156
2674	4386
2675	4371
2676	4309
2677	4215
2678	4041
2679	4059
2680	4339
2681	4313
2682	4789
2683	4253
2684	4274
2685	4199
2686	4126
2687	4052
2688	4216
2689	4091
2690	4113
2691	4096
2692	4019
2693	3933
2694	3931
2695	3943
2696	4015
2697	3764
2698	3813
2699	3830
2700	4043
2701	3998
2702	4213
2703	4130
2704	4146
2705	3833
2706	3975
2707	3927
2708	4117
2709	4432
2710	4167
2711	4184
2712	4002
2713	3944
2714	4275
2715	4161
2716	4516
2717	3893
2718	4168
2719	4253
2720	4041
2721	3948
2722	4162
2723	4125
2724	3971
2725	3901
2726	4055
2727	4211
2728	4242
2729	4254
2730	3959
2731	3901
2732	3943
2733	3950
2734	4149
2735	4196
2736	4216
2737	4333
2738	4204
2739	4126
2740	4184
2741	4126
2742	3860
2743	4012
2744	3944
2745	3983
2746	3973
2747	3803
2748	3849
2749	3858
2750	3951
2751	3953
2752	3890
2753	4110
2754	4032
2755	4124
2756	4199
2757	4021
2758	4144
2759	3923
2760	4101
2761	4254
2762	4220
2763	4153
2764	4062
2765	4010
2766	4171
2767	4285
2768	4240
2769	4228
2770	4646
2771	4638
2772	4107
2773	4138
2774	4117
2775	4152
2776	4197
2777	4244
2778	4141
2779	4534
2780	4241
2781	4194
2782	3832
2783	3931
2784	3952
2785	3838
2786	3908
2787	4035
2788	4142
2789	4181
2790	4136
2791	3868
2792	3887
2793	3851
2794	3961
2795	4043
2796	3969
2797	3824
2798	4110
2799	3851
2800	3728
2801	3896
2802	4089
2803	3737
2804	3764
2805	3992
2806	3674
2807	3942
2808	3783
2809	3720
2810	3661
2811	3918
2812	3891
2813	3936
2814	3789
2815	3684
2816	3658
2817	3933
2818	3513
2819	3710
2820	3702
2821	3554
2822	3583
2823	3378
2824	3318
2825	3402
2826	3497
2827	3471
2828	3351
2829	3505
2830	3503
2831	3408
2832	3550
2833	3507
2834	3719
2835	3546
2836	3526
2837	3481
2838	3596
2839	3794
2840	3785
2841	3580
2842	3574
2843	3565
2844	3492
2845	3785
2846	3718
2847	3723
2848	3662
2849	3830
2850	3662
2851	3648
2852	3508
2853	3523
2854	3585
2855	3551
2856	3599
2857	3627
2858	3553
2859	3773
2860	3466
2861	3719
2862	3533
2863	3648
2864	3726
2865	3589
2866	3615
2867	3590
2868	3754
2869	3917
2870	3519
2871	3652
2872	3637
2873	3695
2874	3478
2875	3422
2876	3373
2877	3492
2878	3618
2879	3596
2880	3412
2881	3564
2882	3525
2883	3531
2884	3522
2885	3478
2886	3437
2887	3543
2888	3485
2889	3582
2890	3471
2891	3517
2892	3528
2893	3522
2894	3593
2895	3537
2896	3493
2897	3572
2898	3739
2899	3925
2900	3406
2901	3783
2902	3626
2903	3557
2904	3520
2905	3641
2906	3759
2907	3776
2908	3756
2909	3838
2910	3776
2911	3746
2912	3600
2913	3686
2914	3654
2915	3747
2916	3594
2917	3843
2918	3914
2919	3925
2920	3801
2921	3635
2922	3491
2923	3577
2924	3781
2925	3803
2926	3650
2927	3680
2928	3575
2929	3482
2930	3644
2931	3697
2932	3638
2933	3517
2934	3614
2935	3888
2936	3578
2937	3577
2938	3651
2939	3499
2940	3576
2941	3794
2942	3611
2943	3571
2944	3551
2945	3643
2946	3492
2947	3362
2948	3366
2949	3570
2950	3512
2951	3521
2952	3565
2953	3488
2954	3407
2955	3420
2956	3317
2957	3375
2958	3577
2959	3444
2960	3355
2961	3600
2962	3451
2963	3404
2964	3887
2965	3756
2966	3706
2967	3754
2968	3553
2969	3737
2970	3572
2971	3634
2972	3540
2973	3631
2974	3736
2975	3647
2976	3536
2977	3689
2978	3320
2979	3447
2980	3357
2981	3613
2982	3486
2983	3642
2984	3650
2985	3689
2986	3697
2987	3838
2988	4021
2989	3830
2990	3990
2991	3757
2992	3970
2993	3804
2994	3783
2995	4069
2996	4159
2997	4100
2998	4009
2999	3835
3000	3885
3001	4084
3002	3996
3003	3948
3004	3730
3005	3837
3006	4167
3007	3925
3008	4118
3009	4155
3010	4183
3011	4254
3012	4099
3013	4161
3014	4178
3015	4105
3016	4098
3017	4159
3018	4288
3019	3984
3020	3710
3021	3921
3022	3813
3023	3969
3024	3739
3025	3865
3026	3703
3027	3648
3028	3730
3029	3559
3030	3632
3031	3739
3032	3778
3033	3895
3034	3691
3035	3833
3036	3679
3037	3540
3038	3768
3039	3729
3040	3880
3041	4025
3042	4039
3043	4040
3044	3740
3045	3751
3046	3857
3047	3851
3048	3959
3049	4054
3050	4064
3051	4071
3052	3989
3053	4207
3054	3878
3055	3979
3056	4051
3057	4308
3058	4122
3059	4178
3060	3779
3061	3839
3062	3737
3063	3890
3064	3543
3065	3747
3066	3807
3067	3697
3068	3890
3069	4154
3070	4108
3071	3813
3072	3797
3073	3692
3074	4279
3075	3917
3076	3862
3077	3681
3078	4108
3079	3613
3080	3733
3081	3633
3082	3565
3083	3652
3084	3593
3085	3808
3086	3572
3087	3537
3088	3526
3089	3401
3090	3566
3091	3640
3092	3705
3093	3849
3094	3889
3095	4113
3096	3635
3097	3409
3098	3729
3099	3532
3100	3697
3101	3820
3102	3930
3103	4046
3104	3702
3105	3880
3106	3633
3107	3889
3108	3577
3109	3725
3110	3683
3111	3505
3112	3765
3113	3928
3114	3894
3115	3599
3116	3495
3117	3544
3118	3832
3119	3932
3120	4067
3121	3756
3122	3801
3123	3840
3124	3989
3125	3897
3126	3871
3127	4035
3128	4141
3129	3832
3130	3797
3131	3991
3132	3693
3133	3879
3134	3740
3135	3458
3136	3446
3137	3419
3138	3527
3139	3488
3140	3692
3141	3817
3142	3636
3143	3236
3144	3246
3145	3293
3146	3475
3147	3560
3148	3495
3149	3316
3150	3272
3151	3091
3152	3231
3153	3272
3154	3062
3155	3140
3156	3071
3157	3220
3158	3408
3159	3348
3160	3494
3161	3332
3162	3326
3163	3204
3164	3419
3165	3350
3166	3472
3167	3385
3168	3441
3169	3481
3170	3309
3171	3369
3172	3307
3173	3331
3174	3338
3175	3084
3176	3064
3177	3120
3178	3196
3179	3283
3180	3371
3181	3174
3182	3381
3183	3274
3184	3445
3185	3296
3186	3302
3187	3291
3188	3335
3189	3253
3190	3246
3191	3516
3192	3254
3193	3190
3194	3335
3195	3325
3196	3400
3197	3274
3198	3315
3199	3669
3200	3407
3201	3687
3202	3616
3203	3415
3204	3558
3205	3444
3206	3320
3207	3343
3208	3314
3209	3393
3210	3455
3211	3660
3212	3389
3213	3275
3214	3399
3215	3385
3216	3383
3217	3293
3218	3193
3219	3548
3220	3519
3221	3647
3222	3442
3223	3605
3224	3459
3225	3437
3226	3489
3227	3499
3228	3661
3229	3378
3230	3568
3231	3526
3232	3624
3233	3534
3234	3451
3235	3617
3236	3581
3237	3631
3238	3555
3239	3373
3240	3585
3241	3502
3242	3517
3243	3504
3244	3457
3245	3646
3246	3391
3247	3521
3248	3451
3249	3437
3250	3774
3251	3523
3252	3550
3253	3599
3254	3398
3255	3645
3256	3652
3257	3738
3258	3446
3259	3518
3260	3796
3261	3614
3262	3717
3263	3696
3264	3646
3265	3726
3266	3623
3267	3810
3268	3685
3269	3677
3270	3585
3271	3696
3272	3829
3273	3647
3274	3576
3275	3626
3276	3676
3277	3768
3278	4064
3279	3926
3280	3920
3281	3887
3282	3926
3283	3806
3284	4130
3285	4143
3286	4009
3287	3865
3288	3903
3289	3952
3290	3996
3291	4353
3292	3643
3293	3645
3294	3626
3295	3709
3296	3583
3297	3468
3298	3653
3299	3434
3300	3697
3301	3468
3302	3528
3303	3552
3304	3388
3305	3697
3306	3465
3307	3679
3308	3518
3309	3769
3310	3753
3311	3576
3312	3814
3313	3731
3314	3684
3315	3588
3316	3592
3317	3837
3318	3634
3319	3550
3320	3476
3321	3628
3322	3615
3323	3559
3324	3482
3325	3490
3326	3534
3327	3685
3328	3556
3329	3562
3330	3644
3331	3543
3332	3602
3333	3465
3334	3486
3335	3595
3336	3318
3337	3706
3338	3392
3339	3598
3340	3536
3341	3642
3342	3657
3343	3544
3344	3650
3345	3610
3346	3382
3347	3664
3348	3344
3349	3529
3350	3442
3351	3619
3352	3349
3353	3250
3354	3223
3355	3384
3356	3387
3357	3345
3358	3171
3359	3288
3360	3334
3361	3107
3362	3331
3363	3304
3364	3128
3365	3242
3366	3252
3367	3217
3368	3087
3369	3245
3370	3099
3371	3087
3372	3171
3373	3168
3374	3146
3375	3097
3376	2985
3377	3131
3378	2953
3379	3147
3380	3002
3381	3034
3382	3231
3383	3231
3384	3125
3385	3120
3386	3080
3387	2858
3388	2938
3389	2983
3390	3089
3391	3046
3392	2784
3393	3147
3394	3031
3395	3024
3396	3068
3397	3003
3398	3019
3399	2970
3400	2889
3401	3114
3402	2866
3403	3010
3404	3080
3405	3031
3406	3048
3407	2865
3408	2812
3409	2868
3410	2869
3411	2992
3412	2897
3413	2894
3414	2929
3415	2986
3416	3043
3417	2984
3418	2907
3419	3031
3420	3197
3421	2900
3422	3002
3423	2945
3424	2931
3425	2863
3426	3079
3427	3107
3428	3082
3429	3044
3430	2980
3431	2907
3432	2897
3433	3042
3434	2962
3435	3146
3436	2929
3437	2965
3438	3076
3439	3061
3440	3074
3441	3119
3442	2994
3443	3191
3444	3159
3445	3405
3446	2884
3447	2884
3448	3081
3449	2958
3450	2984
3451	3136
3452	3015
3453	2934
3454	2867
3455	2913
3456	2974
3457	2961
3458	3031
3459	2875
3460	3046
3461	2913
3462	3234
3463	3032
3464	2962
3465	3149
3466	2928
3467	2946
3468	2909
3469	3191
3470	3287
3471	3125
3472	3159
3473	3237
3474	3123
3475	3132
3476	3073
3477	3157
3478	3142
3479	3135
3480	3123
3481	3013
3482	3035
3483	3088
3484	2994
3485	3096
3486	3071
3487	3140
3488	3145
3489	3155
3490	3120
3491	3036
3492	3073
3493	3221
3494	3112
3495	3048
3496	3212
3497	2985
3498	3193
3499	3218
3500	3316
3501	3106
3502	3046
3503	3179
3504	3162
3505	3262
3506	2962
3507	3090
3508	3144
3509	3069
3510	2990
3511	3184
3512	3084
3513	3277
3514	3093
3515	3128
3516	3264
3517	3110
3518	2942
3519	3045
3520	3077
3521	2983
3522	3283
3523	3187
3524	3076
3525	3053
3526	2972
3527	3236
3528	3098
3529	2861
3530	2988
3531	2954
3532	3018
3533	3088
3534	3074
3535	2903
3536	3065
3537	2973
3538	3259
3539	3231
3540	2991
3541	3158
3542	3158
3543	3173
3544	3075
3545	2998
3546	2982
3547	2988
3548	3160
3549	3074
3550	3199
3551	3034
3552	3036
3553	3164
3554	3245
3555	2998
3556	2981
3557	3095
3558	3056
3559	3049
3560	3397
3561	3118
3562	3103
3563	3174
3564	3327
3565	3134
3566	3328
3567	2995
3568	3058
3569	3114
3570	3120
3571	3046
3572	3200
3573	3125
3574	3089
3575	3202
3576	3079
3577	3070
3578	2965
3579	3165
3580	3028
3581	3046
3582	3131
3583	3081
3584	3105
3585	3036
3586	2955
3587	3284
3588	3263
3589	3204
3590	3070
3591	2861
3592	3058
3593	3147
3594	3238
3595	3110
3596	3295
3597	3184
3598	3354
3599	3097
3600	3106
3601	2911
3602	2961
3603	2925
3604	3149
3605	3095
3606	2918
3607	3029
3608	2965
3609	3058
3610	2924
3611	2981
3612	2958
3613	2965
3614	2942
3615	3054
3616	3063
3617	2960
3618	3073
3619	2961
3620	3006
3621	2866
3622	3004
3623	2962
3624	2846
3625	2918
3626	2923
3627	2872
3628	3187
3629	2983
3630	2879
3631	3002
3632	3138
3633	3222
3634	3084
3635	3120
3636	3339
3637	3308
3638	3058
3639	3071
3640	3073
3641	3008
3642	3181
3643	3004
3644	3038
3645	3142
3646	3045
3647	3060
3648	3000
3649	2966
3650	3003
3651	2717
3652	2846
3653	2739
3654	2913
3655	3046
3656	3064
3657	2702
3658	2643
3659	2689
3660	2647
3661	2771
3662	2656
3663	2814
3664	2613
3665	2767
3666	2679
3667	2733
3668	2799
3669	2689
3670	2754
3671	2955
3672	2803
3673	2772
3674	2797
3675	2816
3676	2715
3677	2785
3678	2816
3679	2665
3680	2882
3681	2817
3682	2856
3683	2850
3684	2771
3685	2956
3686	2713
3687	2729
3688	2705
3689	2692
3690	2899
3691	2850
3692	2799
3693	2799
3694	2758
3695	2785
3696	2635
3697	2630
3698	2687
3699	2814
3700	2753
3701	2676
3702	2688
3703	2745
3704	2903
3705	2715
3706	2724
3707	2687
3708	2810
3709	2624
3710	2840
3711	2695
3712	2769
3713	2836
3714	2769
3715	2836
3716	2681
3717	2639
3718	2809
3719	2627
3720	2666
3721	2692
3722	2506
3723	2662
3724	2644
3725	2755
3726	2807
3727	2696
3728	2864
3729	2724
3730	2788
3731	2740
3732	2781
3733	2861
3734	2697
3735	2998
3736	3015
3737	2991
3738	2727
3739	2753
3740	2938
3741	2892
3742	3063
3743	2874
3744	2933
3745	2839
3746	2936
3747	2905
3748	2858
3749	2698
3750	2787
3751	2696
3752	2889
3753	2941
3754	2746
3755	2864
3756	2806
3757	2804
3758	2952
3759	2814
3760	2807
3761	2864
3762	2680
3763	2758
3764	2902
3765	2769
3766	2792
3767	2890
3768	2960
3769	2832
3770	2697
3771	2969
3772	2809
3773	2834
3774	2907
3775	2916
3776	2912
3777	2746
3778	2851
3779	2981
3780	2777
3781	2900
3782	2858
3783	2840
3784	2914
3785	3000
3786	2830
3787	2724
3788	2853
3789	2830
3790	2815
3791	2959
3792	2801
3793	2850
3794	2804
3795	2909
3796	3010
3797	3070
3798	3060
3799	2955
3800	2905
3801	2833
3802	3006
3803	3037
3804	2988
3805	2795
3806	2748
3807	3002
3808	2945
3809	2838
3810	2875
3811	2676
3812	2598
3813	2827
3814	2751
3815	2689
3816	2794
3817	2792
3818	2975
3819	2661
3820	2835
3821	2711
3822	2674
3823	2839
3824	2768
3825	2983
3826	2777
3827	2741
3828	2912
3829	2702
3830	2870
3831	2786
3832	2677
3833	2878
3834	2749
3835	2832
3836	2796
3837	2868
3838	2761
3839	2781
3840	2671
3841	2745
3842	2703
3843	3015
3844	2746
3845	2876
3846	2754
3847	2868
3848	2894
3849	2753
3850	2780
3851	2726
3852	2935
3853	2854
3854	2996
3855	2946
3856	2887
3857	3103
3858	2897
3859	2984
3860	2886
3861	2907
3862	2835
3863	2648
3864	2760
3865	2865
3866	2796
3867	3078
3868	2814
3869	3298
3870	2875
3871	2866
3872	2863
3873	2988
3874	2765
3875	2837
3876	2840
3877	2846
3878	2926
3879	2953
3880	2910
3881	2957
3882	2949
3883	3041
3884	2844
3885	2977
3886	3058
3887	2927
3888	2978
3889	2986
3890	3091
3891	3259
3892	3117
3893	2996
3894	3293
3895	3347
3896	3390
3897	3118
3898	3045
3899	3097
3900	2970
3901	3064
3902	3265
3903	3243
3904	3272
3905	3244
3906	3068
3907	3016
3908	3080
3909	3323
3910	3141
3911	3122
3912	3060
3913	3208
3914	2990
3915	3426
3916	3054
3917	3155
3918	3026
3919	2959
3920	2856
3921	2991
3922	2798
3923	2914
3924	2815
3925	2762
3926	2862
3927	2856
3928	2873
3929	2748
3930	2866
3931	2594
3932	2760
3933	2724
3934	2752
3935	2926
3936	2731
3937	2856
3938	2828
3939	2739
3940	3007
3941	2777
3942	2963
3943	2667
3944	2842
3945	2883
3946	2872
3947	2921
3948	2841
3949	2818
3950	2818
3951	2830
3952	2835
3953	2957
3954	2969
3955	2980
3956	2846
3957	2967
3958	2825
3959	2725
3960	2785
3961	2957
3962	2690
3963	2772
3964	2753
3965	2832
3966	2800
3967	2893
3968	2875
3969	2880
3970	2836
3971	2760
3972	2906
3973	2798
3974	2824
3975	2869
3976	2999
3977	2819
3978	2804
3979	2874
3980	2910
3981	2940
3982	2903
3983	2823
3984	2729
3985	2976
3986	2683
3987	2948
3988	2720
3989	2642
3990	2730
3991	2658
3992	2788
3993	2828
3994	2804
3995	2871
3996	2627
3997	2657
3998	2642
3999	2808
4000	2864
4001	2708
4002	2737
4003	2714
4004	2773
4005	2679
4006	2785
4007	2636
4008	2890
4009	2817
4010	3058
4011	2685
4012	3257
4013	3002
4014	3008
4015	2979
4016	2848
4017	2844
4018	2909
4019	3424
4020	2970
4021	3488
4022	2892
4023	2995
4024	2855
4025	3101
4026	2870
4027	3005
4028	2874
4029	2883
4030	3682
4031	2920
4032	4829
4033	3011
4034	2925
4035	3091
4036	2690
4037	2584
4038	2848
4039	2591
4040	2715
4041	2663
4042	2544
4043	2591
4044	2527
4045	2543
4046	2551
4047	2556
4048	2582
4049	2709
4050	2670
4051	2678
4052	2659
4053	2761
4054	2682
4055	2545
4056	2679
4057	2659
4058	2552
4059	2703
4060	2803
4061	2643
4062	2679
4063	2731
4064	2510
4065	2851
4066	2754
4067	2603
4068	2598
4069	2738
4070	2671
4071	2882
4072	2807
4073	2701
4074	2560
4075	2727
4076	2685
4077	2572
4078	2701
4079	2628
4080	2709
4081	2515
4082	2590
4083	2611
4084	2631
4085	2605
4086	2691
4087	2543
4088	2670
4089	2650
4090	2653
4091	2550
4092	2605
4093	2680
4094	2600
4095	2599
4096	2840
4097	2711
4098	3008
4099	2819
4100	2852
4101	2747
4102	2580
4103	2557
4104	2810
4105	2748
4106	2767
4107	2942
4108	2616
4109	2639
4110	2755
4111	3019
4112	3054
4113	3134
4114	3088
4115	2959
4116	3245
4117	2849
4118	2833
4119	2886
4120	2878
4121	2958
4122	3087
4123	2866
4124	2933
4125	2965
4126	2838
4127	2688
4128	2602
4129	2731
4130	2564
4131	2765
4132	2642
4133	2611
4134	2469
4135	2653
4136	2582
4137	2550
4138	2590
4139	2820
4140	2803
4141	2660
4142	2620
4143	2567
4144	2517
4145	2717
4146	2748
4147	2760
4148	2703
4149	2950
4150	2845
4151	2824
4152	2926
4153	2917
4154	2672
4155	2837
4156	2583
4157	2576
4158	2937
4159	2653
4160	2654
4161	2563
4162	2486
4163	2439
4164	2615
4165	2817
4166	2587
4167	2749
4168	2601
4169	2403
4170	2451
4171	2547
4172	2456
4173	2386
4174	2285
4175	2349
4176	2350
4177	2301
4178	2485
4179	2226
4180	2338
4181	2240
4182	2394
4183	2316
4184	2306
4185	2311
4186	2282
4187	2276
4188	2379
4189	2270
4190	2377
4191	2351
4192	2325
4193	2285
4194	2374
4195	2291
4196	2309
4197	2300
4198	2387
4199	2477
4200	2380
4201	2299
4202	2328
4203	2441
4204	2342
4205	2434
4206	2481
4207	2389
4208	2440
4209	2379
4210	2527
4211	2474
4212	2397
4213	2396
4214	2372
4215	2402
4216	2236
4217	2255
4218	2323
4219	2068
4220	2191
4221	2206
4222	2196
4223	2243
4224	2252
4225	2242
4226	2184
4227	2286
4228	2207
4229	2184
4230	2390
4231	2219
4232	2362
4233	2293
4234	2100
4235	2154
4236	2103
4237	2234
4238	2171
4239	2200
4240	2282
4241	2282
4242	2154
4243	2305
4244	2334
4245	2116
4246	2299
4247	2160
4248	2141
4249	2113
4250	2122
4251	2164
4252	2213
4253	2122
4254	2245
4255	2152
4256	2080
4257	2067
4258	2290
4259	2371
4260	2264
4261	2282
4262	2165
4263	2252
4264	2339
4265	2251
4266	2403
4267	2361
4268	2375
4269	2269
4270	2280
4271	2434
4272	2341
4273	2328
4274	2298
4275	2517
4276	2292
4277	2365
4278	2395
4279	2418
4280	2443
4281	2488
4282	2359
4283	2259
4284	2235
4285	2250
4286	2294
4287	2486
4288	2432
4289	2197
4290	2259
4291	2255
4292	2194
4293	2510
4294	2345
4295	2194
4296	2262
4297	2211
4298	2134
4299	2112
4300	2257
4301	2272
4302	2253
4303	2348
4304	2252
4305	2239
4306	2257
4307	2252
4308	2163
4309	2143
4310	2180
4311	2163
4312	2078
4313	2099
4314	2186
4315	2189
4316	2080
4317	2160
4318	2097
4319	2167
4320	2205
4321	2145
4322	2157
4323	2132
4324	2067
4325	1979
4326	2007
4327	2117
4328	2029
4329	2041
4330	1941
4331	2045
4332	2147
4333	1958
4334	2111
4335	2120
4336	2271
4337	2066
4338	2028
4339	2045
4340	2129
4341	2126
4342	2074
4343	1948
4344	2016
4345	1993
4346	1969
4347	1963
4348	1968
4349	2069
4350	2052
4351	1960
4352	2088
4353	2039
4354	1908
4355	2020
4356	1829
4357	1849
4358	2012
4359	1911
4360	1850
4361	1913
4362	1834
4363	1947
4364	1940
4365	1978
4366	1886
4367	1943
4368	1856
4369	2000
4370	1966
4371	1956
4372	1941
4373	1888
4374	1937
4375	2101
4376	2248
4377	1998
4378	2023
4379	2031
4380	1884
4381	2009
4382	2123
4383	1870
4384	1937
4385	2000
4386	1872
4387	1902
4388	1946
4389	1961
4390	1905
4391	1806
4392	1815
4393	1799
4394	1734
4395	1753
4396	1842
4397	1802
4398	1785
4399	1711
4400	1694
4401	1728
4402	1759
4403	1673
4404	1821
4405	1785
4406	1819
4407	1950
4408	1782
4409	1758
4410	1848
4411	1783
4412	1915
4413	1755
4414	1772
4415	1881
4416	1790
4417	1927
4418	1833
4419	1805
4420	1809
4421	1802
4422	1831
4423	1820
4424	1701
4425	1768
4426	1787
4427	1702
4428	1706
4429	1816
4430	1626
4431	1705
4432	1693
4433	1713
4434	1686
4435	1742
4436	1660
4437	1767
4438	1719
4439	1696
4440	1746
4441	1769
4442	1638
4443	1694
4444	1712
4445	1797
4446	1783
4447	1773
4448	1797
4449	1726
4450	1677
4451	1862
4452	1748
4453	1716
4454	1780
4455	1642
4456	1702
4457	1801
4458	1721
4459	1721
4460	1819
4461	1883
4462	1769
4463	1878
4464	1717
4465	1818
4466	1749
4467	1712
4468	1726
4469	1870
4470	1720
4471	1770
4472	1713
4473	1841
4474	1829
4475	1833
4476	1725
4477	1788
4478	1743
4479	1780
4480	1862
4481	1871
4482	1907
4483	1932
4484	1929
4485	1956
4486	1917
4487	1886
4488	1905
4489	1900
4490	1988
4491	1935
4492	1836
4493	1868
4494	1868
4495	1915
4496	1900
4497	1964
4498	1860
4499	1868
4500	1939
4501	2043
4502	1914
4503	2021
4504	1942
4505	1997
4506	2240
4507	2049
4508	2050
4509	2026
4510	1979
4511	1889
4512	2039
4513	1952
4514	1941
4515	1918
4516	1975
4517	1946
4518	1743
4519	1886
4520	1943
4521	1905
4522	1927
4523	1827
4524	2058
4525	2054
4526	1997
4527	1936
4528	2069
4529	2032
4530	1892
4531	2061
4532	2110
4533	2175
4534	1908
4535	2033
4536	2097
4537	1846
4538	1836
4539	1819
4540	1884
4541	1911
4542	1807
4543	1915
4544	1788
4545	1788
4546	1865
4547	1782
4548	1806
4549	1760
4550	1659
4551	1918
4552	1791
4553	1981
4554	1943
4555	1747
4556	1848
4557	1870
4558	2117
4559	1876
4560	1990
4561	1822
4562	1804
4563	2061
4564	1912
4565	1869
4566	1757
4567	1713
4568	1730
4569	1768
4570	1767
4571	1727
4572	2009
4573	1929
4574	1885
4575	1798
4576	1673
4577	1697
4578	1704
4579	2003
4580	2261
4581	1788
4582	2115
4583	1798
4584	1848
4585	1779
4586	1765
4587	1801
4588	1970
4589	1743
4590	1784
4591	1768
4592	1826
4593	1886
4594	1806
4595	1958
4596	1933
4597	1812
4598	1932
4599	2070
4600	1984
4601	2140
4602	1900
4603	1905
4604	1979
4605	1887
4606	1930
4607	1888
4608	1822
4609	1907
4610	1971
4611	1878
4612	1762
4613	1856
4614	1779
4615	1917
4616	1829
4617	1829
4618	1915
4619	1812
4620	1864
4621	1861
4622	1856
4623	2003
4624	1829
4625	1878
4626	1933
4627	1854
4628	1974
4629	1863
4630	2015
4631	1979
4632	1952
4633	1946
4634	1911
4635	1796
4636	1773
4637	1934
4638	2005
4639	1832
4640	1802
4641	1739
4642	1776
4643	1818
4644	1902
4645	1922
4646	1805
4647	1762
4648	1786
4649	1772
4650	1786
4651	1747
4652	1863
4653	1746
4654	1753
4655	1698
4656	1763
4657	1786
4658	1843
4659	1990
4660	1854
4661	1947
4662	1801
4663	2137
4664	1944
4665	1913
4666	2067
4667	1957
4668	1934
4669	1805
4670	2015
4671	1738
4672	1849
4673	1849
4674	1945
4675	1787
4676	1976
4677	1950
4678	2016
4679	1831
4680	1903
4681	1783
4682	1859
4683	1744
4684	1755
4685	1854
4686	1771
4687	1726
4688	1812
4689	1944
4690	1822
4691	1866
4692	1724
4693	1860
4694	1872
4695	1976
4696	2011
4697	1911
4698	1760
4699	1861
4700	1914
4701	1971
4702	1890
4703	1925
4704	1839
4705	1858
4706	1896
4707	2005
4708	1852
4709	1835
4710	1849
4711	1791
4712	1837
4713	1797
4714	1841
4715	1888
4716	1793
4717	1743
4718	1824
4719	1948
4720	1860
4721	1746
4722	1870
4723	1901
4724	1987
4725	1904
4726	1929
4727	1873
4728	1966
4729	1945
4730	2019
4731	2027
4732	2056
4733	1906
4734	1966
4735	1978
4736	1924
4737	1964
4738	1904
4739	1921
4740	1956
4741	1964
4742	2187
4743	1901
4744	1951
4745	2086
4746	1882
4747	1905
4748	1986
4749	1949
4750	1918
4751	1822
4752	1945
4753	1906
4754	1949
4755	2165
4756	2094
4757	2138
4758	1953
4759	1994
4760	1993
4761	1866
4762	2184
4763	2073
4764	1976
4765	1946
4766	1853
4767	1960
4768	2233
4769	2022
4770	2079
4771	2030
4772	1975
4773	1948
4774	2001
4775	2227
4776	2033
4777	2056
4778	1944
4779	2003
4780	1866
4781	1951
4782	1951
4783	2077
4784	1963
4785	1927
4786	1909
4787	1971
4788	1874
4789	2025
4790	2153
4791	2033
4792	2043
4793	2177
4794	1940
4795	2002
4796	1818
4797	1885
4798	1854
4799	1823
4800	1829
4801	1773
4802	1862
4803	1956
4804	2324
4805	1926
4806	1936
4807	1907
4808	1863
4809	1971
4810	1995
4811	2132
4812	1891
4813	2014
4814	1926
4815	2152
4816	2071
4817	1868
4818	1924
4819	1995
4820	1937
4821	1818
4822	1913
4823	1900
4824	2066
4825	2150
4826	2036
4827	1978
4828	2027
4829	2183
4830	1990
4831	2094
4832	2217
4833	2069
4834	2019
4835	2239
4836	2153
4837	2199
4838	2185
4839	2148
4840	2385
4841	2317
4842	2093
4843	2133
4844	2066
4845	2167
4846	2064
4847	2060
4848	1948
4849	2230
4850	2122
4851	1701
4852	2152
4853	1809
4854	1950
4855	1895
4856	1722
4857	1818
4858	1780
4859	1797
4860	1925
4861	1757
4862	1799
4863	1923
4864	1835
4865	1845
4866	1750
4867	1735
4868	1623
4869	1820
4870	1796
4871	1668
4872	1718
4873	1613
4874	1800
4875	1732
4876	1701
4877	1759
4878	1843
4879	1850
4880	1682
4881	1758
4882	1687
4883	1663
4884	1674
4885	1717
4886	1750
4887	1780
4888	1680
4889	1624
4890	1786
4891	1725
4892	1722
4893	1781
4894	1572
4895	1660
4896	1757
4897	1711
4898	1631
4899	1718
4900	1683
4901	1813
4902	1786
4903	1746
4904	1604
4905	1639
4906	1757
4907	1617
4908	1646
4909	1615
4910	1700
4911	1675
4912	1539
4913	1645
4914	1592
4915	1576
4916	1653
4917	1638
4918	1641
4919	1631
4920	1571
4921	1644
4922	1691
4923	1616
4924	1677
4925	1460
4926	1649
4927	1694
4928	1615
4929	1749
4930	1633
4931	1619
4932	1712
4933	1620
4934	1583
4935	1611
4936	1491
4937	1677
4938	1620
4939	1588
4940	1522
4941	1571
4942	1603
4943	1529
4944	1728
4945	1696
4946	1687
4947	1687
4948	1680
4949	1638
4950	1715
4951	1603
4952	1714
4953	1805
4954	1717
4955	1679
4956	1827
4957	1758
4958	1710
4959	1799
4960	1778
4961	1822
4962	1790
4963	1794
4964	1669
4965	1628
4966	1620
4967	1646
4968	1676
4969	1744
4970	1705
4971	1655
4972	1711
4973	1543
4974	1750
4975	1642
4976	1734
4977	1590
4978	1803
4979	1751
4980	1781
4981	1698
4982	1681
4983	1626
4984	1634
4985	1712
4986	1664
4987	1663
4988	1582
4989	1638
4990	1693
4991	1636
4992	1522
4993	1685
4994	1687
4995	1664
4996	1644
4997	1605
4998	1572
4999	1648
5000	1670
5001	1569
5002	1620
5003	1585
5004	1611
5005	1622
5006	1639
5007	1635
5008	1561
5009	1609
5010	1668
5011	1599
5012	1520
5013	1580
5014	1611
5015	1592
5016	1475
5017	1668
5018	1462
5019	1489
5020	1677
5021	1602
5022	1626
5023	1567
5024	1579
5025	1580
5026	1585
5027	1610
5028	1666
5029	1606
5030	1550
5031	1607
5032	1562
5033	1620
5034	1534
5035	1528
5036	1541
5037	1555
5038	1652
5039	1536
5040	1574
5041	1641
5042	1553
5043	1655
5044	1662
5045	1560
5046	1576
5047	1566
5048	1617
5049	1644
5050	1519
5051	1625
5052	1485
5053	1641
5054	1604
5055	1487
5056	1588
5057	1619
5058	1565
5059	1428
5060	1473
5061	1453
5062	1488
5063	1596
5064	1518
5065	1650
5066	1639
5067	1527
5068	1523
5069	1564
5070	1529
5071	1502
5072	1648
5073	1564
5074	1457
5075	1596
5076	1570
5077	1526
5078	1568
5079	1578
5080	1589
5081	1545
5082	1580
5083	1588
5084	1630
5085	1530
5086	1613
5087	1661
5088	1688
5089	1715
5090	1643
5091	1640
5092	1607
5093	1719
5094	1758
5095	1561
5096	1567
5097	1647
5098	1580
5099	1663
5100	1560
5101	1617
5102	1637
5103	1552
5104	1714
5105	1647
5106	1620
5107	1650
5108	1539
5109	1507
5110	1568
5111	1560
5112	1609
5113	1623
5114	1755
5115	1610
5116	1617
5117	1662
5118	1627
5119	1544
5120	1620
5121	1725
5122	1666
5123	1684
5124	1576
5125	1624
5126	1549
5127	1571
5128	1589
5129	1588
5130	1583
5131	1707
5132	1803
5133	1535
5134	1557
5135	1559
5136	1496
5137	1477
5138	1640
5139	1590
5140	1615
5141	1597
5142	1653
5143	1556
5144	1652
5145	1667
5146	1516
5147	1635
5148	1632
5149	1698
5150	1584
5151	1704
5152	1551
5153	1566
5154	1549
5155	1673
5156	1626
5157	1637
5158	1591
5159	1496
5160	1630
5161	1626
5162	1574
5163	1591
5164	1644
5165	1715
5166	1640
5167	1580
5168	1639
5169	1563
5170	1485
5171	1586
5172	1664
5173	1559
5174	1598
5175	1633
5176	1738
5177	1629
5178	1687
5179	1501
5180	1647
5181	1592
5182	1694
5183	1691
5184	1668
5185	1697
5186	1646
5187	1675
5188	1571
5189	1599
5190	1552
5191	1549
5192	1577
5193	1602
5194	1686
5195	1689
5196	1587
5197	1631
5198	1537
5199	1646
5200	1594
5201	1477
5202	1549
5203	1501
5204	1623
5205	1531
5206	1491
5207	1462
5208	1457
5209	1496
5210	1465
5211	1537
5212	1414
5213	1401
5214	1541
5215	1604
5216	1421
5217	1505
5218	1429
5219	1564
5220	1516
5221	1478
5222	1406
5223	1454
5224	1475
5225	1542
5226	1392
5227	1535
5228	1378
5229	1372
5230	1457
5231	1506
5232	1393
5233	1536
5234	1414
5235	1472
5236	1596
5237	1510
5238	1460
5239	1487
5240	1457
5241	1364
5242	1518
5243	1400
5244	1436
5245	1472
5246	1510
5247	1484
5248	1402
5249	1589
5250	1406
5251	1550
5252	1401
5253	1472
5254	1545
5255	1601
5256	1480
5257	1522
5258	1477
5259	1569
5260	1433
5261	1461
5262	1393
5263	1460
5264	1491
5265	1464
5266	1480
5267	1547
5268	1546
5269	1518
5270	1406
5271	1438
5272	1489
5273	1484
5274	1456
5275	1502
5276	1502
5277	1464
5278	1458
5279	1494
5280	1453
5281	1445
5282	1529
5283	1658
5284	1627
5285	1416
5286	1423
5287	1521
5288	1529
5289	1542
5290	1564
5291	1480
5292	1637
5293	1510
5294	1578
5295	1621
5296	1567
5297	1472
5298	1465
5299	1412
5300	1466
5301	1525
5302	1494
5303	1439
5304	1396
5305	1459
5306	1477
5307	1442
5308	1518
5309	1402
5310	1473
5311	1420
5312	1513
5313	1493
5314	1551
5315	1468
5316	1453
5317	1525
5318	1507
5319	1419
5320	1537
5321	1478
5322	1448
5323	1447
5324	1462
5325	1426
5326	1520
5327	1494
5328	1414
5329	1478
5330	1441
5331	1403
5332	1372
5333	1423
5334	1502
5335	1415
5336	1374
5337	1543
5338	1457
5339	1379
5340	1482
5341	1410
5342	1528
5343	1420
5344	1391
5345	1472
5346	1417
5347	1473
5348	1477
5349	1519
5350	1472
5351	1491
5352	1514
5353	1454
5354	1375
5355	1443
5356	1463
5357	1495
5358	1478
5359	1486
5360	1543
5361	1407
5362	1554
5363	1600
5364	1543
5365	1425
5366	1542
5367	1536
5368	1548
5369	1528
5370	1547
5371	1528
5372	1508
5373	1518
5374	1605
5375	1452
5376	1474
5377	1498
5378	1556
5379	1617
5380	1556
5381	1439
5382	1484
5383	1538
5384	1450
5385	1494
5386	1595
5387	1500
5388	1598
5389	1604
5390	1467
5391	1581
5392	1539
5393	1575
5394	1617
5395	1597
5396	1555
5397	1472
5398	1615
5399	1550
5400	1645
5401	1546
5402	1507
5403	1491
5404	1527
5405	1517
5406	1627
5407	1485
5408	1619
5409	1575
5410	1592
5411	1584
5412	1433
5413	1596
5414	1448
5415	1554
5416	1594
5417	1678
5418	1577
5419	1589
5420	1636
5421	1626
5422	1484
5423	1451
5424	1520
5425	1581
5426	1548
5427	1550
5428	1588
5429	1582
5430	1640
5431	1671
5432	1651
5433	1430
5434	1631
5435	1645
5436	1789
5437	1745
5438	1622
5439	1597
5440	1607
5441	1815
5442	1758
5443	1659
5444	1685
5445	1707
5446	1636
5447	1529
5448	1535
5449	1580
5450	1627
5451	1642
5452	1622
5453	1546
5454	1642
5455	1482
5456	1670
5457	1584
5458	1528
5459	1364
5460	1392
5461	1419
5462	1543
5463	1526
5464	1510
5465	1572
5466	1567
5467	1502
5468	1494
5469	1622
5470	1516
5471	1568
5472	1559
5473	1411
5474	1428
5475	1506
5476	1601
5477	1404
5478	1443
5479	1424
5480	1470
5481	1434
5482	1435
5483	1506
5484	1575
5485	1508
5486	1470
5487	1386
5488	1472
5489	1456
5490	1506
5491	1514
5492	1521
5493	1503
5494	1442
5495	1568
5496	1613
5497	1732
5498	1671
5499	1547
5500	1580
5501	1629
5502	1767
5503	1883
5504	1790
5505	1573
5506	1609
5507	1693
5508	1672
5509	1713
5510	1611
5511	1617
5512	1577
5513	1639
5514	1707
5515	1720
5516	1705
5517	1737
5518	1791
5519	1721
5520	1892
5521	1720
5522	1643
5523	1624
5524	1536
5525	1708
5526	1652
5527	1567
5528	1611
5529	1619
5530	1477
5531	1530
5532	1428
5533	1578
5534	1689
5535	1649
5536	1685
5537	1657
5538	1607
5539	1709
5540	1593
5541	1791
5542	1647
5543	1645
5544	1635
5545	1626
5546	1595
5547	1617
5548	1702
5549	1503
5550	1537
5551	1550
5552	1675
5553	1625
5554	1567
5555	1501
5556	1568
5557	1549
5558	1567
5559	1582
5560	1661
5561	1480
5562	1493
5563	1596
5564	1602
5565	1380
5566	1566
5567	1513
5568	1449
5569	1666
5570	1505
5571	1525
5572	1539
5573	1472
5574	1526
5575	1564
5576	1505
5577	1488
5578	1557
5579	1474
5580	1444
5581	1688
5582	1648
5583	1575
5584	1515
5585	1644
5586	1537
5587	1626
5588	1701
5589	1557
5590	1547
5591	1525
5592	1528
5593	1625
5594	1570
5595	1464
5596	1586
5597	1454
5598	1484
5599	1612
5600	1748
5601	1697
5602	1649
5603	1707
5604	1789
5605	1645
5606	1645
5607	1685
5608	1601
5609	1648
5610	1640
5611	1593
5612	1616
5613	1574
5614	1695
5615	1639
5616	1648
5617	1610
5618	1569
5619	1614
5620	1534
5621	1783
5622	1559
5623	1523
5624	1442
5625	1431
5626	1403
5627	1561
5628	1422
5629	1584
5630	1514
5631	1464
5632	1545
5633	1496
5634	1446
5635	1425
5636	1521
5637	1490
5638	1454
5639	1507
5640	1483
5641	1463
5642	1513
5643	1461
5644	1624
5645	1451
5646	1483
5647	1513
5648	1646
5649	1598
5650	1518
5651	1538
5652	1550
5653	1486
5654	1447
5655	1543
5656	1474
5657	1568
5658	1485
5659	1536
5660	1547
5661	1446
5662	1585
5663	1442
5664	1595
5665	1519
5666	1493
5667	1470
5668	1431
5669	1417
5670	1497
5671	1457
5672	1565
5673	1520
5674	1463
5675	1435
5676	1526
5677	1436
5678	1568
5679	1478
5680	1532
5681	1446
5682	1400
5683	1466
5684	1430
5685	1441
5686	1409
5687	1416
5688	1424
5689	1437
5690	1381
5691	1409
5692	1375
5693	1373
5694	1374
5695	1414
5696	1410
5697	1498
5698	1452
5699	1393
5700	1453
5701	1429
5702	1494
5703	1320
5704	1517
5705	1486
5706	1457
5707	1502
5708	1435
5709	1432
5710	1516
5711	1480
5712	1467
5713	1536
5714	1515
5715	1473
5716	1484
5717	1400
5718	1450
5719	1475
5720	1546
5721	1494
5722	1465
5723	1456
5724	1437
5725	1375
5726	1449
5727	1473
5728	1334
5729	1342
5730	1359
5731	1291
5732	1268
5733	1464
5734	1319
5735	1262
5736	1261
5737	1350
5738	1197
5739	1339
5740	1364
5741	1364
5742	1312
5743	1340
5744	1333
5745	1293
5746	1329
5747	1369
5748	1312
5749	1406
5750	1419
5751	1347
5752	1306
5753	1368
5754	1237
5755	1355
5756	1339
5757	1246
5758	1296
5759	1381
5760	1370
5761	1288
5762	1321
5763	1280
5764	1328
5765	1332
5766	1279
5767	1238
5768	1356
5769	1399
5770	1331
5771	1408
5772	1288
5773	1272
5774	1320
5775	1325
5776	1252
5777	1319
5778	1358
5779	1283
5780	1438
5781	1348
5782	1268
5783	1327
5784	1332
5785	1292
5786	1273
5787	1271
5788	1211
5789	1255
5790	1309
5791	1291
5792	1284
5793	1310
5794	1365
5795	1274
5796	1327
5797	1321
5798	1381
5799	1345
5800	1330
5801	1381
5802	1197
5803	1289
5804	1397
5805	1346
5806	1355
5807	1397
5808	1287
5809	1257
5810	1309
5811	1285
5812	1414
5813	1415
5814	1323
5815	1354
5816	1302
5817	1469
5818	1474
5819	1390
5820	1435
5821	1337
5822	1428
5823	1449
5824	1445
5825	1362
5826	1324
5827	1436
5828	1399
5829	1374
5830	1394
5831	1434
5832	1324
5833	1503
5834	1473
5835	1359
5836	1421
5837	1423
5838	1464
5839	1442
5840	1408
5841	1508
5842	1549
5843	1356
5844	1377
5845	1382
5846	1397
5847	1452
5848	1425
5849	1385
5850	1388
5851	1345
5852	1416
5853	1345
5854	1402
5855	1333
5856	1347
5857	1372
5858	1291
5859	1422
5860	1439
5861	1433
5862	1508
5863	1363
5864	1511
5865	1436
5866	1414
5867	1461
5868	1466
5869	1502
5870	1359
5871	1483
5872	1333
5873	1492
5874	1433
5875	1492
5876	1521
5877	1492
5878	1399
5879	1348
5880	1496
5881	1457
5882	1500
5883	1473
5884	1621
5885	1627
5886	1494
5887	1483
5888	1393
5889	1342
5890	1481
5891	1646
5892	1530
5893	1649
5894	1632
5895	1557
5896	1522
5897	1434
5898	1412
5899	1405
5900	1367
5901	1413
5902	1495
5903	1418
5904	1326
5905	1393
5906	1391
5907	1445
5908	1362
5909	1304
5910	1391
5911	1378
5912	1377
5913	1428
5914	1414
5915	1636
5916	1524
5917	1432
5918	1425
5919	1468
5920	1440
5921	1399
5922	1540
5923	1499
5924	1472
5925	1472
5926	1456
5927	1452
5928	1500
5929	1603
5930	1472
5931	1495
5932	1545
5933	1592
5934	1447
5935	1435
5936	1437
5937	1310
5938	1430
5939	1363
5940	1492
5941	1412
5942	1412
5943	1413
5944	1413
5945	1477
5946	1520
5947	1405
5948	1454
5949	1484
5950	1463
5951	1455
5952	1397
5953	1419
5954	1460
5955	1515
5956	1385
5957	1358
5958	1406
5959	1340
5960	1517
5961	1540
5962	1503
5963	1596
5964	1355
5965	1416
5966	1448
5967	1411
5968	1455
5969	1436
5970	1426
5971	1413
5972	1558
5973	1504
5974	1475
5975	1361
5976	1352
5977	1275
5978	1420
5979	1363
5980	1376
5981	1395
5982	1379
5983	1395
5984	1296
5985	1381
5986	1354
5987	1314
5988	1394
5989	1303
5990	1271
5991	1305
5992	1332
5993	1452
5994	1343
5995	1394
5996	1320
5997	1288
5998	1399
5999	1295
6000	1280
6001	1387
6002	1384
6003	1386
6004	1356
6005	1282
6006	1312
6007	1292
6008	1405
6009	1355
6010	1304
6011	1310
6012	1291
6013	1233
6014	1209
6015	1310
6016	1305
6017	1321
6018	1295
6019	1321
6020	1251
6021	1299
6022	1241
6023	1250
6024	1117
6025	1177
6026	1190
6027	1155
6028	1203
6029	1305
6030	1108
6031	1191
6032	1262
6033	1260
6034	1244
6035	1160
6036	1239
6037	1245
6038	1254
6039	1263
6040	1177
6041	1254
6042	1210
6043	1246
6044	1166
6045	1267
6046	1172
6047	1200
6048	1277
6049	1177
6050	1173
6051	1200
6052	1240
6053	1264
6054	1294
6055	1152
6056	1189
6057	1155
6058	1181
6059	1218
6060	1208
6061	1295
6062	1226
6063	1154
6064	1186
6065	1158
6066	1211
6067	1301
6068	1260
6069	1223
6070	1235
6071	1310
6072	1313
6073	1185
6074	1292
6075	1235
6076	1236
6077	1220
6078	1231
6079	1186
6080	1174
6081	1185
6082	1224
6083	1191
6084	1274
6085	1272
6086	1338
6087	1272
6088	1220
6089	1345
6090	1213
6091	1265
6092	1310
6093	1214
6094	1267
6095	1299
6096	1250
6097	1270
6098	1300
6099	1259
6100	1241
6101	1282
6102	1247
6103	1325
6104	1269
6105	1311
6106	1305
6107	1226
6108	1295
6109	1319
6110	1411
6111	1280
6112	1294
6113	1219
6114	1354
6115	1238
6116	1331
6117	1241
6118	1345
6119	1410
6120	1301
6121	1271
6122	1304
6123	1298
6124	1325
6125	1263
6126	1249
6127	1316
6128	1281
6129	1383
6130	1256
6131	1309
6132	1294
6133	1261
6134	1254
6135	1250
6136	1174
6137	1243
6138	1167
6139	1310
6140	1247
6141	1239
6142	1240
6143	1159
6144	1156
6145	1207
6146	1153
6147	1135
6148	1170
6149	1087
6150	1127
6151	1220
6152	1209
6153	1244
6154	1171
6155	1191
6156	1111
6157	1107
6158	1168
6159	1194
6160	1140
6161	1219
6162	1191
6163	1188
6164	1049
6165	1089
6166	1099
6167	1071
6168	1157
6169	1055
6170	1048
6171	1034
6172	1071
6173	1022
6174	1044
6175	1189
6176	1204
6177	1124
6178	1218
6179	1075
6180	1079
6181	1178
6182	1120
6183	1143
6184	1132
6185	1079
6186	1016
6187	1079
6188	1093
6189	1068
6190	1026
6191	992
6192	1009
6193	1091
6194	1040
6195	1037
6196	1100
6197	1043
6198	995
6199	1017
6200	1151
6201	1029
6202	1097
6203	1084
6204	1078
6205	1064
6206	1054
6207	1078
6208	1073
6209	1107
6210	1043
6211	959
6212	957
6213	1041
6214	920
6215	997
6216	1063
6217	1074
6218	1068
6219	1057
6220	1023
6221	1041
6222	986
6223	1064
6224	1071
6225	1014
6226	1045
6227	1029
6228	1121
6229	1172
6230	1092
6231	1079
6232	978
6233	1070
6234	1092
6235	1075
6236	1038
6237	1091
6238	1086
6239	1091
6240	1085
6241	1075
6242	977
6243	1102
6244	1118
6245	1257
6246	1125
6247	1131
6248	1183
6249	1038
6250	1062
6251	1158
6252	1085
6253	1128
6254	1151
6255	1106
6256	1133
6257	1244
6258	1143
6259	1207
6260	1005
6261	1119
6262	1130
6263	1112
6264	1118
6265	1076
6266	1041
6267	1100
6268	1044
6269	1104
6270	1131
6271	1077
6272	1103
6273	1077
6274	1155
6275	1086
6276	992
6277	1083
6278	1159
6279	1126
6280	1231
6281	1119
6282	1054
6283	1145
6284	1040
6285	1082
6286	1121
6287	1078
6288	1027
6289	1011
6290	1210
6291	1078
6292	1093
6293	1071
6294	1075
6295	1053
6296	1033
6297	1076
6298	1073
6299	1135
6300	1052
6301	964
6302	1098
6303	1022
6304	1077
6305	1064
6306	1176
6307	1040
6308	1084
6309	998
6310	1060
6311	1075
6312	1056
6313	1114
6314	1101
6315	1096
6316	1060
6317	1203
6318	1142
6319	1026
6320	1127
6321	1241
6322	1045
6323	1116
6324	983
6325	1077
6326	1109
6327	1179
6328	1094
6329	1173
6330	1201
6331	1175
6332	1200
6333	1201
6334	1226
6335	1193
6336	1163
6337	1188
6338	1209
6339	1176
6340	1258
6341	1203
6342	1202
6343	1224
6344	1214
6345	1254
6346	1182
6347	1212
6348	1251
6349	1187
6350	1174
6351	1115
6352	1262
6353	1174
6354	1227
6355	1212
6356	1209
6357	1142
6358	1052
6359	1144
6360	1080
6361	1151
6362	1156
6363	1139
6364	1172
6365	1205
6366	1109
6367	1133
6368	1161
6369	1199
6370	1158
6371	1145
6372	1253
6373	1213
6374	1231
6375	1130
6376	1229
6377	1140
6378	1230
6379	1177
6380	1232
6381	1210
6382	1250
6383	1209
6384	1192
6385	1247
6386	1226
6387	1175
6388	1242
6389	1300
6390	1335
6391	1272
6392	1183
6393	1270
6394	1224
6395	1288
6396	1282
6397	1167
6398	1268
6399	1285
6400	1313
6401	1325
6402	1281
6403	1337
6404	1242
6405	1268
6406	1295
6407	1274
6408	1253
6409	1262
6410	1290
6411	1253
6412	1264
6413	1239
6414	1306
6415	1316
6416	1221
6417	1324
6418	1243
6419	1378
6420	1261
6421	1320
6422	1299
6423	1275
6424	1353
6425	1190
6426	1255
6427	1315
6428	1308
6429	1295
6430	1268
6431	1235
6432	1294
6433	1246
6434	1299
6435	1384
6436	1299
6437	1460
6438	1269
6439	1322
6440	1312
6441	1178
6442	1254
6443	1284
6444	1237
6445	1266
6446	1184
6447	1197
6448	1232
6449	1360
6450	1259
6451	1172
6452	1197
6453	1216
6454	1184
6455	1155
6456	1162
6457	1264
6458	1199
6459	1202
6460	1257
6461	1185
6462	1238
6463	1130
6464	1270
6465	1239
6466	1141
6467	1243
6468	1191
6469	1103
6470	1214
6471	1175
6472	1213
6473	1199
6474	1251
6475	1096
6476	1191
6477	1085
6478	1131
6479	1142
6480	1171
6481	1180
6482	1232
6483	1270
6484	1272
6485	1318
6486	1192
6487	1152
6488	1186
6489	1165
6490	1211
6491	1120
6492	1126
6493	1301
6494	1211
6495	1191
6496	1170
6497	1260
6498	1217
6499	1351
6500	1202
6501	1299
6502	1272
6503	1226
6504	1221
6505	1219
6506	1267
6507	1497
6508	1450
6509	1296
6510	1410
6511	1225
6512	1325
6513	1275
6514	1221
6515	1341
6516	1310
6517	1195
6518	1234
6519	1322
6520	1186
6521	1237
6522	1234
6523	1269
6524	1366
6525	1458
6526	1177
6527	1328
6528	1383
6529	1333
6530	1193
6531	1231
6532	1157
6533	1237
6534	1289
6535	1312
6536	1218
6537	1292
6538	1282
6539	1270
6540	1343
6541	1248
6542	1408
6543	1275
6544	1207
6545	1350
6546	1258
6547	1321
6548	1157
6549	1169
6550	1217
6551	1259
6552	1250
6553	1222
6554	1156
6555	1146
6556	1226
6557	1320
6558	1402
6559	1239
6560	1159
6561	1218
6562	1187
6563	1239
6564	1142
6565	1194
6566	1175
6567	1217
6568	1151
6569	1258
6570	1211
6571	1205
6572	1232
6573	1305
6574	1210
6575	1222
6576	1121
6577	1123
6578	1131
6579	1085
6580	1090
6581	1137
6582	1181
6583	1187
6584	1120
6585	1172
6586	1238
6587	1212
6588	1128
6589	1093
6590	1087
6591	1075
6592	1134
6593	1257
6594	1134
6595	1214
6596	1154
6597	1102
6598	1125
6599	1206
6600	1270
6601	1090
6602	1171
6603	1122
6604	1111
6605	1169
6606	1124
6607	1109
6608	1080
6609	1154
6610	1178
6611	1174
6612	1298
6613	1193
6614	1158
6615	1092
6616	1085
6617	1231
6618	1105
6619	1160
6620	1193
6621	1215
6622	994
6623	1212
6624	1188
6625	1031
6626	1051
6627	1089
6628	1072
6629	1036
6630	1074
6631	1153
6632	1112
6633	1070
6634	1030
6635	1081
6636	1047
6637	1005
6638	1055
6639	1134
6640	1113
6641	1108
6642	1056
6643	1110
6644	1053
6645	1051
6646	1037
6647	1032
6648	1049
6649	1128
6650	965
6651	1045
6652	1063
6653	1069
6654	1107
6655	1040
6656	1014
6657	977
6658	1049
6659	995
6660	1078
6661	1110
6662	1082
6663	997
6664	1034
6665	970
6666	944
6667	1100
6668	995
6669	986
6670	1038
6671	1059
6672	1025
6673	944
6674	969
6675	959
6676	987
6677	997
6678	1042
6679	930
6680	976
6681	1015
6682	917
6683	996
6684	929
6685	1012
6686	931
6687	986
6688	1020
6689	943
6690	1057
6691	970
6692	973
6693	920
6694	932
6695	986
6696	1002
6697	896
6698	917
6699	919
6700	917
6701	994
6702	1014
6703	943
6704	984
6705	975
6706	967
6707	1084
6708	951
6709	992
6710	955
6711	947
6712	898
6713	885
6714	919
6715	903
6716	851
6717	943
6718	870
6719	942
6720	963
6721	1004
6722	952
6723	987
6724	905
6725	897
6726	929
6727	978
6728	937
6729	879
6730	957
6731	889
6732	960
6733	971
6734	913
6735	833
6736	847
6737	859
6738	887
6739	908
6740	878
6741	957
6742	934
6743	889
6744	957
6745	849
6746	909
6747	994
6748	837
6749	858
6750	863
6751	966
6752	872
6753	913
6754	884
6755	929
6756	890
6757	977
6758	918
6759	993
6760	960
6761	941
6762	929
6763	922
6764	1010
6765	939
6766	947
6767	970
6768	935
6769	965
6770	982
6771	973
6772	924
6773	885
6774	953
6775	985
6776	1003
6777	1031
6778	996
6779	1072
6780	914
6781	1044
6782	965
6783	951
6784	1026
6785	1061
6786	1006
6787	957
6788	977
6789	958
6790	987
6791	1111
6792	1016
6793	957
6794	982
6795	1018
6796	1072
6797	1039
6798	1042
6799	992
6800	964
6801	1024
6802	943
6803	1122
6804	1011
6805	1050
6806	996
6807	1014
6808	984
6809	1006
6810	1071
6811	1087
6812	1096
6813	1112
6814	1134
6815	1125
6816	1174
6817	1108
6818	1047
6819	1075
6820	1018
6821	1161
6822	1093
6823	1125
6824	1071
6825	1080
6826	1090
6827	1165
6828	1154
6829	1052
6830	1053
6831	987
6832	1083
6833	1093
6834	1096
6835	1105
6836	1112
6837	1099
6838	1131
6839	1191
6840	1264
6841	1080
6842	1153
6843	1169
6844	1123
6845	1267
6846	1380
6847	1166
6848	1133
6849	1104
6850	1160
6851	1128
6852	1182
6853	1079
6854	1232
6855	1088
6856	1099
6857	1040
6858	1055
6859	1060
6860	1024
6861	1010
6862	1056
6863	1022
6864	1082
6865	1075
6866	999
6867	1057
6868	936
6869	1011
6870	981
6871	1004
6872	1063
6873	980
6874	962
6875	908
6876	939
6877	995
6878	1015
6879	992
6880	1071
6881	998
6882	1066
6883	1012
6884	1061
6885	1065
6886	1077
6887	1013
6888	993
6889	1070
6890	1013
6891	1055
6892	984
6893	1005
6894	946
6895	983
6896	934
6897	993
6898	967
6899	1040
6900	986
6901	1069
6902	1045
6903	1139
6904	1013
6905	1028
6906	1004
6907	1029
6908	919
6909	1010
6910	1033
6911	997
6912	1027
6913	1036
6914	1020
6915	1000
6916	1023
6917	990
6918	1011
6919	1049
6920	1007
6921	994
6922	1056
6923	1061
6924	1062
6925	983
6926	983
6927	1016
6928	994
6929	950
6930	950
6931	920
6932	931
6933	915
6934	1046
6935	1001
6936	981
6937	981
6938	1023
6939	1032
6940	979
6941	958
6942	980
6943	986
6944	935
6945	903
6946	966
6947	874
6948	876
6949	999
6950	942
6951	879
6952	875
6953	1003
6954	994
6955	938
6956	948
6957	893
6958	978
6959	968
6960	998
6961	902
6962	864
6963	941
6964	973
6965	991
6966	1026
6967	899
6968	931
6969	874
6970	1011
6971	959
6972	1006
6973	906
6974	923
6975	905
6976	942
6977	935
6978	930
6979	870
6980	963
6981	954
6982	1031
6983	890
6984	906
6985	906
6986	930
6987	915
6988	844
6989	932
6990	951
6991	1066
6992	1003
6993	934
6994	939
6995	886
6996	910
6997	965
6998	978
6999	946
7000	958
7001	932
7002	993
7003	1120
7004	904
7005	885
7006	975
7007	900
7008	954
7009	947
7010	972
7011	948
7012	901
7013	918
7014	940
7015	930
7016	999
7017	916
7018	857
7019	873
7020	923
7021	902
7022	880
7023	902
7024	874
7025	942
7026	916
7027	934
7028	1030
7029	901
7030	952
7031	954
7032	927
7033	967
7034	981
7035	943
7036	919
7037	979
7038	933
7039	1003
7040	954
7041	939
7042	995
7043	1018
7044	1091
7045	995
7046	930
7047	988
7048	996
7049	973
7050	933
7051	997
7052	975
7053	1016
7054	1014
7055	1044
7056	1011
7057	978
7058	1052
7059	1040
7060	1005
7061	968
7062	1141
7063	1008
7064	997
7065	940
7066	1033
7067	1026
7068	1069
7069	1035
7070	1004
7071	1038
7072	991
7073	983
7074	940
7075	964
7076	971
7077	942
7078	973
7079	998
7080	976
7081	1084
7082	960
7083	878
7084	963
7085	986
7086	964
7087	1078
7088	954
7089	891
7090	975
7091	967
7092	925
7093	904
7094	964
7095	879
7096	895
7097	935
7098	859
7099	943
7100	919
7101	813
7102	873
7103	896
7104	908
7105	863
7106	878
7107	947
7108	878
7109	875
7110	892
7111	823
7112	881
7113	814
7114	968
7115	873
7116	912
7117	806
7118	893
7119	814
7120	798
7121	917
7122	777
7123	883
7124	912
7125	890
7126	935
7127	867
7128	775
7129	932
7130	993
7131	881
7132	913
7133	928
7134	906
7135	991
7136	909
7137	965
7138	999
7139	1006
7140	953
7141	965
7142	923
7143	1036
7144	877
7145	985
7146	1004
7147	965
7148	981
7149	952
7150	967
7151	935
7152	973
7153	927
7154	880
7155	989
7156	931
7157	864
7158	967
7159	863
7160	921
7161	967
7162	866
7163	882
7164	861
7165	901
7166	859
7167	944
7168	936
7169	907
7170	851
7171	915
7172	874
7173	917
7174	892
7175	936
7176	939
7177	958
7178	933
7179	975
7180	908
7181	859
7182	860
7183	965
7184	910
7185	906
7186	1013
7187	1008
7188	960
7189	953
7190	907
7191	977
7192	883
7193	978
7194	917
7195	899
7196	953
7197	966
7198	1010
7199	949
7200	950
7201	972
7202	929
7203	945
7204	904
7205	1043
7206	929
7207	1040
7208	1073
7209	864
7210	974
7211	979
7212	968
7213	1108
7214	1121
7215	1023
7216	971
7217	967
7218	936
7219	928
7220	950
7221	962
7222	1040
7223	956
7224	966
7225	913
7226	917
7227	919
7228	925
7229	888
7230	962
7231	836
7232	997
7233	891
7234	911
7235	981
7236	947
7237	910
7238	883
7239	934
7240	903
7241	915
7242	946
7243	930
7244	965
7245	974
7246	985
7247	935
7248	971
7249	919
7250	958
7251	897
7252	895
7253	895
7254	955
7255	921
7256	979
7257	923
7258	952
7259	826
7260	910
7261	975
7262	938
7263	939
7264	938
7265	999
7266	951
7267	831
7268	934
7269	905
7270	968
7271	967
7272	1002
7273	943
7274	1009
7275	946
7276	968
7277	857
7278	941
7279	925
7280	896
7281	987
7282	943
7283	915
7284	898
7285	914
7286	889
7287	964
7288	951
7289	944
7290	944
7291	918
7292	873
7293	885
7294	902
7295	860
7296	891
7297	1000
7298	915
7299	897
7300	912
7301	861
7302	888
7303	905
7304	858
7305	879
7306	857
7307	926
7308	829
7309	801
7310	929
7311	884
7312	900
7313	891
7314	963
7315	894
7316	860
7317	958
7318	921
7319	928
7320	908
7321	860
7322	957
7323	914
7324	869
7325	865
7326	866
7327	833
7328	883
7329	831
7330	779
7331	835
7332	855
7333	852
7334	856
7335	888
7336	915
7337	852
7338	861
7339	871
7340	942
7341	963
7342	855
7343	834
7344	900
7345	796
7346	900
7347	853
7348	930
7349	904
7350	827
7351	840
7352	921
7353	895
7354	868
7355	856
7356	930
7357	858
7358	832
7359	814
7360	808
7361	898
7362	913
7363	1035
7364	890
7365	862
7366	873
7367	956
7368	855
7369	927
7370	913
7371	1049
7372	1032
7373	907
7374	968
7375	829
7376	942
7377	854
7378	900
7379	966
7380	947
7381	938
7382	929
7383	1109
7384	982
7385	791
7386	851
7387	841
7388	842
7389	889
7390	975
7391	871
7392	816
7393	895
7394	896
7395	871
7396	881
7397	862
7398	855
7399	926
7400	914
7401	948
7402	868
7403	821
7404	847
7405	800
7406	830
7407	870
7408	885
7409	811
7410	870
7411	880
7412	846
7413	838
7414	1024
7415	905
7416	990
7417	945
7418	895
7419	808
7420	841
7421	741
7422	791
7423	822
7424	771
7425	759
7426	797
7427	773
7428	801
7429	752
7430	784
7431	805
7432	797
7433	804
7434	836
7435	843
7436	828
7437	811
7438	727
7439	833
7440	842
7441	832
7442	895
7443	925
7444	864
7445	823
7446	815
7447	889
7448	843
7449	855
7450	922
7451	854
7452	940
7453	839
7454	834
7455	821
7456	814
7457	816
7458	884
7459	819
7460	768
7461	806
7462	865
7463	823
7464	879
7465	834
7466	849
7467	817
7468	967
7469	821
7470	932
7471	761
7472	917
7473	909
7474	910
7475	869
7476	871
7477	861
7478	873
7479	860
7480	942
7481	932
7482	886
7483	872
7484	839
7485	872
7486	771
7487	815
7488	866
7489	771
7490	839
7491	840
7492	859
7493	857
7494	783
7495	825
7496	847
7497	922
7498	859
7499	777
7500	804
7501	844
7502	865
7503	796
7504	790
7505	769
7506	773
7507	774
7508	816
7509	753
7510	786
7511	767
7512	760
7513	739
7514	829
7515	755
7516	765
7517	770
7518	777
7519	813
7520	875
7521	806
7522	742
7523	784
7524	795
7525	787
7526	748
7527	800
7528	835
7529	736
7530	767
7531	747
7532	768
7533	752
7534	790
7535	808
7536	731
7537	824
7538	893
7539	813
7540	850
7541	854
7542	808
7543	810
7544	772
7545	735
7546	783
7547	834
7548	774
7549	764
7550	730
7551	680
7552	777
7553	785
7554	848
7555	769
7556	727
7557	798
7558	739
7559	782
7560	804
7561	787
7562	768
7563	759
7564	720
7565	786
7566	823
7567	859
7568	846
7569	816
7570	724
7571	753
7572	709
7573	640
7574	787
7575	772
7576	753
7577	694
7578	800
7579	853
7580	831
7581	731
7582	744
7583	850
7584	765
7585	819
7586	679
7587	805
7588	719
7589	792
7590	788
7591	808
7592	856
7593	807
7594	816
7595	836
7596	855
7597	893
7598	821
7599	854
7600	759
7601	810
7602	779
7603	787
7604	776
7605	758
7606	702
7607	820
7608	760
7609	747
7610	805
7611	760
7612	717
7613	730
7614	789
7615	700
7616	696
7617	749
7618	702
7619	695
7620	768
7621	748
7622	749
7623	731
7624	808
7625	806
7626	745
7627	766
7628	822
7629	779
7630	821
7631	812
7632	777
7633	775
7634	788
7635	798
7636	801
7637	871
7638	769
7639	870
7640	838
7641	860
7642	834
7643	854
7644	937
7645	878
7646	894
7647	915
7648	999
7649	885
7650	881
7651	817
7652	870
7653	866
7654	1023
7655	1078
7656	982
7657	976
7658	938
7659	908
7660	843
7661	952
7662	1053
7663	1009
7664	1060
7665	1006
7666	999
7667	961
7668	1139
7669	1228
7670	982
7671	956
7672	978
7673	996
7674	961
7675	1032
7676	924
7677	976
7678	937
7679	960
7680	903
7681	823
7682	906
7683	901
7684	1335
7685	1016
7686	1119
7687	907
7688	936
7689	860
7690	863
7691	917
7692	864
7693	833
7694	917
7695	1032
7696	918
7697	900
7698	884
7699	909
7700	836
7701	964
7702	919
7703	767
7704	840
7705	828
7706	815
7707	800
7708	950
7709	910
7710	806
7711	782
7712	793
7713	788
7714	878
7715	854
7716	866
7717	824
7718	868
7719	858
7720	833
7721	814
7722	842
7723	785
7724	862
7725	850
7726	814
7727	798
7728	847
7729	861
7730	938
7731	813
7732	833
7733	847
7734	778
7735	829
7736	858
7737	843
7738	866
7739	833
7740	855
7741	783
7742	855
7743	809
7744	798
7745	846
7746	800
7747	744
7748	849
7749	851
7750	789
7751	872
7752	804
7753	870
7754	894
7755	746
7756	843
7757	898
7758	838
7759	999
7760	772
7761	867
7762	882
7763	920
7764	793
7765	805
7766	947
7767	796
7768	811
7769	845
7770	848
7771	864
7772	861
7773	813
7774	844
7775	847
7776	810
7777	808
7778	866
7779	837
7780	941
7781	833
7782	915
7783	879
7784	897
7785	830
7786	841
7787	858
7788	821
7789	824
7790	833
7791	830
7792	825
7793	782
7794	839
7795	848
7796	909
7797	922
7798	819
7799	876
7800	843
7801	931
7802	869
7803	876
7804	792
7805	822
7806	841
7807	840
7808	814
7809	778
7810	830
7811	850
7812	827
7813	850
7814	829
7815	783
7816	857
7817	826
7818	909
7819	861
7820	841
7821	866
7822	810
7823	792
7824	847
7825	875
7826	917
7827	903
7828	818
7829	791
7830	777
7831	809
7832	824
7833	817
7834	803
7835	757
7836	862
7837	763
7838	951
7839	887
7840	908
7841	848
7842	915
7843	828
7844	923
7845	926
7846	833
7847	846
7848	825
7849	828
7850	816
7851	828
7852	870
7853	823
7854	827
7855	829
7856	782
7857	827
7858	865
7859	813
7860	866
7861	838
7862	822
7863	803
7864	828
7865	845
7866	869
7867	875
7868	867
7869	812
7870	874
7871	845
7872	872
7873	767
7874	829
7875	855
7876	884
7877	890
7878	823
7879	913
7880	800
7881	824
7882	772
7883	773
7884	823
7885	784
7886	856
7887	866
7888	764
7889	888
7890	748
7891	851
7892	834
7893	842
7894	844
7895	829
7896	864
7897	866
7898	909
7899	789
7900	843
7901	914
7902	902
7903	866
7904	847
7905	856
7906	796
7907	835
7908	907
7909	835
7910	811
7911	813
7912	964
7913	847
7914	868
7915	887
7916	836
7917	838
7918	935
7919	893
7920	922
7921	883
7922	887
7923	936
7924	919
7925	811
7926	857
7927	929
7928	869
7929	863
7930	929
7931	860
7932	898
7933	837
7934	811
7935	829
7936	906
7937	934
7938	816
7939	810
7940	885
7941	756
7942	739
7943	832
7944	818
7945	840
7946	740
7947	759
7948	774
7949	794
7950	871
7951	753
7952	828
7953	816
7954	905
7955	858
7956	848
7957	807
7958	780
7959	788
7960	783
7961	833
7962	798
7963	807
7964	970
7965	814
7966	815
7967	768
7968	752
7969	823
7970	864
7971	853
7972	796
7973	768
7974	819
7975	713
7976	749
7977	846
7978	734
7979	736
7980	721
7981	792
7982	729
7983	744
7984	726
7985	737
7986	743
7987	813
7988	778
7989	764
7990	724
7991	709
7992	745
7993	792
7994	728
7995	710
7996	685
7997	778
7998	752
7999	711
8000	720
8001	722
8002	687
8003	728
8004	721
8005	787
8006	731
8007	783
8008	761
8009	788
8010	685
8011	757
8012	728
8013	790
8014	746
8015	725
8016	704
8017	671
8018	758
8019	731
8020	801
8021	665
8022	776
8023	776
8024	733
8025	791
8026	779
8027	724
8028	726
8029	733
8030	790
8031	726
8032	723
8033	708
8034	760
8035	735
8036	711
8037	698
8038	761
8039	733
8040	754
8041	778
8042	713
8043	753
8044	754
8045	803
8046	781
8047	698
8048	722
8049	794
8050	735
8051	712
8052	815
8053	820
8054	769
8055	800
8056	818
8057	755
8058	760
8059	823
8060	795
8061	812
8062	720
8063	775
8064	829
8065	754
8066	796
8067	756
8068	818
8069	749
8070	781
8071	764
8072	704
8073	781
8074	764
8075	726
8076	695
8077	670
8078	816
8079	712
8080	743
8081	740
8082	764
8083	779
8084	809
8085	719
8086	793
8087	800
8088	748
8089	816
8090	669
8091	785
8092	689
8093	817
8094	829
8095	812
8096	742
8097	820
8098	759
8099	770
8100	823
8101	707
8102	774
8103	798
8104	820
8105	836
8106	836
8107	815
8108	840
8109	823
8110	827
8111	823
8112	773
8113	780
8114	751
8115	804
8116	736
8117	768
8118	781
8119	812
8120	718
8121	828
8122	801
8123	858
8124	856
8125	772
8126	809
8127	728
8128	791
8129	764
8130	728
8131	731
8132	838
8133	816
8134	792
8135	691
8136	732
8137	815
8138	777
8139	794
8140	778
8141	693
8142	803
8143	819
8144	749
8145	698
8146	760
8147	764
8148	761
8149	832
8150	685
8151	666
8152	733
8153	640
8154	688
8155	659
8156	683
8157	710
8158	755
8159	750
8160	703
8161	727
8162	730
8163	697
8164	746
8165	748
8166	726
8167	731
8168	755
8169	712
8170	752
8171	760
8172	772
8173	692
8174	749
8175	650
8176	700
8177	724
8178	721
8179	712
8180	751
8181	717
8182	695
8183	753
8184	746
8185	668
8186	696
8187	728
8188	743
8189	739
8190	771
8191	724
8192	670
8193	751
8194	733
8195	763
8196	727
8197	790
8198	703
8199	627
8200	759
8201	732
8202	790
8203	803
8204	710
8205	676
8206	658
8207	822
8208	732
8209	728
8210	776
8211	760
8212	769
8213	753
8214	787
8215	810
8216	786
8217	683
8218	669
8219	772
8220	754
8221	694
8222	716
8223	814
8224	804
8225	779
8226	743
8227	712
8228	751
8229	746
8230	735
8231	770
8232	800
8233	788
8234	714
8235	692
8236	677
8237	693
8238	640
8239	661
8240	647
8241	682
8242	674
8243	681
8244	616
8245	664
8246	621
8247	665
8248	636
8249	728
8250	700
8251	702
8252	604
8253	762
8254	693
8255	630
8256	657
8257	668
8258	622
8259	620
8260	726
8261	712
8262	655
8263	634
8264	582
8265	632
8266	700
8267	645
8268	737
8269	678
8270	617
8271	640
8272	593
8273	646
8274	593
8275	653
8276	634
8277	653
8278	679
8279	648
8280	650
8281	677
8282	657
8283	679
8284	645
8285	626
8286	655
8287	654
8288	609
8289	556
8290	616
8291	630
8292	627
8293	611
8294	572
8295	596
8296	639
8297	639
8298	646
8299	619
8300	644
8301	623
8302	728
8303	621
8304	636
8305	613
8306	675
8307	640
8308	647
8309	704
8310	767
8311	723
8312	676
8313	704
8314	678
8315	590
8316	702
8317	612
8318	661
8319	632
8320	653
8321	635
8322	621
8323	671
8324	655
8325	710
8326	633
8327	704
8328	660
8329	554
8330	731
8331	639
8332	678
8333	673
8334	608
8335	706
8336	615
8337	694
8338	662
8339	729
8340	702
8341	715
8342	779
8343	696
8344	717
8345	647
8346	690
8347	620
8348	628
8349	634
8350	667
8351	660
8352	627
8353	667
8354	684
8355	711
8356	717
8357	810
8358	746
8359	674
8360	692
8361	707
8362	695
8363	649
8364	788
8365	636
8366	657
8367	756
8368	767
8369	660
8370	780
8371	723
8372	641
8373	656
8374	676
8375	652
8376	730
8377	655
8378	786
8379	803
8380	675
8381	763
8382	599
8383	658
8384	691
8385	644
8386	674
8387	697
8388	697
8389	755
8390	653
8391	564
8392	623
8393	725
8394	684
8395	669
8396	681
8397	672
8398	646
8399	642
8400	629
8401	633
8402	713
8403	661
8404	676
8405	620
8406	710
8407	716
8408	841
8409	785
8410	710
8411	802
8412	729
8413	721
8414	697
8415	758
8416	710
8417	801
8418	801
8419	759
8420	700
8421	657
8422	675
8423	775
8424	720
8425	731
8426	726
8427	643
8428	676
8429	713
8430	670
8431	762
8432	643
8433	623
8434	705
8435	637
8436	679
8437	602
8438	650
8439	720
8440	685
8441	651
8442	629
8443	684
8444	730
8445	672
8446	649
8447	696
8448	646
8449	642
8450	696
8451	765
8452	752
8453	696
8454	709
8455	852
8456	732
8457	700
8458	709
8459	694
8460	669
8461	676
8462	687
8463	656
8464	657
8465	687
8466	685
8467	653
8468	686
8469	706
8470	631
8471	619
8472	628
8473	627
8474	628
8475	696
8476	636
8477	655
8478	645
8479	666
8480	649
8481	607
8482	654
8483	593
8484	673
8485	672
8486	691
8487	639
8488	580
8489	590
8490	562
8491	584
8492	614
8493	633
8494	641
8495	617
8496	597
8497	629
8498	644
8499	677
8500	638
8501	595
8502	660
8503	602
8504	635
8505	604
8506	626
8507	562
8508	632
8509	654
8510	623
8511	603
8512	666
8513	642
8514	632
8515	618
8516	620
8517	587
8518	663
8519	608
8520	603
8521	676
8522	645
8523	703
8524	743
8525	726
8526	657
8527	635
8528	642
8529	722
8530	681
8531	783
8532	733
8533	651
8534	664
8535	639
8536	600
8537	638
8538	644
8539	604
8540	645
8541	623
8542	601
8543	637
8544	624
8545	609
8546	611
8547	633
8548	589
8549	664
8550	715
8551	645
8552	603
8553	616
8554	674
8555	682
8556	629
8557	649
8558	611
8559	650
8560	634
8561	660
8562	599
8563	648
8564	669
8565	646
8566	693
8567	698
8568	646
8569	656
8570	726
8571	643
8572	596
8573	635
8574	642
8575	579
8576	670
8577	669
8578	646
8579	647
8580	642
8581	593
8582	638
8583	742
8584	700
8585	692
8586	637
8587	646
8588	670
8589	638
8590	655
8591	720
8592	699
8593	650
8594	696
8595	688
8596	657
8597	678
8598	596
8599	674
8600	689
8601	678
8602	674
8603	656
8604	593
8605	623
8606	659
8607	686
8608	633
8609	731
8610	674
8611	598
8612	521
8613	569
8614	555
8615	547
8616	571
8617	629
8618	619
8619	576
8620	532
8621	518
8622	548
8623	511
8624	589
8625	578
8626	632
8627	618
8628	653
8629	585
8630	584
8631	520
8632	558
8633	558
8634	629
8635	509
8636	578
8637	554
8638	599
8639	596
8640	624
8641	540
8642	548
8643	571
8644	565
8645	546
8646	576
8647	549
8648	574
8649	574
8650	599
8651	570
8652	609
8653	502
8654	611
8655	618
8656	548
8657	626
8658	582
8659	506
8660	521
8661	558
8662	575
8663	561
8664	579
8665	551
8666	578
8667	561
8668	551
8669	555
8670	532
8671	531
8672	548
8673	540
8674	521
8675	560
8676	555
8677	583
8678	587
8679	525
8680	563
8681	524
8682	575
8683	499
8684	520
8685	558
8686	601
8687	595
8688	543
8689	540
8690	534
8691	520
8692	563
8693	531
8694	544
8695	541
8696	575
8697	554
8698	579
8699	638
8700	613
8701	611
8702	607
8703	544
8704	559
8705	615
8706	587
8707	566
8708	636
8709	631
8710	543
8711	566
8712	606
8713	606
8714	640
8715	612
8716	585
8717	591
8718	596
8719	624
8720	615
8721	625
8722	605
8723	630
8724	632
8725	589
8726	608
8727	644
8728	636
8729	621
8730	634
8731	563
8732	626
8733	557
8734	588
8735	553
8736	563
8737	607
8738	565
8739	659
8740	664
8741	560
8742	617
8743	581
8744	643
8745	559
8746	661
8747	675
8748	607
8749	562
8750	587
8751	600
8752	549
8753	581
8754	553
8755	629
8756	560
8757	584
8758	563
8759	566
8760	565
8761	541
8762	563
8763	588
8764	560
8765	556
8766	629
8767	543
8768	625
8769	553
8770	584
8771	604
8772	627
8773	561
8774	639
8775	573
8776	652
8777	649
8778	604
8779	649
8780	605
8781	617
8782	590
8783	623
8784	542
8785	594
8786	557
8787	617
8788	586
8789	588
8790	570
8791	582
8792	511
8793	618
8794	638
8795	589
8796	575
8797	595
8798	583
8799	577
8800	628
8801	608
8802	568
8803	595
8804	603
8805	572
8806	599
8807	616
8808	586
8809	526
8810	620
8811	573
8812	642
8813	535
8814	607
8815	563
8816	610
8817	612
8818	630
8819	587
8820	590
8821	555
8822	552
8823	604
8824	604
8825	627
8826	569
8827	526
8828	581
8829	623
8830	583
8831	591
8832	585
8833	575
8834	617
8835	587
8836	582
8837	556
8838	522
8839	566
8840	543
8841	510
8842	528
8843	634
8844	551
8845	600
8846	586
8847	570
8848	601
8849	531
8850	598
8851	559
8852	586
8853	569
8854	609
8855	634
8856	529
8857	562
8858	560
8859	603
8860	590
8861	558
8862	573
8863	560
8864	518
8865	568
8866	551
8867	629
8868	591
8869	581
8870	633
8871	602
8872	573
8873	563
8874	623
8875	570
8876	572
8877	607
8878	557
8879	569
8880	551
8881	533
8882	583
8883	511
8884	550
8885	558
8886	525
8887	562
8888	542
8889	548
8890	536
8891	511
8892	636
8893	555
8894	527
8895	570
8896	627
8897	557
8898	601
8899	546
8900	647
8901	642
8902	666
8903	552
8904	568
8905	534
8906	525
8907	551
8908	610
8909	619
8910	527
8911	541
8912	531
8913	549
8914	554
8915	555
8916	523
8917	537
8918	604
8919	542
8920	526
8921	606
8922	565
8923	624
8924	563
8925	539
8926	578
8927	566
8928	585
8929	568
8930	538
8931	604
8932	518
8933	557
8934	532
8935	597
8936	590
8937	564
8938	603
8939	659
8940	578
8941	624

