## htsjdk.samtools.metrics.StringHeader
# CollectInsertSizeMetrics HISTOGRAM_FILE=/work/ugbogu/pipeline/data/nbl/GSE189367/results/picard/SRR17011000_insert_size_histogram.pdf MINIMUM_PCT=0.5 INPUT=/work/ugbogu/pipeline/data/nbl/GSE189367/results/star/SRR17011000.Aligned.sortedByCoord.out.bam OUTPUT=/work/ugbogu/pipeline/data/nbl/GSE189367/results/picard/SRR17011000_insert_size_metrics.txt    DEVIATIONS=10.0 METRIC_ACCUMULATION_LEVEL=[ALL_READS] INCLUDE_DUPLICATES=false ASSUME_SORTED=true STOP_AFTER=0 VERBOSITY=INFO QUIET=false VALIDATION_STRINGENCY=STRICT COMPRESSION_LEVEL=5 MAX_RECORDS_IN_RAM=500000 CREATE_INDEX=false CREATE_MD5_FILE=false USE_JDK_DEFLATER=false USE_JDK_INFLATER=false
## htsjdk.samtools.metrics.StringHeader
# Started on: Thu Apr 16 23:08:05 UTC 2026

## METRICS CLASS	picard.analysis.InsertSizeMetrics
MEDIAN_INSERT_SIZE	MODE_INSERT_SIZE	MEDIAN_ABSOLUTE_DEVIATION	MIN_INSERT_SIZE	MAX_INSERT_SIZE	MEAN_INSERT_SIZE	STANDARD_DEVIATION	READ_PAIRS	PAIR_ORIENTATION	WIDTH_OF_10_PERCENT	WIDTH_OF_20_PERCENT	WIDTH_OF_30_PERCENT	WIDTH_OF_40_PERCENT	WIDTH_OF_50_PERCENT	WIDTH_OF_60_PERCENT	WIDTH_OF_70_PERCENT	WIDTH_OF_80_PERCENT	WIDTH_OF_90_PERCENT	WIDTH_OF_95_PERCENT	WIDTH_OF_99_PERCENT	SAMPLE	LIBRARY	READ_GROUP
900	134	764	23	3120056	1472.305948	1907.15356	54011770	FR	607	1103	1339	1457	1529	1639	4255	9707	32925	153693	153823			

## HISTOGRAM	java.lang.Integer
insert_size	All_Reads.fr_count
23	1
25	1
26	1
27	2
28	2
29	5
30	3
31	4
32	13
33	17
34	43
35	138
36	205
37	188
38	181
39	169
40	272
41	336
42	257
43	365
44	270
45	444
46	442
47	343
48	407
49	501
50	594
51	616
52	573
53	808
54	728
55	870
56	994
57	1034
58	1124
59	1258
60	1341
61	1400
62	1657
63	1826
64	1858
65	2196
66	2351
67	2714
68	3204
69	3513
70	4109
71	4454
72	4739
73	5717
74	5928
75	11090
76	8595
77	8474
78	10532
79	10257
80	10647
81	12296
82	12642
83	13855
84	15130
85	17369
86	18709
87	20743
88	22960
89	24623
90	27186
91	29631
92	32995
93	36121
94	39565
95	43814
96	45534
97	51430
98	53594
99	60867
100	63308
101	66663
102	68643
103	73225
104	82833
105	90166
106	92546
107	96043
108	97227
109	102198
110	105796
111	106427
112	109339
113	112795
114	115608
115	120807
116	122633
117	125123
118	132086
119	133270
120	139336
121	141267
122	144252
123	146290
124	149831
125	152636
126	147255
127	151837
128	150071
129	150321
130	156113
131	153937
132	154911
133	169841
134	170024
135	160782
136	162631
137	156942
138	155351
139	157574
140	158741
141	159691
142	157562
143	157079
144	154770
145	153537
146	147655
147	151062
148	151450
149	148531
150	146571
151	152300
152	148390
153	149855
154	147061
155	147683
156	145775
157	140617
158	134009
159	135396
160	133871
161	130879
162	129488
163	128439
164	127030
165	124982
166	124971
167	122881
168	122529
169	121925
170	124694
171	116416
172	119078
173	117039
174	113098
175	116240
176	117722
177	109833
178	109009
179	109306
180	108764
181	109288
182	106949
183	106076
184	102755
185	102424
186	99786
187	100828
188	99038
189	92754
190	94169
191	92280
192	92996
193	92357
194	92242
195	89472
196	86321
197	89414
198	87512
199	86814
200	85707
201	84500
202	87394
203	84332
204	81449
205	82412
206	81557
207	79836
208	81522
209	78684
210	75507
211	74869
212	77361
213	74512
214	73380
215	72535
216	70264
217	69214
218	69055
219	67982
220	71018
221	68877
222	67671
223	64927
224	65756
225	63533
226	64777
227	64683
228	61802
229	62688
230	63736
231	62212
232	62322
233	62217
234	60596
235	58187
236	59899
237	58106
238	58026
239	56300
240	54980
241	55608
242	55032
243	54790
244	53681
245	53537
246	53677
247	53331
248	54497
249	52823
250	50023
251	52070
252	49843
253	50496
254	48915
255	49625
256	47810
257	49828
258	47175
259	48686
260	48625
261	47459
262	48609
263	48799
264	47184
265	46794
266	45096
267	45461
268	45463
269	46574
270	46412
271	44827
272	42678
273	43753
274	44658
275	43761
276	44039
277	40844
278	41385
279	41202
280	40667
281	41152
282	40524
283	41540
284	39535
285	39347
286	39971
287	39350
288	37066
289	38628
290	36974
291	36137
292	37359
293	36030
294	37398
295	34985
296	35719
297	34062
298	35039
299	35145
300	33709
301	35026
302	35057
303	34289
304	34642
305	34669
306	33716
307	34620
308	34604
309	33917
310	32887
311	32141
312	31954
313	31668
314	32285
315	32519
316	31471
317	30536
318	30079
319	29392
320	30067
321	29303
322	29999
323	30017
324	29676
325	29809
326	28654
327	28786
328	29185
329	28726
330	28607
331	28885
332	28512
333	28015
334	28023
335	27811
336	29203
337	28284
338	27773
339	27436
340	26356
341	26864
342	27145
343	26638
344	26470
345	25650
346	25754
347	26000
348	25389
349	24761
350	24340
351	24391
352	25687
353	25355
354	25215
355	24247
356	23435
357	24756
358	24127
359	23766
360	24537
361	24475
362	23605
363	23089
364	23192
365	23009
366	24396
367	23812
368	23020
369	22303
370	22469
371	21372
372	21497
373	21474
374	22346
375	21613
376	21724
377	20875
378	20756
379	21218
380	21505
381	21194
382	20606
383	19622
384	20172
385	20171
386	19958
387	19621
388	20055
389	19644
390	19757
391	18890
392	19134
393	19743
394	19544
395	19459
396	19513
397	18621
398	19513
399	18248
400	19418
401	19177
402	19004
403	18689
404	18570
405	18623
406	17625
407	17095
408	17404
409	17313
410	17399
411	16953
412	16409
413	17297
414	18189
415	17374
416	16997
417	16722
418	16808
419	15694
420	16243
421	16631
422	16187
423	16875
424	16744
425	16362
426	17074
427	17104
428	16899
429	16365
430	16004
431	15635
432	16639
433	15870
434	16463
435	15505
436	15596
437	15441
438	15517
439	15959
440	16302
441	15697
442	15266
443	14663
444	14586
445	14914
446	14607
447	15530
448	15770
449	14869
450	14800
451	14809
452	15208
453	14761
454	15752
455	14952
456	14928
457	14318
458	14465
459	14993
460	13751
461	14053
462	13817
463	14186
464	13730
465	12840
466	13322
467	14287
468	13885
469	13536
470	14095
471	13148
472	13635
473	13732
474	12966
475	13755
476	13666
477	13885
478	14156
479	14159
480	14107
481	13204
482	12821
483	13165
484	12567
485	13444
486	12998
487	13021
488	13018
489	12787
490	12358
491	12773
492	13229
493	12521
494	12951
495	12470
496	13181
497	12949
498	12758
499	13700
500	12800
501	12252
502	12919
503	12311
504	12451
505	12844
506	13091
507	13251
508	12180
509	12670
510	12335
511	12729
512	12702
513	13414
514	12940
515	12700
516	12778
517	12742
518	12756
519	12840
520	13287
521	12351
522	12338
523	12561
524	12202
525	12801
526	12238
527	11910
528	12525
529	12029
530	12495
531	12583
532	12232
533	12374
534	12269
535	12756
536	12362
537	12549
538	12528
539	12474
540	12832
541	13004
542	12638
543	12332
544	12392
545	12355
546	11856
547	11950
548	12562
549	11640
550	11841
551	12038
552	12190
553	12281
554	12364
555	12249
556	12227
557	12220
558	11905
559	12408
560	11342
561	12051
562	11889
563	11860
564	11734
565	11950
566	11978
567	11564
568	11322
569	11784
570	11921
571	11905
572	11503
573	12108
574	11695
575	11781
576	11560
577	11917
578	12160
579	12427
580	11926
581	11682
582	11771
583	11958
584	11537
585	12254
586	11949
587	11494
588	11309
589	11936
590	11382
591	11347
592	12301
593	12101
594	12250
595	11613
596	12017
597	12058
598	11230
599	11762
600	11419
601	11820
602	11381
603	11237
604	11209
605	11063
606	10961
607	11400
608	11371
609	11094
610	11244
611	11755
612	11068
613	11269
614	11916
615	11728
616	11458
617	11496
618	11381
619	11277
620	11776
621	11334
622	11286
623	11795
624	11070
625	11528
626	11453
627	11836
628	11725
629	11442
630	11441
631	10976
632	11488
633	11142
634	11923
635	11860
636	11770
637	11558
638	11833
639	11645
640	10941
641	11508
642	11613
643	11322
644	11508
645	11415
646	11449
647	11710
648	11811
649	12446
650	10704
651	10721
652	10995
653	11184
654	11661
655	11063
656	11666
657	11412
658	10973
659	11729
660	11880
661	11303
662	10688
663	11436
664	11783
665	11501
666	11357
667	11091
668	11295
669	10990
670	11195
671	10907
672	11159
673	11258
674	10996
675	10770
676	11066
677	10991
678	11258
679	11205
680	11430
681	11108
682	11319
683	10955
684	11024
685	11369
686	10320
687	10292
688	10315
689	10600
690	10840
691	11430
692	11699
693	10767
694	10978
695	10640
696	10867
697	10536
698	10748
699	10654
700	10461
701	11205
702	10887
703	10890
704	11019
705	11399
706	10965
707	10805
708	10846
709	10862
710	10028
711	10251
712	10218
713	10911
714	10780
715	10082
716	10489
717	10290
718	10521
719	10212
720	10144
721	10043
722	9803
723	10232
724	10228
725	10551
726	10582
727	10159
728	10279
729	10198
730	9948
731	10482
732	9914
733	9845
734	10269
735	10135
736	10051
737	10231
738	10629
739	10285
740	10083
741	10191
742	10066
743	10148
744	10230
745	9748
746	9613
747	9770
748	10116
749	9578
750	10192
751	9768
752	9698
753	10166
754	9805
755	9499
756	9652
757	10092
758	10295
759	9966
760	10300
761	10249
762	10418
763	9388
764	9481
765	9811
766	10110
767	10139
768	10114
769	10057
770	10006
771	10128
772	10290
773	10325
774	9959
775	10137
776	9318
777	9567
778	9342
779	9331
780	9830
781	9362
782	9394
783	9200
784	9728
785	9233
786	9823
787	10379
788	9656
789	9421
790	9738
791	9728
792	9879
793	9447
794	10485
795	10285
796	9929
797	9798
798	9954
799	9573
800	9512
801	9511
802	9788
803	9397
804	10051
805	9586
806	9931
807	9635
808	9730
809	9388
810	9242
811	9042
812	9479
813	9263
814	9716
815	9390
816	9372
817	9236
818	9401
819	9147
820	9167
821	9605
822	9062
823	9266
824	8945
825	9542
826	9532
827	9312
828	9393
829	9139
830	9561
831	9031
832	9214
833	9191
834	9275
835	9351
836	9414
837	9424
838	9219
839	9353
840	8907
841	9316
842	8887
843	9114
844	8823
845	8881
846	9002
847	8898
848	8996
849	9293
850	8661
851	9016
852	8929
853	8910
854	9021
855	9097
856	8574
857	8606
858	8754
859	9219
860	9114
861	8635
862	9090
863	8725
864	8965
865	9077
866	8993
867	8918
868	9362
869	8631
870	8689
871	8680
872	8661
873	8880
874	8398
875	9119
876	9315
877	8819
878	8288
879	8767
880	8780
881	8613
882	8662
883	8645
884	8653
885	8864
886	8340
887	8598
888	8594
889	8799
890	9100
891	8938
892	8559
893	8695
894	8973
895	8754
896	8434
897	8813
898	8890
899	8573
900	8366
901	8866
902	8294
903	9108
904	8303
905	8744
906	8938
907	8423
908	8763
909	8657
910	8486
911	8560
912	8453
913	8416
914	8477
915	8849
916	8567
917	8450
918	8568
919	8749
920	8455
921	8451
922	8751
923	8591
924	8330
925	8714
926	8268
927	8691
928	8825
929	8259
930	8666
931	8156
932	8857
933	8250
934	8605
935	8676
936	8189
937	8440
938	8901
939	8220
940	8711
941	8753
942	8557
943	8454
944	8239
945	8137
946	8580
947	8264
948	8600
949	8099
950	8301
951	8242
952	8707
953	8603
954	8011
955	8431
956	8485
957	8254
958	7695
959	8029
960	7749
961	8474
962	8109
963	8337
964	7836
965	8345
966	7932
967	8363
968	8228
969	8569
970	8341
971	7774
972	8090
973	8316
974	8392
975	7638
976	7999
977	8620
978	8036
979	7811
980	8091
981	8213
982	7821
983	8475
984	7975
985	7719
986	7861
987	8305
988	8150
989	7973
990	7626
991	7790
992	8194
993	8195
994	7911
995	8182
996	7823
997	7894
998	8020
999	7834
1000	7846
1001	7841
1002	8164
1003	8070
1004	8214
1005	8033
1006	7814
1007	8062
1008	8439
1009	7930
1010	7894
1011	7846
1012	7905
1013	8043
1014	8459
1015	8174
1016	7977
1017	7755
1018	7604
1019	7972
1020	7615
1021	7925
1022	8047
1023	7607
1024	7669
1025	7645
1026	8036
1027	7409
1028	7741
1029	7512
1030	7595
1031	7678
1032	7418
1033	7574
1034	7745
1035	7873
1036	7924
1037	7897
1038	7474
1039	7699
1040	8007
1041	7700
1042	7525
1043	7312
1044	7255
1045	7225
1046	7962
1047	7649
1048	7865
1049	7625
1050	7410
1051	7361
1052	7668
1053	7726
1054	7271
1055	7248
1056	7632
1057	7943
1058	7518
1059	7289
1060	7117
1061	7297
1062	7370
1063	7871
1064	7261
1065	7219
1066	7208
1067	7410
1068	7011
1069	7139
1070	7137
1071	7210
1072	6941
1073	7059
1074	6882
1075	7380
1076	7077
1077	7464
1078	7524
1079	7260
1080	7521
1081	6987
1082	7102
1083	7250
1084	7163
1085	7242
1086	6998
1087	7031
1088	7385
1089	7355
1090	6825
1091	7081
1092	6760
1093	6787
1094	7554
1095	6809
1096	6924
1097	6850
1098	6905
1099	7138
1100	6881
1101	6952
1102	7244
1103	6898
1104	7807
1105	7216
1106	6994
1107	7062
1108	7347
1109	7300
1110	7357
1111	7055
1112	7144
1113	7010
1114	7411
1115	7248
1116	6926
1117	6988
1118	7436
1119	7209
1120	7664
1121	7410
1122	7409
1123	7410
1124	7734
1125	7005
1126	7122
1127	7038
1128	6795
1129	6999
1130	7035
1131	6954
1132	6938
1133	6914
1134	7070
1135	7144
1136	7127
1137	6804
1138	6636
1139	7325
1140	6866
1141	7265
1142	6999
1143	7298
1144	7221
1145	6875
1146	7321
1147	7057
1148	7567
1149	6848
1150	7200
1151	7520
1152	6926
1153	7254
1154	6836
1155	7089
1156	7514
1157	7536
1158	7534
1159	7586
1160	7334
1161	7194
1162	8060
1163	7511
1164	7450
1165	7833
1166	7821
1167	7125
1168	7194
1169	6963
1170	6964
1171	6832
1172	6929
1173	6786
1174	7216
1175	6909
1176	6750
1177	6599
1178	6731
1179	6968
1180	7045
1181	7315
1182	6931
1183	7030
1184	7016
1185	7315
1186	7300
1187	7262
1188	7156
1189	6427
1190	6733
1191	7090
1192	7196
1193	7020
1194	7163
1195	7021
1196	7087
1197	6620
1198	6973
1199	7248
1200	6429
1201	6858
1202	7015
1203	6706
1204	6899
1205	7059
1206	6995
1207	6641
1208	6827
1209	7084
1210	6859
1211	6970
1212	6725
1213	7036
1214	6992
1215	6879
1216	7147
1217	7178
1218	7260
1219	7335
1220	7158
1221	7158
1222	7109
1223	7164
1224	7388
1225	6871
1226	7437
1227	7452
1228	7342
1229	7251
1230	7113
1231	7187
1232	6932
1233	7213
1234	6811
1235	7143
1236	6938
1237	7035
1238	7042
1239	6712
1240	6880
1241	6986
1242	6874
1243	6826
1244	6588
1245	6429
1246	6321
1247	6709
1248	6651
1249	6965
1250	6644
1251	6856
1252	6485
1253	7023
1254	6866
1255	7862
1256	6894
1257	7727
1258	7500
1259	7574
1260	7426
1261	6773
1262	6880
1263	7539
1264	7431
1265	7506
1266	7242
1267	7958
1268	7138
1269	7352
1270	7144
1271	7304
1272	6935
1273	6936
1274	6447
1275	6827
1276	6684
1277	6578
1278	6721
1279	6639
1280	6434
1281	6367
1282	6423
1283	6514
1284	6634
1285	6717
1286	6412
1287	6444
1288	6452
1289	6773
1290	6213
1291	6753
1292	6646
1293	6748
1294	6928
1295	6771
1296	6752
1297	6406
1298	6754
1299	7074
1300	6859
1301	6987
1302	6204
1303	6674
1304	6610
1305	7128
1306	7054
1307	6444
1308	6696
1309	6695
1310	6877
1311	6779
1312	6439
1313	6890
1314	6968
1315	6820
1316	6549
1317	6623
1318	6488
1319	6753
1320	6977
1321	6506
1322	6945
1323	6487
1324	6679
1325	6602
1326	6525
1327	6419
1328	6684
1329	6802
1330	6446
1331	6700
1332	6680
1333	6680
1334	6505
1335	6263
1336	5904
1337	6233
1338	6529
1339	6293
1340	6470
1341	6340
1342	6337
1343	6005
1344	6009
1345	6045
1346	5962
1347	6227
1348	6058
1349	6428
1350	6082
1351	6280
1352	6446
1353	6344
1354	6491
1355	6007
1356	6244
1357	6107
1358	5945
1359	6120
1360	6349
1361	6171
1362	6061
1363	6207
1364	6222
1365	5689
1366	6000
1367	5611
1368	5775
1369	5900
1370	6017
1371	6269
1372	6031
1373	6358
1374	6201
1375	6019
1376	6172
1377	6141
1378	6212
1379	6090
1380	5940
1381	5800
1382	6233
1383	5878
1384	6056
1385	5988
1386	6199
1387	5651
1388	6134
1389	5609
1390	5890
1391	6023
1392	5857
1393	5649
1394	5660
1395	5775
1396	5840
1397	6347
1398	6055
1399	5803
1400	5869
1401	5743
1402	6022
1403	5796
1404	5850
1405	5850
1406	5909
1407	5959
1408	5792
1409	5724
1410	5786
1411	5925
1412	5828
1413	5941
1414	5779
1415	5814
1416	5743
1417	5727
1418	5620
1419	5877
1420	6032
1421	6248
1422	6205
1423	5635
1424	5685
1425	5935
1426	6198
1427	5953
1428	5704
1429	5979
1430	5895
1431	6222
1432	5891
1433	5871
1434	6108
1435	5967
1436	6083
1437	6131
1438	5537
1439	5935
1440	6072
1441	5771
1442	5821
1443	6137
1444	6138
1445	5745
1446	5859
1447	5757
1448	5797
1449	5928
1450	5891
1451	5711
1452	5925
1453	6061
1454	5737
1455	5701
1456	6081
1457	5823
1458	6218
1459	6103
1460	5778
1461	6161
1462	6003
1463	5879
1464	6149
1465	5871
1466	5772
1467	5811
1468	6041
1469	5783
1470	5659
1471	5720
1472	5829
1473	5907
1474	6151
1475	5880
1476	5866
1477	5950
1478	6312
1479	5535
1480	5956
1481	5601
1482	5888
1483	5996
1484	6038
1485	6278
1486	6030
1487	5932
1488	6177
1489	5616
1490	6210
1491	6586
1492	6574
1493	6878
1494	6497
1495	6329
1496	6461
1497	6341
1498	6315
1499	6921
1500	6901
1501	6580
1502	5975
1503	6154
1504	6003
1505	5939
1506	6297
1507	6669
1508	6141
1509	6008
1510	6629
1511	5844
1512	5671
1513	5819
1514	5546
1515	5794
1516	5918
1517	6136
1518	5986
1519	5698
1520	5779
1521	5850
1522	6043
1523	5874
1524	6239
1525	6473
1526	6419
1527	5868
1528	6264
1529	5491
1530	5756
1531	6059
1532	5951
1533	5694
1534	5903
1535	5582
1536	6278
1537	6188
1538	6032
1539	6290
1540	5844
1541	6372
1542	6159
1543	5977
1544	5919
1545	5684
1546	6437
1547	6239
1548	6075
1549	6167
1550	5801
1551	6559
1552	6143
1553	6480
1554	6591
1555	6298
1556	6771
1557	6713
1558	6371
1559	6285
1560	6425
1561	6341
1562	6377
1563	6235
1564	6832
1565	6034
1566	5969
1567	6250
1568	6400
1569	6216
1570	6140
1571	6013
1572	6362
1573	6475
1574	6687
1575	6710
1576	5829
1577	5969
1578	5863
1579	5873
1580	5748
1581	6216
1582	6442
1583	5999
1584	6193
1585	6521
1586	6633
1587	6405
1588	5703
1589	6292
1590	5959
1591	6087
1592	6092
1593	6361
1594	6562
1595	5937
1596	5541
1597	5668
1598	5687
1599	5890
1600	6432
1601	6422
1602	5956
1603	6831
1604	6331
1605	6510
1606	5840
1607	6872
1608	5855
1609	6314
1610	6133
1611	5944
1612	5900
1613	5880
1614	5962
1615	6374
1616	5729
1617	5514
1618	5679
1619	5769
1620	5690
1621	6147
1622	5818
1623	5923
1624	6066
1625	6066
1626	6166
1627	6036
1628	6028
1629	5974
1630	5968
1631	5940
1632	5655
1633	5852
1634	5782
1635	5969
1636	5804
1637	6127
1638	5802
1639	6125
1640	6093
1641	5913
1642	6049
1643	6025
1644	6144
1645	5928
1646	5913
1647	6036
1648	5924
1649	5892
1650	5739
1651	5664
1652	6234
1653	5850
1654	5675
1655	5980
1656	5724
1657	5616
1658	5750
1659	5596
1660	5833
1661	5855
1662	5883
1663	5948
1664	6034
1665	6012
1666	6003
1667	5815
1668	5752
1669	5754
1670	6195
1671	5882
1672	5943
1673	6124
1674	5767
1675	5612
1676	5756
1677	5894
1678	5851
1679	5958
1680	5536
1681	5753
1682	5567
1683	5920
1684	5617
1685	5817
1686	5696
1687	5800
1688	5992
1689	5991
1690	5883
1691	6006
1692	5908
1693	6173
1694	6078
1695	5924
1696	5756
1697	5768
1698	6113
1699	5844
1700	5716
1701	5730
1702	6083
1703	5756
1704	5847
1705	6156
1706	5605
1707	6058
1708	5760
1709	6145
1710	6387
1711	6060
1712	6008
1713	6014
1714	5705
1715	5874
1716	6129
1717	5849
1718	5781
1719	5906
1720	5449
1721	5920
1722	5942
1723	6004
1724	5835
1725	5628
1726	5694
1727	5844
1728	5501
1729	5667
1730	5565
1731	5846
1732	5679
1733	6056
1734	5939
1735	5710
1736	5390
1737	5940
1738	5534
1739	5173
1740	5420
1741	5515
1742	5789
1743	5820
1744	5628
1745	5511
1746	5892
1747	5445
1748	5644
1749	5709
1750	5641
1751	5356
1752	5672
1753	6018
1754	6079
1755	6093
1756	5638
1757	5605
1758	5486
1759	5691
1760	5960
1761	5378
1762	5488
1763	5680
1764	5379
1765	5760
1766	5513
1767	6174
1768	5466
1769	5683
1770	5608
1771	5734
1772	5695
1773	5660
1774	5679
1775	5456
1776	5449
1777	5114
1778	5000
1779	5041
1780	5224
1781	5292
1782	5132
1783	4904
1784	4941
1785	4900
1786	4883
1787	5311
1788	5283
1789	5180
1790	5418
1791	5160
1792	4871
1793	5301
1794	5084
1795	5177
1796	4962
1797	5009
1798	4781
1799	4906
1800	5133
1801	5066
1802	4902
1803	4887
1804	4767
1805	4804
1806	4788
1807	5239
1808	5010
1809	4786
1810	5373
1811	5000
1812	5112
1813	5097
1814	4907
1815	4767
1816	5073
1817	5167
1818	4746
1819	5152
1820	4817
1821	4914
1822	5036
1823	4994
1824	4815
1825	4954
1826	4888
1827	4781
1828	4648
1829	4657
1830	4637
1831	4908
1832	4847
1833	4582
1834	4574
1835	4631
1836	4468
1837	4404
1838	4699
1839	4593
1840	4769
1841	4752
1842	4592
1843	4674
1844	4578
1845	4507
1846	4580
1847	4304
1848	4698
1849	4657
1850	4564
1851	5030
1852	4713
1853	4820
1854	4663
1855	4748
1856	4579
1857	4674
1858	4465
1859	4667
1860	4807
1861	5158
1862	4816
1863	4920
1864	4888
1865	5202
1866	4694
1867	4575
1868	4698
1869	4813
1870	4836
1871	4773
1872	4822
1873	4964
1874	4724
1875	4694
1876	4589
1877	4986
1878	4298
1879	4922
1880	4867
1881	4675
1882	4621
1883	5104
1884	4733
1885	4901
1886	4961
1887	4689
1888	5091
1889	4906
1890	4925
1891	4939
1892	4657
1893	5056
1894	5007
1895	4824
1896	4902
1897	4739
1898	4655
1899	4886
1900	4609
1901	4878
1902	4968
1903	4551
1904	4586
1905	5212
1906	4770
1907	4860
1908	4867
1909	5229
1910	4617
1911	4946
1912	4761
1913	4643
1914	5248
1915	4929
1916	5119
1917	5204
1918	4886
1919	5161
1920	5331
1921	4789
1922	4931
1923	5064
1924	5057
1925	4836
1926	5044
1927	5029
1928	4665
1929	4943
1930	4962
1931	4917
1932	4975
1933	4738
1934	4875
1935	5012
1936	4682
1937	4788
1938	5097
1939	4633
1940	4894
1941	5475
1942	4710
1943	4854
1944	4504
1945	4904
1946	4817
1947	4647
1948	4995
1949	4729
1950	5409
1951	4998
1952	4937
1953	4973
1954	4933
1955	5186
1956	4951
1957	5034
1958	4952
1959	4715
1960	4823
1961	5115
1962	5430
1963	5046
1964	5169
1965	5017
1966	4708
1967	4868
1968	4829
1969	5051
1970	5400
1971	4740
1972	5303
1973	5122
1974	4923
1975	5054
1976	5283
1977	5216
1978	5174
1979	5422
1980	5305
1981	5411
1982	5307
1983	5222
1984	5199
1985	5280
1986	5243
1987	5309
1988	5038
1989	5446
1990	5359
1991	5259
1992	5694
1993	5134
1994	6125
1995	5393
1996	5533
1997	5365
1998	5875
1999	5509
2000	5371
2001	5541
2002	5486
2003	5437
2004	5654
2005	5349
2006	5536
2007	5190
2008	5793
2009	5847
2010	5686
2011	5601
2012	5935
2013	5543
2014	5632
2015	5961
2016	5494
2017	5438
2018	5444
2019	5630
2020	6053
2021	5678
2022	5608
2023	5918
2024	5454
2025	5883
2026	5520
2027	5614
2028	5235
2029	5371
2030	5459
2031	5316
2032	5512
2033	5469
2034	5383
2035	5213
2036	5481
2037	5065
2038	4912
2039	5046
2040	5702
2041	5094
2042	5292
2043	5321
2044	5145
2045	5054
2046	5080
2047	5129
2048	5275
2049	4843
2050	5045
2051	4889
2052	5166
2053	5151
2054	5213
2055	5185
2056	5281
2057	5550
2058	5016
2059	5095
2060	4888
2061	5071
2062	4918
2063	4783
2064	5274
2065	4775
2066	5286
2067	5337
2068	4737
2069	4842
2070	4881
2071	5433
2072	5071
2073	5466
2074	5003
2075	5208
2076	4812
2077	4953
2078	5151
2079	4910
2080	4966
2081	4834
2082	4938
2083	4931
2084	4928
2085	4705
2086	4891
2087	4855
2088	4910
2089	4955
2090	4938
2091	4888
2092	4729
2093	4889
2094	4599
2095	4854
2096	4604
2097	4467
2098	4787
2099	4640
2100	4798
2101	4576
2102	4506
2103	4509
2104	4727
2105	4567
2106	4700
2107	4569
2108	4697
2109	4577
2110	4455
2111	4302
2112	4537
2113	4763
2114	4563
2115	4167
2116	4355
2117	4552
2118	4330
2119	4065
2120	4468
2121	4686
2122	4595
2123	4369
2124	4533
2125	4469
2126	4184
2127	4370
2128	4559
2129	3995
2130	4234
2131	4463
2132	4406
2133	4541
2134	4514
2135	4653
2136	4608
2137	4855
2138	4730
2139	4327
2140	3844
2141	4548
2142	4463
2143	4475
2144	4410
2145	4071
2146	4455
2147	4563
2148	4296
2149	4243
2150	4116
2151	4049
2152	4643
2153	4536
2154	4406
2155	4104
2156	4374
2157	4143
2158	4163
2159	3845
2160	3855
2161	4049
2162	4176
2163	3953
2164	4203
2165	4241
2166	4524
2167	4484
2168	4229
2169	4463
2170	4097
2171	4353
2172	4250
2173	4275
2174	4491
2175	4225
2176	4056
2177	4348
2178	4221
2179	4921
2180	4219
2181	4122
2182	4234
2183	4083
2184	3883
2185	4341
2186	4051
2187	4384
2188	4020
2189	4118
2190	4157
2191	4016
2192	4022
2193	4112
2194	4244
2195	4208
2196	4224
2197	4480
2198	4057
2199	4073
2200	4166
2201	4462
2202	3944
2203	4308
2204	4424
2205	4468
2206	4264
2207	4071
2208	3991
2209	4261
2210	4357
2211	4298
2212	4184
2213	4052
2214	4201
2215	4176
2216	3957
2217	4209
2218	4152
2219	4377
2220	4124
2221	3954
2222	4071
2223	4048
2224	3973
2225	3905
2226	4492
2227	4125
2228	3860
2229	3851
2230	3901
2231	3928
2232	3820
2233	4126
2234	4448
2235	4283
2236	4334
2237	4332
2238	4194
2239	3893
2240	4373
2241	4137
2242	4228
2243	4107
2244	4269
2245	3988
2246	4198
2247	4021
2248	4188
2249	4053
2250	4156
2251	4378
2252	4303
2253	4437
2254	4381
2255	4256
2256	4030
2257	4149
2258	4524
2259	4080
2260	4308
2261	4316
2262	4358
2263	4396
2264	4211
2265	4219
2266	4414
2267	4225
2268	4004
2269	4214
2270	4359
2271	3964
2272	4100
2273	4213
2274	4029
2275	4311
2276	4375
2277	4126
2278	4575
2279	4418
2280	4374
2281	4117
2282	4190
2283	3927
2284	4349
2285	4099
2286	4125
2287	4097
2288	4116
2289	4398
2290	4072
2291	4070
2292	4156
2293	3983
2294	3969
2295	4331
2296	4051
2297	4062
2298	4091
2299	4114
2300	3971
2301	3915
2302	3942
2303	4045
2304	4152
2305	4347
2306	4232
2307	4402
2308	3972
2309	4053
2310	4409
2311	3937
2312	4021
2313	4003
2314	3977
2315	4109
2316	3959
2317	4190
2318	3892
2319	4233
2320	4075
2321	3997
2322	4267
2323	4017
2324	4001
2325	4373
2326	4043
2327	4006
2328	4195
2329	3621
2330	4068
2331	3983
2332	3830
2333	3641
2334	3973
2335	4154
2336	3861
2337	3867
2338	3941
2339	4135
2340	4135
2341	4033
2342	4240
2343	3753
2344	3842
2345	3668
2346	4018
2347	3867
2348	3813
2349	4092
2350	3870
2351	4025
2352	3786
2353	4022
2354	4249
2355	3891
2356	3930
2357	3872
2358	3794
2359	3805
2360	4117
2361	3940
2362	4146
2363	3674
2364	3971
2365	3546
2366	3774
2367	3960
2368	3914
2369	3939
2370	3859
2371	4031
2372	3681
2373	3727
2374	3683
2375	3993
2376	3574
2377	3617
2378	3718
2379	3742
2380	3822
2381	3857
2382	3875
2383	3547
2384	3994
2385	3674
2386	3628
2387	3663
2388	3989
2389	3842
2390	4003
2391	3784
2392	4038
2393	3733
2394	3946
2395	3751
2396	3640
2397	3907
2398	3863
2399	3837
2400	3700
2401	3907
2402	3665
2403	3841
2404	3897
2405	3786
2406	3743
2407	3720
2408	3831
2409	3738
2410	3608
2411	3469
2412	3631
2413	3950
2414	3432
2415	3737
2416	3535
2417	3855
2418	3831
2419	3592
2420	3855
2421	3655
2422	3518
2423	3812
2424	3424
2425	3592
2426	3879
2427	3880
2428	3738
2429	3181
2430	3687
2431	3467
2432	3389
2433	3569
2434	3617
2435	3719
2436	3835
2437	3565
2438	3543
2439	3514
2440	3544
2441	3666
2442	3772
2443	3639
2444	3491
2445	3520
2446	3578
2447	3799
2448	3293
2449	3440
2450	3269
2451	3430
2452	3583
2453	3775
2454	3607
2455	3642
2456	3382
2457	3682
2458	3694
2459	3612
2460	3773
2461	3725
2462	3616
2463	3497
2464	3331
2465	3603
2466	3749
2467	3589
2468	3542
2469	3554
2470	3680
2471	3729
2472	3723
2473	3673
2474	3521
2475	3528
2476	3620
2477	3691
2478	3781
2479	3685
2480	3988
2481	3516
2482	3875
2483	3682
2484	3828
2485	3912
2486	3662
2487	3715
2488	3845
2489	3938
2490	3956
2491	4026
2492	3936
2493	3774
2494	3764
2495	3858
2496	3726
2497	3752
2498	3526
2499	3704
2500	3770
2501	3657
2502	3655
2503	3569
2504	3710
2505	3607
2506	3754
2507	3629
2508	3704
2509	3402
2510	3530
2511	4025
2512	3991
2513	3594
2514	3982
2515	3769
2516	3745
2517	3592
2518	3657
2519	3656
2520	3731
2521	3709
2522	3683
2523	3775
2524	3645
2525	3496
2526	3621
2527	3811
2528	4287
2529	3605
2530	3779
2531	3661
2532	3806
2533	3502
2534	3837
2535	3618
2536	3792
2537	3772
2538	3772
2539	4038
2540	3716
2541	3552
2542	3698
2543	3442
2544	3482
2545	3596
2546	3545
2547	3837
2548	3774
2549	3466
2550	3671
2551	3397
2552	3579
2553	3641
2554	3510
2555	3432
2556	3466
2557	3896
2558	3551
2559	3850
2560	3789
2561	3547
2562	3687
2563	3804
2564	3546
2565	3546
2566	3755
2567	3518
2568	3725
2569	3519
2570	3666
2571	3609
2572	3464
2573	3540
2574	3574
2575	3307
2576	3548
2577	3438
2578	3664
2579	3434
2580	3747
2581	3409
2582	3504
2583	3507
2584	3498
2585	3567
2586	3482
2587	3492
2588	3517
2589	3305
2590	3403
2591	3447
2592	3239
2593	3453
2594	3357
2595	3307
2596	3365
2597	3365
2598	3444
2599	3707
2600	3404
2601	3263
2602	3319
2603	3247
2604	3225
2605	3364
2606	3277
2607	3214
2608	3458
2609	3282
2610	3307
2611	3232
2612	3543
2613	3415
2614	3334
2615	3481
2616	3363
2617	3325
2618	3277
2619	3312
2620	3259
2621	3270
2622	3364
2623	3180
2624	3222
2625	3206
2626	3234
2627	3334
2628	3393
2629	3152
2630	3284
2631	3235
2632	3323
2633	3655
2634	3386
2635	3613
2636	3240
2637	3352
2638	3383
2639	3303
2640	3527
2641	3275
2642	3388
2643	3598
2644	3480
2645	3436
2646	3534
2647	3370
2648	3338
2649	3363
2650	3245
2651	3181
2652	4191
2653	3743
2654	3878
2655	3501
2656	3530
2657	3287
2658	3248
2659	3235
2660	3210
2661	3420
2662	3264
2663	3056
2664	3238
2665	3532
2666	3292
2667	3269
2668	3118
2669	3509
2670	3114
2671	3463
2672	3454
2673	3080
2674	3090
2675	3442
2676	3470
2677	3449
2678	3613
2679	3635
2680	3426
2681	3343
2682	3369
2683	3360
2684	3369
2685	3514
2686	3479
2687	3327
2688	3269
2689	3437
2690	3532
2691	3716
2692	3236
2693	3309
2694	3367
2695	3550
2696	3372
2697	3483
2698	3378
2699	3486
2700	3709
2701	3669
2702	3842
2703	3519
2704	3850
2705	3452
2706	3419
2707	3561
2708	3719
2709	3939
2710	3933
2711	4321
2712	3445
2713	3236
2714	3111
2715	3168
2716	3500
2717	3535
2718	3430
2719	3713
2720	3769
2721	3702
2722	3666
2723	3421
2724	3353
2725	3191
2726	3260
2727	3324
2728	3135
2729	3299
2730	3388
2731	3314
2732	3161
2733	3364
2734	3271
2735	3318
2736	3563
2737	3388
2738	3379
2739	3363
2740	3313
2741	3460
2742	3419
2743	3307
2744	3415
2745	3424
2746	3409
2747	3071
2748	3300
2749	3546
2750	3063
2751	3094
2752	3105
2753	3113
2754	3128
2755	3447
2756	3065
2757	3122
2758	3332
2759	3013
2760	3246
2761	3331
2762	3244
2763	3280
2764	3411
2765	3090
2766	3335
2767	3384
2768	3121
2769	3241
2770	3543
2771	3101
2772	3125
2773	3285
2774	3290
2775	3279
2776	3273
2777	3128
2778	3432
2779	3140
2780	3333
2781	3456
2782	3361
2783	3187
2784	3131
2785	3193
2786	3115
2787	3095
2788	3377
2789	3281
2790	3286
2791	3202
2792	3197
2793	3115
2794	2872
2795	3276
2796	3061
2797	3121
2798	3367
2799	3220
2800	3010
2801	3396
2802	3176
2803	3142
2804	3058
2805	2875
2806	3303
2807	3208
2808	3159
2809	3143
2810	3145
2811	3112
2812	3159
2813	3243
2814	3207
2815	3329
2816	3157
2817	3172
2818	3366
2819	3428
2820	2956
2821	3337
2822	3299
2823	3611
2824	3166
2825	3661
2826	3232
2827	2948
2828	3372
2829	3223
2830	2858
2831	2965
2832	2978
2833	3003
2834	3145
2835	3230
2836	3202
2837	3174
2838	2871
2839	2988
2840	3059
2841	3125
2842	3100
2843	3134
2844	2959
2845	3200
2846	2945
2847	3117
2848	3170
2849	3156
2850	3050
2851	2901
2852	3192
2853	3297
2854	3304
2855	3397
2856	3536
2857	3319
2858	3357
2859	3401
2860	3521
2861	3610
2862	3812
2863	4282
2864	3515
2865	3547
2866	3124
2867	3134
2868	3392
2869	2894
2870	3319
2871	3205
2872	2565
2873	2951
2874	3029
2875	3238
2876	3068
2877	3109
2878	2982
2879	3271
2880	3110
2881	3005
2882	3101
2883	3024
2884	3041
2885	3063
2886	2984
2887	3095
2888	2931
2889	3016
2890	2989
2891	3011
2892	2945
2893	2984
2894	3011
2895	2804
2896	2610
2897	3024
2898	2950
2899	3043
2900	2857
2901	3119
2902	2813
2903	3057
2904	3126
2905	2914
2906	2863
2907	2746
2908	2767
2909	2700
2910	2724
2911	2687
2912	2802
2913	2659
2914	2802
2915	2783
2916	2661
2917	2729
2918	2933
2919	2898
2920	2987
2921	2808
2922	2555
2923	2582
2924	2710
2925	2608
2926	2879
2927	2620
2928	2662
2929	2683
2930	2643
2931	2759
2932	2597
2933	2865
2934	2730
2935	2612
2936	2850
2937	2690
2938	2533
2939	2562
2940	2860
2941	2637
2942	2863
2943	2789
2944	2738
2945	2610
2946	2609
2947	2636
2948	2527
2949	2812
2950	2651
2951	2573
2952	3014
2953	2594
2954	2655
2955	2675
2956	2658
2957	2466
2958	2524
2959	2701
2960	2593
2961	2644
2962	2705
2963	2754
2964	2849
2965	3002
2966	2643
2967	2872
2968	2697
2969	2777
2970	2671
2971	2731
2972	2703
2973	2727
2974	2796
2975	2958
2976	2808
2977	2770
2978	2542
2979	2882
2980	2505
2981	2923
2982	3016
2983	2613
2984	2717
2985	2740
2986	2730
2987	2791
2988	2603
2989	2843
2990	3125
2991	2869
2992	3073
2993	3032
2994	3051
2995	3000
2996	2900
2997	2955
2998	2644
2999	2999
3000	2810
3001	2802
3002	3041
3003	2792
3004	2968
3005	2944
3006	3086
3007	2954
3008	2637
3009	2890
3010	2851
3011	2723
3012	2675
3013	3113
3014	3003
3015	3016
3016	2937
3017	2789
3018	2924
3019	2928
3020	3094
3021	2906
3022	3049
3023	2840
3024	2855
3025	2816
3026	3039
3027	2742
3028	2959
3029	2572
3030	3005
3031	3156
3032	3227
3033	2810
3034	2795
3035	3021
3036	3092
3037	2912
3038	2791
3039	3213
3040	3050
3041	3037
3042	2928
3043	3159
3044	2773
3045	3198
3046	3168
3047	3132
3048	3356
3049	2999
3050	3107
3051	3112
3052	3322
3053	3097
3054	3016
3055	3173
3056	3380
3057	3315
3058	3585
3059	3339
3060	3055
3061	3382
3062	3336
3063	3190
3064	3127
3065	3150
3066	3128
3067	3243
3068	3202
3069	3084
3070	3060
3071	3224
3072	2977
3073	2983
3074	2760
3075	3105
3076	3260
3077	3393
3078	3052
3079	2770
3080	3202
3081	3109
3082	3224
3083	3096
3084	3083
3085	3178
3086	3063
3087	3283
3088	2978
3089	3169
3090	3055
3091	3077
3092	3212
3093	3242
3094	2884
3095	3165
3096	2980
3097	3241
3098	3124
3099	3005
3100	2941
3101	3176
3102	2967
3103	2949
3104	3252
3105	3137
3106	2971
3107	3591
3108	3053
3109	3073
3110	3020
3111	2696
3112	3018
3113	3163
3114	3223
3115	2991
3116	3051
3117	2840
3118	2885
3119	2868
3120	3204
3121	2792
3122	2756
3123	3157
3124	3162
3125	3187
3126	2872
3127	2766
3128	2961
3129	2908
3130	2667
3131	2804
3132	3114
3133	2856
3134	2721
3135	3097
3136	2922
3137	2933
3138	2993
3139	2730
3140	2891
3141	2970
3142	3107
3143	2771
3144	3450
3145	3022
3146	3274
3147	2998
3148	2868
3149	2880
3150	3039
3151	2956
3152	2866
3153	3036
3154	3011
3155	3009
3156	2993
3157	3333
3158	3068
3159	3289
3160	3201
3161	3375
3162	3307
3163	3181
3164	3390
3165	3388
3166	3594
3167	3600
3168	3546
3169	3019
3170	3135
3171	2857
3172	3053
3173	3035
3174	3015
3175	2820
3176	2915
3177	2851
3178	3095
3179	3187
3180	2791
3181	3007
3182	3024
3183	3110
3184	3112
3185	2969
3186	2914
3187	2986
3188	3134
3189	3080
3190	3172
3191	2907
3192	3009
3193	2932
3194	3092
3195	2717
3196	3135
3197	3062
3198	2876
3199	3059
3200	2887
3201	3007
3202	3073
3203	3177
3204	3044
3205	3253
3206	2958
3207	3153
3208	2908
3209	2881
3210	3249
3211	3215
3212	3164
3213	3031
3214	2856
3215	2993
3216	2915
3217	2928
3218	2945
3219	3022
3220	3215
3221	2902
3222	2936
3223	3197
3224	3089
3225	3014
3226	2987
3227	2796
3228	2795
3229	3034
3230	3077
3231	3030
3232	3038
3233	3243
3234	2869
3235	2929
3236	2842
3237	3282
3238	2953
3239	2901
3240	2830
3241	2920
3242	3090
3243	2884
3244	3152
3245	3089
3246	2906
3247	3007
3248	3019
3249	3240
3250	3098
3251	2999
3252	2766
3253	2681
3254	3034
3255	2902
3256	2993
3257	2948
3258	2900
3259	2725
3260	3001
3261	2873
3262	3195
3263	2879
3264	3027
3265	2836
3266	2900
3267	2807
3268	3108
3269	3217
3270	2819
3271	2665
3272	2963
3273	3217
3274	2827
3275	2839
3276	2885
3277	3061
3278	3007
3279	2904
3280	3076
3281	2849
3282	2788
3283	3002
3284	2984
3285	3066
3286	3161
3287	2884
3288	3170
3289	2849
3290	2855
3291	2987
3292	2843
3293	3098
3294	2915
3295	2813
3296	3069
3297	3052
3298	3227
3299	2907
3300	3151
3301	3132
3302	2840
3303	2908
3304	3223
3305	3133
3306	3178
3307	2951
3308	3109
3309	3011
3310	2855
3311	2813
3312	2789
3313	2925
3314	3045
3315	3005
3316	2798
3317	3184
3318	3219
3319	3135
3320	3048
3321	2898
3322	2979
3323	3051
3324	2992
3325	2820
3326	2781
3327	2897
3328	2986
3329	2859
3330	2949
3331	2916
3332	2708
3333	3119
3334	2876
3335	3054
3336	2857
3337	2864
3338	3094
3339	2959
3340	3168
3341	2828
3342	3094
3343	2773
3344	3104
3345	2808
3346	3054
3347	3043
3348	2866
3349	3294
3350	2982
3351	2957
3352	2675
3353	2843
3354	2762
3355	2892
3356	2946
3357	2604
3358	2586
3359	2907
3360	2767
3361	2786
3362	2653
3363	2600
3364	2228
3365	2781
3366	2630
3367	2792
3368	2876
3369	2924
3370	3117
3371	2566
3372	2789
3373	2782
3374	2794
3375	2567
3376	2722
3377	2550
3378	2755
3379	2757
3380	2746
3381	2375
3382	2489
3383	2677
3384	2617
3385	2495
3386	2756
3387	2541
3388	2435
3389	2670
3390	2467
3391	2699
3392	2588
3393	2417
3394	2568
3395	2642
3396	2649
3397	2563
3398	2608
3399	2572
3400	2592
3401	2633
3402	2587
3403	2557
3404	2536
3405	2701
3406	2575
3407	2749
3408	2456
3409	2489
3410	2716
3411	2591
3412	2536
3413	2500
3414	2779
3415	2556
3416	2633
3417	2678
3418	2604
3419	2756
3420	2637
3421	2840
3422	2777
3423	2625
3424	2496
3425	2550
3426	2734
3427	2887
3428	2552
3429	2644
3430	2488
3431	2580
3432	2681
3433	2539
3434	2665
3435	2781
3436	2582
3437	2549
3438	2660
3439	2697
3440	2723
3441	2812
3442	2754
3443	2797
3444	2743
3445	2560
3446	2525
3447	2558
3448	2424
3449	2521
3450	2462
3451	2438
3452	2461
3453	2419
3454	2424
3455	2727
3456	2646
3457	2531
3458	2498
3459	2537
3460	2744
3461	2295
3462	2769
3463	2719
3464	2309
3465	2412
3466	2406
3467	2315
3468	2500
3469	2408
3470	2341
3471	2604
3472	2328
3473	2655
3474	2473
3475	2599
3476	2525
3477	2348
3478	2475
3479	2463
3480	2506
3481	2526
3482	2244
3483	2356
3484	2409
3485	2493
3486	2446
3487	2527
3488	2677
3489	2566
3490	2655
3491	2415
3492	2384
3493	2308
3494	2548
3495	2595
3496	2531
3497	2410
3498	2233
3499	2459
3500	2334
3501	2302
3502	2472
3503	2509
3504	2419
3505	2271
3506	2221
3507	2315
3508	2298
3509	2205
3510	2447
3511	2451
3512	2157
3513	2389
3514	2356
3515	2229
3516	2435
3517	2541
3518	2273
3519	2224
3520	2323
3521	2279
3522	2257
3523	2207
3524	2476
3525	2380
3526	2418
3527	2372
3528	2577
3529	2153
3530	2404
3531	2231
3532	2548
3533	2448
3534	2245
3535	2315
3536	2592
3537	2335
3538	2496
3539	2198
3540	2329
3541	2475
3542	2031
3543	2216
3544	2506
3545	2287
3546	2486
3547	2376
3548	2447
3549	2409
3550	2410
3551	2320
3552	2313
3553	2215
3554	2265
3555	2148
3556	2381
3557	2319
3558	2256
3559	2390
3560	2238
3561	2285
3562	2592
3563	2173
3564	2229
3565	1990
3566	2237
3567	2179
3568	2105
3569	2408
3570	2343
3571	2344
3572	2404
3573	2348
3574	2479
3575	2212
3576	2281
3577	2316
3578	2517
3579	2334
3580	2379
3581	2230
3582	2457
3583	2489
3584	2295
3585	2421
3586	2199
3587	2314
3588	2250
3589	2218
3590	2257
3591	2348
3592	2345
3593	2447
3594	2492
3595	2634
3596	2207
3597	2404
3598	2388
3599	2237
3600	2581
3601	2273
3602	2578
3603	2362
3604	2485
3605	2516
3606	2362
3607	2294
3608	2416
3609	2664
3610	2539
3611	2294
3612	2533
3613	2465
3614	2453
3615	2475
3616	2620
3617	2485
3618	2518
3619	2864
3620	2406
3621	2656
3622	2722
3623	2550
3624	2399
3625	2518
3626	2536
3627	2545
3628	2542
3629	2854
3630	2307
3631	2545
3632	2326
3633	2393
3634	2606
3635	2414
3636	2589
3637	2615
3638	2485
3639	2653
3640	2704
3641	2621
3642	2853
3643	2752
3644	2650
3645	2735
3646	2844
3647	2557
3648	2760
3649	2455
3650	2385
3651	2462
3652	2476
3653	2365
3654	2341
3655	2597
3656	2447
3657	2539
3658	2677
3659	2377
3660	2520
3661	2419
3662	2179
3663	2694
3664	2546
3665	2450
3666	2351
3667	2509
3668	2600
3669	2378
3670	2500
3671	2468
3672	2292
3673	2563
3674	2511
3675	2612
3676	2495
3677	2849
3678	2765
3679	2772
3680	2456
3681	2615
3682	2631
3683	2360
3684	2493
3685	2662
3686	2650
3687	2486
3688	2552
3689	2607
3690	2483
3691	2497
3692	2205
3693	2631
3694	2620
3695	2247
3696	2499
3697	2605
3698	2550
3699	2752
3700	2853
3701	2605
3702	2581
3703	2599
3704	2533
3705	2588
3706	2488
3707	2685
3708	2649
3709	2264
3710	2648
3711	2612
3712	2626
3713	2619
3714	2658
3715	2737
3716	2817
3717	2629
3718	2721
3719	2395
3720	2455
3721	2235
3722	2368
3723	2441
3724	2373
3725	2335
3726	2472
3727	2348
3728	2181
3729	2385
3730	2313
3731	2189
3732	2060
3733	2328
3734	1989
3735	2274
3736	2472
3737	2520
3738	2372
3739	2405
3740	2274
3741	2175
3742	2202
3743	2174
3744	2454
3745	2439
3746	2281
3747	2326
3748	2234
3749	2156
3750	2342
3751	2273
3752	2416
3753	2367
3754	2160
3755	2391
3756	2574
3757	2322
3758	2363
3759	2374
3760	2313
3761	2087
3762	2161
3763	2104
3764	2272
3765	2011
3766	2107
3767	2543
3768	2572
3769	2486
3770	2307
3771	2392
3772	2441
3773	2679
3774	2306
3775	2238
3776	2194
3777	2284
3778	2305
3779	2268
3780	2138
3781	2242
3782	2474
3783	2327
3784	2357
3785	2160
3786	2175
3787	2266
3788	2390
3789	2379
3790	2286
3791	2281
3792	2205
3793	1976
3794	2154
3795	2136
3796	2123
3797	2128
3798	2295
3799	2336
3800	2242
3801	2561
3802	2172
3803	2488
3804	2064
3805	2491
3806	2673
3807	2253
3808	2132
3809	2336
3810	2491
3811	2433
3812	2450
3813	2064
3814	2144
3815	2216
3816	2206
3817	2222
3818	2242
3819	2585
3820	2364
3821	2437
3822	2225
3823	2052
3824	2048
3825	2023
3826	2104
3827	2233
3828	2489
3829	2552
3830	2606
3831	2204
3832	2041
3833	2126
3834	2242
3835	2152
3836	2079
3837	2130
3838	1916
3839	2112
3840	1956
3841	2039
3842	2162
3843	2032
3844	1976
3845	2096
3846	2060
3847	2227
3848	2283
3849	2071
3850	2210
3851	2130
3852	2134
3853	2124
3854	2118
3855	1988
3856	2131
3857	1939
3858	1938
3859	2073
3860	1898
3861	2231
3862	2049
3863	2004
3864	2054
3865	1941
3866	1811
3867	2021
3868	1866
3869	2010
3870	2025
3871	1936
3872	2084
3873	1947
3874	2107
3875	2053
3876	2163
3877	1955
3878	2228
3879	2048
3880	2169
3881	2041
3882	2117
3883	2045
3884	2037
3885	2155
3886	2089
3887	1991
3888	1848
3889	1889
3890	1931
3891	2065
3892	2179
3893	1924
3894	2223
3895	2188
3896	2064
3897	2070
3898	2220
3899	2001
3900	2025
3901	2175
3902	2077
3903	1968
3904	2121
3905	2111
3906	2088
3907	1882
3908	2089
3909	2215
3910	2073
3911	1986
3912	2231
3913	2041
3914	2080
3915	2064
3916	1914
3917	2238
3918	1864
3919	2012
3920	2285
3921	2126
3922	2066
3923	2011
3924	2128
3925	2234
3926	2178
3927	2225
3928	2118
3929	2472
3930	2172
3931	2173
3932	2181
3933	2073
3934	2149
3935	2113
3936	2302
3937	2147
3938	2328
3939	1979
3940	2135
3941	2076
3942	2319
3943	2475
3944	2131
3945	2036
3946	2500
3947	2209
3948	2179
3949	2166
3950	2059
3951	2166
3952	2184
3953	2217
3954	2049
3955	2527
3956	2353
3957	2492
3958	2319
3959	2385
3960	2309
3961	2350
3962	2103
3963	2527
3964	2696
3965	2528
3966	2820
3967	2453
3968	2221
3969	2280
3970	2206
3971	2380
3972	2307
3973	2298
3974	2631
3975	2482
3976	2420
3977	2652
3978	2369
3979	2436
3980	2384
3981	2525
3982	2265
3983	2399
3984	2440
3985	2607
3986	2326
3987	2785
3988	2644
3989	2411
3990	2579
3991	2353
3992	2271
3993	2364
3994	2391
3995	2708
3996	2409
3997	2662
3998	2381
3999	2698
4000	2652
4001	2348
4002	2597
4003	2363
4004	2545
4005	2418
4006	2546
4007	2486
4008	2375
4009	2662
4010	2850
4011	2592
4012	2729
4013	2661
4014	2601
4015	2839
4016	2641
4017	2983
4018	2805
4019	2985
4020	2735
4021	2829
4022	2560
4023	2746
4024	2758
4025	2729
4026	2781
4027	2697
4028	2783
4029	2510
4030	2773
4031	2746
4032	2763
4033	2789
4034	3147
4035	3362
4036	2756
4037	2885
4038	2952
4039	2424
4040	2461
4041	2732
4042	2522
4043	2526
4044	2554
4045	3021
4046	2808
4047	2868
4048	2770
4049	2544
4050	2646
4051	2289
4052	2629
4053	2446
4054	2330
4055	2611
4056	2719
4057	2320
4058	2548
4059	2418
4060	2578
4061	2284
4062	2614
4063	2635
4064	2648
4065	2784
4066	2558
4067	2783
4068	2703
4069	2430
4070	2530
4071	2599
4072	2733
4073	2525
4074	2438
4075	2135
4076	2371
4077	2639
4078	2374
4079	2639
4080	2489
4081	2500
4082	2415
4083	2609
4084	2410
4085	2527
4086	2414
4087	2604
4088	2266
4089	2422
4090	2336
4091	2350
4092	2475
4093	2375
4094	2506
4095	2448
4096	2461
4097	2502
4098	2657
4099	2541
4100	2764
4101	2489
4102	2326
4103	2597
4104	2181
4105	2303
4106	2415
4107	2437
4108	2171
4109	2471
4110	2067
4111	2490
4112	2103
4113	2325
4114	2309
4115	2346
4116	2243
4117	2432
4118	2282
4119	2417
4120	2259
4121	2184
4122	2380
4123	2396
4124	2457
4125	2513
4126	2288
4127	2346
4128	2048
4129	2308
4130	2047
4131	2257
4132	2301
4133	2151
4134	2204
4135	2059
4136	2191
4137	2052
4138	1952
4139	2194
4140	2072
4141	2224
4142	2172
4143	2036
4144	2330
4145	2112
4146	2137
4147	2252
4148	2092
4149	2073
4150	2062
4151	1974
4152	2134
4153	2364
4154	1899
4155	1896
4156	2001
4157	1804
4158	2076
4159	2023
4160	2134
4161	1848
4162	1889
4163	1998
4164	1969
4165	1993
4166	1817
4167	2012
4168	2197
4169	2029
4170	1971
4171	1970
4172	2101
4173	2152
4174	1792
4175	1947
4176	2048
4177	1929
4178	1961
4179	1889
4180	1888
4181	1915
4182	2012
4183	2047
4184	2100
4185	1996
4186	2021
4187	1997
4188	2198
4189	1927
4190	1903
4191	1890
4192	1916
4193	1982
4194	1797
4195	1831
4196	1928
4197	2039
4198	1871
4199	1908
4200	1782
4201	1955
4202	1994
4203	1979
4204	2083
4205	1952
4206	2012
4207	1982
4208	1915
4209	2070
4210	1920
4211	2096
4212	1916
4213	1970
4214	1929
4215	1735
4216	2062
4217	1766
4218	2054
4219	1887
4220	1986
4221	1789
4222	1886
4223	1903
4224	1593
4225	2097
4226	1948
4227	2177
4228	2157
4229	1954
4230	1992
4231	2053
4232	2024
4233	1879
4234	1937
4235	2076
4236	2035
4237	2021
4238	1873
4239	2063
4240	2122
4241	1861
4242	1968
4243	2072
4244	1942
4245	2070
4246	1919
4247	2120
4248	1991
4249	1926
4250	1961
4251	1913
4252	1949
4253	1995
4254	1921
4255	1879
4256	2095
4257	1936
4258	1945
4259	1925
4260	2017
4261	1860
4262	1857
4263	2217
4264	2357
4265	2149
4266	2002
4267	2035
4268	2066
4269	1950
4270	2078
4271	2098
4272	2014
4273	2214
4274	1987
4275	2245
4276	2105
4277	2065
4278	2078
4279	2103
4280	1902
4281	2178
4282	1843
4283	1979
4284	2065
4285	1833
4286	2117
4287	1982
4288	1986
4289	2036
4290	1982
4291	2056
4292	2115
4293	1899
4294	2123
4295	2263
4296	2215
4297	2105
4298	2290
4299	2128
4300	2084
4301	2022
4302	1912
4303	2084
4304	1950
4305	1955
4306	1999
4307	1913
4308	2012
4309	1970
4310	2069
4311	2036
4312	2005
4313	1863
4314	1951
4315	1770
4316	2055
4317	1780
4318	1992
4319	1929
4320	1604
4321	1843
4322	1648
4323	1788
4324	1828
4325	1815
4326	1743
4327	1704
4328	1891
4329	1702
4330	1847
4331	1688
4332	1818
4333	1799
4334	1807
4335	1699
4336	1895
4337	1676
4338	1880
4339	1727
4340	1795
4341	1756
4342	1752
4343	1797
4344	1828
4345	1561
4346	1696
4347	1661
4348	1680
4349	1893
4350	1770
4351	1649
4352	2004
4353	1919
4354	1713
4355	2034
4356	2063
4357	1752
4358	1859
4359	1774
4360	1876
4361	1836
4362	1738
4363	1752
4364	1684
4365	1749
4366	1673
4367	1775
4368	1463
4369	1710
4370	1739
4371	1764
4372	1697
4373	1791
4374	1752
4375	1675
4376	1810
4377	1662
4378	1841
4379	1647
4380	1755
4381	1764
4382	1668
4383	1569
4384	1886
4385	1621
4386	1523
4387	1729
4388	1720
4389	1580
4390	1722
4391	1598
4392	1839
4393	1480
4394	1671
4395	1739
4396	1654
4397	1559
4398	1649
4399	1599
4400	1765
4401	1740
4402	1910
4403	1613
4404	1742
4405	1764
4406	1675
4407	1889
4408	1648
4409	1650
4410	1711
4411	1748
4412	1928
4413	1721
4414	1965
4415	1597
4416	1578
4417	1714
4418	1658
4419	1813
4420	1838
4421	1742
4422	1787
4423	1701
4424	1761
4425	1572
4426	1775
4427	1700
4428	1668
4429	1746
4430	1628
4431	1669
4432	1578
4433	1536
4434	1658
4435	1724
4436	1628
4437	1450
4438	1768
4439	1717
4440	1516
4441	1690
4442	1508
4443	1587
4444	1621
4445	1637
4446	1664
4447	1648
4448	1592
4449	1571
4450	1611
4451	1582
4452	1750
4453	1563
4454	1526
4455	1451
4456	1631
4457	1659
4458	1632
4459	1836
4460	1487
4461	1510
4462	1687
4463	1743
4464	1798
4465	1594
4466	1607
4467	1638
4468	1744
4469	1776
4470	1781
4471	1563
4472	1814
4473	1680
4474	1698
4475	1410
4476	1844
4477	1924
4478	1691
4479	1656
4480	1732
4481	1524
4482	1659
4483	1830
4484	1763
4485	1537
4486	1686
4487	1819
4488	1651
4489	1557
4490	1750
4491	1775
4492	1772
4493	1745
4494	1633
4495	1566
4496	1752
4497	1835
4498	1712
4499	1744
4500	1668
4501	1805
4502	1594
4503	1627
4504	1747
4505	1661
4506	1661
4507	1699
4508	1729
4509	1856
4510	1757
4511	1592
4512	1767
4513	1870
4514	1946
4515	1648
4516	1826
4517	1710
4518	1743
4519	1504
4520	1832
4521	1857
4522	1813
4523	1699
4524	1647
4525	1964
4526	1971
4527	1642
4528	1836
4529	1708
4530	1684
4531	1616
4532	1673
4533	1751
4534	1625
4535	1711
4536	1834
4537	1588
4538	1483
4539	1829
4540	1664
4541	1685
4542	1658
4543	1621
4544	1759
4545	1730
4546	1785
4547	1623
4548	1545
4549	1893
4550	1578
4551	1692
4552	1654
4553	1689
4554	1644
4555	1715
4556	1758
4557	1647
4558	1616
4559	1494
4560	1647
4561	1622
4562	1847
4563	1614
4564	1342
4565	1594
4566	1529
4567	1548
4568	1582
4569	1584
4570	1732
4571	1502
4572	1590
4573	1371
4574	1488
4575	1532
4576	1691
4577	1322
4578	1751
4579	1631
4580	1661
4581	1708
4582	1628
4583	1728
4584	1513
4585	1685
4586	1641
4587	1666
4588	1736
4589	1749
4590	1646
4591	1623
4592	1593
4593	1588
4594	1497
4595	1616
4596	1441
4597	1615
4598	1582
4599	1724
4600	1654
4601	1636
4602	1407
4603	1710
4604	1442
4605	1707
4606	1786
4607	1593
4608	1769
4609	1489
4610	1809
4611	1651
4612	1638
4613	2043
4614	1694
4615	1773
4616	1763
4617	1719
4618	1661
4619	1839
4620	1906
4621	1709
4622	1663
4623	1636
4624	1774
4625	1805
4626	1748
4627	1878
4628	1594
4629	1610
4630	1650
4631	1773
4632	1873
4633	1811
4634	1706
4635	1790
4636	1680
4637	1718
4638	1569
4639	1785
4640	1617
4641	1603
4642	1674
4643	1796
4644	1894
4645	1738
4646	1599
4647	1632
4648	1829
4649	1555
4650	1846
4651	1676
4652	1743
4653	1621
4654	1674
4655	1616
4656	1643
4657	1584
4658	1657
4659	1823
4660	1827
4661	1651
4662	1565
4663	1709
4664	1499
4665	1434
4666	1564
4667	1751
4668	1645
4669	1524
4670	1780
4671	1617
4672	1748
4673	1614
4674	1763
4675	1663
4676	1630
4677	1878
4678	1545
4679	1641
4680	1523
4681	1651
4682	1561
4683	1796
4684	1607
4685	1644
4686	1613
4687	1705
4688	1643
4689	1672
4690	1467
4691	1613
4692	1664
4693	1709
4694	1752
4695	1709
4696	1543
4697	1680
4698	1498
4699	1605
4700	1552
4701	1479
4702	1778
4703	1839
4704	1689
4705	1693
4706	1593
4707	1545
4708	1541
4709	1703
4710	1667
4711	1619
4712	1546
4713	1540
4714	1514
4715	1529
4716	1729
4717	1466
4718	1494
4719	1829
4720	1513
4721	1531
4722	1538
4723	1570
4724	1630
4725	1343
4726	1327
4727	1477
4728	1366
4729	1486
4730	1669
4731	1565
4732	1697
4733	1570
4734	1480
4735	1552
4736	1668
4737	1584
4738	1491
4739	1560
4740	1614
4741	1561
4742	1656
4743	1517
4744	1550
4745	1517
4746	1544
4747	1512
4748	1562
4749	1433
4750	1312
4751	1541
4752	1563
4753	1415
4754	1491
4755	1581
4756	1520
4757	1554
4758	1583
4759	1647
4760	1468
4761	1674
4762	1672
4763	1553
4764	1690
4765	1742
4766	1681
4767	1656
4768	1554
4769	1495
4770	1370
4771	1574
4772	1549
4773	1504
4774	1381
4775	1525
4776	1638
4777	1405
4778	1518
4779	1466
4780	1482
4781	1421
4782	1442
4783	1401
4784	1664
4785	1565
4786	1600
4787	1445
4788	1618
4789	1383
4790	1457
4791	1448
4792	1624
4793	1589
4794	1610
4795	1483
4796	1583
4797	1451
4798	1515
4799	1380
4800	1560
4801	1384
4802	1483
4803	1519
4804	1563
4805	1453
4806	1585
4807	1464
4808	1416
4809	1462
4810	1426
4811	1480
4812	1325
4813	1445
4814	1381
4815	1668
4816	1545
4817	1524
4818	1427
4819	1621
4820	1619
4821	1533
4822	1720
4823	1494
4824	1424
4825	1428
4826	1507
4827	1413
4828	1490
4829	1514
4830	1493
4831	1608
4832	1548
4833	1483
4834	1452
4835	1488
4836	1440
4837	1556
4838	1345
4839	1616
4840	1514
4841	1513
4842	1616
4843	1468
4844	1444
4845	1447
4846	1515
4847	1668
4848	1465
4849	1303
4850	1456
4851	1480
4852	1568
4853	1493
4854	1533
4855	1468
4856	1432
4857	1521
4858	1555
4859	1545
4860	1303
4861	1494
4862	1526
4863	1385
4864	1476
4865	1552
4866	1558
4867	1547
4868	1397
4869	1615
4870	1554
4871	1376
4872	1430
4873	1368
4874	1632
4875	1533
4876	1349
4877	1462
4878	1641
4879	1363
4880	1502
4881	1533
4882	1307
4883	1520
4884	1429
4885	1317
4886	1408
4887	1431
4888	1427
4889	1484
4890	1616
4891	1355
4892	1364
4893	1466
4894	1397
4895	1469
4896	1456
4897	1349
4898	1464
4899	1297
4900	1473
4901	1363
4902	1577
4903	1482
4904	1515
4905	1575
4906	1636
4907	1606
4908	1592
4909	1489
4910	1673
4911	1698
4912	1384
4913	1517
4914	1388
4915	1703
4916	1568
4917	1632
4918	1584
4919	1510
4920	1511
4921	1446
4922	1615
4923	1555
4924	1462
4925	1607
4926	1279
4927	1617
4928	1495
4929	1470
4930	1484
4931	1538
4932	1648
4933	1614
4934	1686
4935	1449
4936	1659
4937	1790
4938	1485
4939	1690
4940	1705
4941	1429
4942	1745
4943	1486
4944	1560
4945	1534
4946	1637
4947	1523
4948	1583
4949	1680
4950	1571
4951	1571
4952	1559
4953	1622
4954	1682
4955	1631
4956	1610
4957	1769
4958	1835
4959	1529
4960	1487
4961	1674
4962	1540
4963	1501
4964	1572
4965	1612
4966	1439
4967	1607
4968	1710
4969	1792
4970	1669
4971	1507
4972	1604
4973	1525
4974	1556
4975	1571
4976	1302
4977	1796
4978	1698
4979	1666
4980	1440
4981	1473
4982	1491
4983	1583
4984	1437
4985	1623
4986	1629
4987	1690
4988	1774
4989	1676
4990	1514
4991	1467
4992	1468
4993	1557
4994	1632
4995	1530
4996	1523
4997	1716
4998	1521
4999	1517
5000	1533
5001	1536
5002	1548
5003	1671
5004	1596
5005	1552
5006	1415
5007	1430
5008	1596
5009	1540
5010	1558
5011	1494
5012	1547
5013	1591
5014	1470
5015	1507
5016	1609
5017	1629
5018	1475
5019	1428
5020	1194
5021	1471
5022	1459
5023	1301
5024	1403
5025	1526
5026	1397
5027	1540
5028	1508
5029	1464
5030	1343
5031	1549
5032	1602
5033	1536
5034	1433
5035	1501
5036	1529
5037	1717
5038	1422
5039	1489
5040	1387
5041	1361
5042	1508
5043	1357
5044	1434
5045	1350
5046	1381
5047	1568
5048	1611
5049	1398
5050	1388
5051	1435
5052	1402
5053	1377
5054	1281
5055	1228
5056	1418
5057	1343
5058	1405
5059	1437
5060	1294
5061	1490
5062	1318
5063	1289
5064	1304
5065	1447
5066	1504
5067	1282
5068	1408
5069	1348
5070	1508
5071	1480
5072	1495
5073	1280
5074	1445
5075	1511
5076	1512
5077	1300
5078	1403
5079	1600
5080	1328
5081	1505
5082	1552
5083	1294
5084	1361
5085	1438
5086	1387
5087	1454
5088	1449
5089	1418
5090	1439
5091	1412
5092	1435
5093	1479
5094	1391
5095	1591
5096	1388
5097	1550
5098	1401
5099	1373
5100	1336
5101	1526
5102	1462
5103	1575
5104	1420
5105	1443
5106	1292
5107	1353
5108	1400
5109	1375
5110	1560
5111	1592
5112	1421
5113	1398
5114	1458
5115	1396
5116	1319
5117	1455
5118	1264
5119	1412
5120	1508
5121	1568
5122	1429
5123	1469
5124	1624
5125	1450
5126	1599
5127	1526
5128	1267
5129	1489
5130	1296
5131	1439
5132	1598
5133	1472
5134	1309
5135	1432
5136	1315
5137	1640
5138	1638
5139	1632
5140	1582
5141	1424
5142	1379
5143	1388
5144	1629
5145	1355
5146	1499
5147	1510
5148	1402
5149	1515
5150	1574
5151	1435
5152	1492
5153	1356
5154	1489
5155	1392
5156	1408
5157	1333
5158	1628
5159	1563
5160	1578
5161	1661
5162	1670
5163	1474
5164	1479
5165	1581
5166	1399
5167	1386
5168	1442
5169	1426
5170	1406
5171	1444
5172	1384
5173	1512
5174	1417
5175	1292
5176	1464
5177	1450
5178	1492
5179	1575
5180	1335
5181	1351
5182	1542
5183	1456
5184	1629
5185	1612
5186	1584
5187	1534
5188	1480
5189	1624
5190	1584
5191	1350
5192	1431
5193	1487
5194	1472
5195	1480
5196	1328
5197	1384
5198	1508
5199	1543
5200	1390
5201	1440
5202	1453
5203	1377
5204	1332
5205	1416
5206	1467
5207	1480
5208	1399
5209	1376
5210	1453
5211	1461
5212	1475
5213	1475
5214	1425
5215	1500
5216	1668
5217	1317
5218	1337
5219	1292
5220	1430
5221	1541
5222	1466
5223	1510
5224	1337
5225	1350
5226	1339
5227	1556
5228	1385
5229	1349
5230	1391
5231	1434
5232	1430
5233	1364
5234	1404
5235	1456
5236	1304
5237	1420
5238	1438
5239	1451
5240	1569
5241	1315
5242	1503
5243	1554
5244	1497
5245	1650
5246	1551
5247	1466
5248	1573
5249	1485
5250	1370
5251	1344
5252	1371
5253	1383
5254	1429
5255	1623
5256	1411
5257	1403
5258	1386
5259	1533
5260	1380
5261	1404
5262	1318
5263	1539
5264	1555
5265	1490
5266	1507
5267	1448
5268	1441
5269	1482
5270	1453
5271	1492
5272	1414
5273	1362
5274	1527
5275	1412
5276	1491
5277	1567
5278	1436
5279	1627
5280	1412
5281	1434
5282	1318
5283	1323
5284	1289
5285	1484
5286	1374
5287	1543
5288	1504
5289	1552
5290	1377
5291	1423
5292	1464
5293	1435
5294	1439
5295	1328
5296	1428
5297	1392
5298	1381
5299	1379
5300	1446
5301	1398
5302	1313
5303	1397
5304	1429
5305	1349
5306	1334
5307	1246
5308	1505
5309	1304
5310	1445
5311	1358
5312	1479
5313	1406
5314	1300
5315	1276
5316	1322
5317	1328
5318	1374
5319	1388
5320	1424
5321	1348
5322	1265
5323	1420
5324	1285
5325	1249
5326	1311
5327	1425
5328	1442
5329	1326
5330	1320
5331	1518
5332	1441
5333	1169
5334	1399
5335	1196
5336	1272
5337	1363
5338	1429
5339	1279
5340	1340
5341	1282
5342	1290
5343	1270
5344	1472
5345	1243
5346	1326
5347	1407
5348	1304
5349	1359
5350	1391
5351	1539
5352	1369
5353	1372
5354	1305
5355	1319
5356	1515
5357	1313
5358	1303
5359	1144
5360	1317
5361	1291
5362	1141
5363	1236
5364	1204
5365	1320
5366	1322
5367	1375
5368	1137
5369	1305
5370	1230
5371	1324
5372	1338
5373	1264
5374	1219
5375	1279
5376	1434
5377	1385
5378	1134
5379	1264
5380	1289
5381	1261
5382	1216
5383	1252
5384	1258
5385	1199
5386	1261
5387	1113
5388	1198
5389	1347
5390	1261
5391	1315
5392	1366
5393	1419
5394	1266
5395	1314
5396	1342
5397	1250
5398	1136
5399	1134
5400	1246
5401	1181
5402	1363
5403	1212
5404	1168
5405	1256
5406	1316
5407	1305
5408	1376
5409	1270
5410	1245
5411	1314
5412	1352
5413	1182
5414	1345
5415	1242
5416	1365
5417	1282
5418	1264
5419	1341
5420	1464
5421	1401
5422	1245
5423	1605
5424	1296
5425	1352
5426	1494
5427	1473
5428	1542
5429	1363
5430	1258
5431	1428
5432	1349
5433	1245
5434	1484
5435	1290
5436	1468
5437	1335
5438	1430
5439	1374
5440	1142
5441	1342
5442	1381
5443	1321
5444	1290
5445	1286
5446	1392
5447	1503
5448	1383
5449	1249
5450	1349
5451	1442
5452	1334
5453	1463
5454	1528
5455	1340
5456	1413
5457	1511
5458	1476
5459	1383
5460	1351
5461	1311
5462	1286
5463	1231
5464	1489
5465	1382
5466	1384
5467	1289
5468	1305
5469	1356
5470	1550
5471	1451
5472	1329
5473	1346
5474	1440
5475	1634
5476	1430
5477	1442
5478	1530
5479	1547
5480	1432
5481	1315
5482	1464
5483	1447
5484	1399
5485	1441
5486	1439
5487	1577
5488	1472
5489	1406
5490	1393
5491	1447
5492	1424
5493	1537
5494	1333
5495	1340
5496	1614
5497	1392
5498	1385
5499	1510
5500	1354
5501	1408
5502	1390
5503	1516
5504	1473
5505	1468
5506	1655
5507	1493
5508	1481
5509	1473
5510	1406
5511	1475
5512	1418
5513	1311
5514	1479
5515	1417
5516	1599
5517	1575
5518	1334
5519	1448
5520	1562
5521	1458
5522	1590
5523	1529
5524	1784
5525	1481
5526	1484
5527	1646
5528	1409
5529	1527
5530	1526
5531	1469
5532	1539
5533	1406
5534	1371
5535	1499
5536	1493
5537	1638
5538	1507
5539	1285
5540	1306
5541	1659
5542	1557
5543	1461
5544	1452
5545	1348
5546	1589
5547	1389
5548	1461
5549	1271
5550	1337
5551	1237
5552	1591
5553	1472
5554	1500
5555	1526
5556	1461
5557	1400
5558	1544
5559	1299
5560	1500
5561	1510
5562	1256
5563	1398
5564	1444
5565	1436
5566	1445
5567	1335
5568	1325
5569	1539
5570	1280
5571	1326
5572	1368
5573	1564
5574	1262
5575	1595
5576	1408
5577	1428
5578	1416
5579	1492
5580	1396
5581	1552
5582	1331
5583	1368
5584	1575
5585	1266
5586	1443
5587	1336
5588	1412
5589	1475
5590	1415
5591	1307
5592	1425
5593	1481
5594	1371
5595	1515
5596	1302
5597	1233
5598	1469
5599	1370
5600	1409
5601	1428
5602	1419
5603	1402
5604	1529
5605	1388
5606	1398
5607	1398
5608	1261
5609	1319
5610	1450
5611	1491
5612	1387
5613	1336
5614	1602
5615	1413
5616	1382
5617	1227
5618	1419
5619	1285
5620	1380
5621	1385
5622	1404
5623	1371
5624	1292
5625	1386
5626	1603
5627	1382
5628	1487
5629	1461
5630	1401
5631	1390
5632	1455
5633	1346
5634	1582
5635	1411
5636	1386
5637	1453
5638	1362
5639	1277
5640	1389
5641	1385
5642	1430
5643	1352
5644	1390
5645	1359
5646	1541
5647	1565
5648	1368
5649	1421
5650	1365
5651	1569
5652	1443
5653	1298
5654	1211
5655	1218
5656	1433
5657	1392
5658	1444
5659	1375
5660	1357
5661	1528
5662	1379
5663	1460
5664	1489
5665	1360
5666	1418
5667	1238
5668	1382
5669	1124
5670	1109
5671	1331
5672	1233
5673	1313
5674	1324
5675	1385
5676	1361
5677	1143
5678	1282
5679	1506
5680	1369
5681	1388
5682	1275
5683	1270
5684	1227
5685	1287
5686	1331
5687	1372
5688	1272
5689	1350
5690	1257
5691	1196
5692	1335
5693	1094
5694	1454
5695	1296
5696	1237
5697	1299
5698	1318
5699	1080
5700	1413
5701	1361
5702	1183
5703	1358
5704	1376
5705	1305
5706	1313
5707	1146
5708	1235
5709	1229
5710	1273
5711	1347
5712	1394
5713	1381
5714	1359
5715	1258
5716	1226
5717	1230
5718	1131
5719	1180
5720	1177
5721	1284
5722	1302
5723	1360
5724	1226
5725	1199
5726	1200
5727	1355
5728	1317
5729	1337
5730	1321
5731	1270
5732	1196
5733	1063
5734	1215
5735	1015
5736	1236
5737	1081
5738	1111
5739	1176
5740	1203
5741	1238
5742	1217
5743	1210
5744	1305
5745	1275
5746	1243
5747	1142
5748	1405
5749	1257
5750	1133
5751	1167
5752	1172
5753	1249
5754	1152
5755	1335
5756	1110
5757	1183
5758	1201
5759	1189
5760	1128
5761	1261
5762	1102
5763	988
5764	1151
5765	1261
5766	1206
5767	1263
5768	1226
5769	1188
5770	1183
5771	1346
5772	1221
5773	1188
5774	1342
5775	1356
5776	1072
5777	1153
5778	1366
5779	1331
5780	1137
5781	1070
5782	1148
5783	1010
5784	1160
5785	1289
5786	1281
5787	1162
5788	1015
5789	1100
5790	1191
5791	1199
5792	1174
5793	1129
5794	1163
5795	1147
5796	1061
5797	1155
5798	1114
5799	1184
5800	1313
5801	1250
5802	1153
5803	1236
5804	1150
5805	1050
5806	1117
5807	1100
5808	1218
5809	1222
5810	1224
5811	1137
5812	1172
5813	1157
5814	1295
5815	1473
5816	1253
5817	1269
5818	1420
5819	1196
5820	1154
5821	1140
5822	1193
5823	1248
5824	1139
5825	1231
5826	1303
5827	1247
5828	1320
5829	1367
5830	1142
5831	1247
5832	1410
5833	1224
5834	1316
5835	1236
5836	1339
5837	1392
5838	1075
5839	1359
5840	1203
5841	1261
5842	1273
5843	1268
5844	1216
5845	1199
5846	1171
5847	1244
5848	1289
5849	1205
5850	1353
5851	1314
5852	1306
5853	1140
5854	1092
5855	1266
5856	1225
5857	1266
5858	1156
5859	1206
5860	1147
5861	1325
5862	1153
5863	1218
5864	1081
5865	1158
5866	1223
5867	1393
5868	1186
5869	1213
5870	1090
5871	1358
5872	1127
5873	1163
5874	1251
5875	1302
5876	1222
5877	1370
5878	1122
5879	1224
5880	1282
5881	1227
5882	1224
5883	1173
5884	1399
5885	1305
5886	1264
5887	1194
5888	1188
5889	1290
5890	1233
5891	1335
5892	1293
5893	1118
5894	1262
5895	1132
5896	1159
5897	1181
5898	1429
5899	1289
5900	1246
5901	1307
5902	1214
5903	1181
5904	1172
5905	1317
5906	1301
5907	1386
5908	1079
5909	1225
5910	1141
5911	1481
5912	1105
5913	1180
5914	1129
5915	1332
5916	1263
5917	1345
5918	1149
5919	1166
5920	1124
5921	1193
5922	1113
5923	1287
5924	1146
5925	1117
5926	1114
5927	1192
5928	1281
5929	1355
5930	1307
5931	1416
5932	1292
5933	1158
5934	1109
5935	1156
5936	1119
5937	1195
5938	1348
5939	1119
5940	1155
5941	1245
5942	1138
5943	1179
5944	1019
5945	1058
5946	1136
5947	1132
5948	1135
5949	1226
5950	1123
5951	1107
5952	1291
5953	1149
5954	1178
5955	1178
5956	1227
5957	1196
5958	1249
5959	1162
5960	1099
5961	1106
5962	1182
5963	1106
5964	1119
5965	1099
5966	1287
5967	1184
5968	1140
5969	1082
5970	1186
5971	1159
5972	1152
5973	1266
5974	1188
5975	1189
5976	1227
5977	1117
5978	1254
5979	1296
5980	1189
5981	917
5982	1132
5983	1089
5984	1150
5985	1198
5986	1208
5987	1145
5988	1215
5989	1177
5990	1038
5991	1039
5992	1124
5993	1104
5994	1025
5995	1074
5996	1019
5997	1090
5998	1076
5999	1139
6000	1187
6001	1161
6002	1293
6003	1060
6004	1143
6005	1190
6006	1186
6007	1149
6008	1194
6009	1273
6010	1256
6011	1232
6012	1155
6013	1265
6014	1226
6015	991
6016	1135
6017	1321
6018	1178
6019	1185
6020	1261
6021	1270
6022	1201
6023	1147
6024	905
6025	1151
6026	1138
6027	1141
6028	1188
6029	1060
6030	1126
6031	1158
6032	1151
6033	1168
6034	1127
6035	1091
6036	1110
6037	1124
6038	1063
6039	1121
6040	1099
6041	954
6042	1133
6043	1174
6044	1036
6045	1261
6046	1121
6047	1083
6048	1209
6049	1144
6050	1135
6051	1151
6052	1002
6053	1048
6054	1099
6055	1123
6056	964
6057	1147
6058	1088
6059	892
6060	981
6061	1164
6062	1017
6063	1148
6064	1054
6065	1172
6066	1159
6067	1129
6068	1235
6069	1092
6070	1269
6071	1191
6072	1223
6073	1251
6074	1196
6075	1219
6076	1171
6077	1123
6078	1052
6079	1152
6080	992
6081	1151
6082	1125
6083	1048
6084	1165
6085	1014
6086	986
6087	1198
6088	1127
6089	1109
6090	1170
6091	1328
6092	1290
6093	1141
6094	1150
6095	1031
6096	1210
6097	1138
6098	1193
6099	1085
6100	1080
6101	1172
6102	1193
6103	1250
6104	1045
6105	965
6106	1003
6107	980
6108	1043
6109	1065
6110	1051
6111	1178
6112	1005
6113	1130
6114	1088
6115	1195
6116	1151
6117	1001
6118	1133
6119	1130
6120	1120
6121	1007
6122	1099
6123	999
6124	1101
6125	1267
6126	1200
6127	1188
6128	1142
6129	1220
6130	1077
6131	1098
6132	1166
6133	1183
6134	1176
6135	1187
6136	1086
6137	1075
6138	1270
6139	1093
6140	1031
6141	1055
6142	1083
6143	1039
6144	1089
6145	1118
6146	1060
6147	1157
6148	1149
6149	1119
6150	1039
6151	1022
6152	1213
6153	1158
6154	1150
6155	1034
6156	1196
6157	1190
6158	1105
6159	1147
6160	1055
6161	979
6162	1096
6163	1104
6164	1098
6165	1105
6166	1098
6167	1163
6168	1060
6169	1001
6170	1122
6171	1201
6172	1044
6173	1021
6174	1187
6175	1094
6176	1135
6177	1083
6178	999
6179	1054
6180	1014
6181	996
6182	1034
6183	1053
6184	1024
6185	1028
6186	919
6187	1135
6188	1150
6189	1118
6190	1047
6191	1056
6192	892
6193	978
6194	1044
6195	1083
6196	1231
6197	1155
6198	1035
6199	964
6200	1080
6201	995
6202	1030
6203	1060
6204	1112
6205	921
6206	896
6207	949
6208	1268
6209	1010
6210	1179
6211	1022
6212	1035
6213	1107
6214	1034
6215	1048
6216	1246
6217	999
6218	1124
6219	1111
6220	1101
6221	1223
6222	1231
6223	1105
6224	1128
6225	1042
6226	977
6227	1065
6228	1023
6229	982
6230	1131
6231	1123
6232	1055
6233	1081
6234	1069
6235	1085
6236	1039
6237	1023
6238	1149
6239	1133
6240	1161
6241	1232
6242	1181
6243	1234
6244	1075
6245	1173
6246	1036
6247	1238
6248	1226
6249	1069
6250	1254
6251	1189
6252	1114
6253	1046
6254	1107
6255	1202
6256	1133
6257	1187
6258	1057
6259	1235
6260	1146
6261	1104
6262	927
6263	1197
6264	1023
6265	1345
6266	1359
6267	1247
6268	1250
6269	1259
6270	1091
6271	1188
6272	1194
6273	1289
6274	1415
6275	1174
6276	1122
6277	1188
6278	1257
6279	1146
6280	1251
6281	1017
6282	1008
6283	1225
6284	1170
6285	1126
6286	1142
6287	1044
6288	1068
6289	1072
6290	1159
6291	1413
6292	1207
6293	1369
6294	1314
6295	1451
6296	1404
6297	1156
6298	1146
6299	1343
6300	1188
6301	1309
6302	1244
6303	1188
6304	1309
6305	1210
6306	1135
6307	1093
6308	1148
6309	1236
6310	1118
6311	1270
6312	1369
6313	1258
6314	1108
6315	1201
6316	1149
6317	1122
6318	1215
6319	1225
6320	1207
6321	1402
6322	1253
6323	1092
6324	1283
6325	1010
6326	1299
6327	1248
6328	1161
6329	1361
6330	1201
6331	1147
6332	1133
6333	1123
6334	1021
6335	1079
6336	1028
6337	1286
6338	941
6339	1220
6340	1160
6341	1180
6342	1247
6343	1096
6344	1109
6345	1027
6346	1070
6347	1049
6348	1226
6349	1097
6350	1167
6351	1062
6352	1102
6353	1162
6354	1087
6355	1076
6356	1127
6357	1096
6358	1034
6359	1087
6360	1199
6361	929
6362	1063
6363	1054
6364	1095
6365	910
6366	1186
6367	1042
6368	1061
6369	1034
6370	997
6371	1252
6372	1033
6373	970
6374	1041
6375	993
6376	1039
6377	917
6378	1020
6379	988
6380	1063
6381	1183
6382	1025
6383	1026
6384	989
6385	1123
6386	1067
6387	1186
6388	1122
6389	1103
6390	1124
6391	1082
6392	1100
6393	1091
6394	1246
6395	1152
6396	1031
6397	1037
6398	1038
6399	1102
6400	1078
6401	1325
6402	1269
6403	1050
6404	947
6405	1117
6406	1088
6407	1091
6408	909
6409	1076
6410	1086
6411	1121
6412	1044
6413	994
6414	939
6415	1155
6416	927
6417	1144
6418	1085
6419	1119
6420	1066
6421	1117
6422	1134
6423	1079
6424	1018
6425	958
6426	1138
6427	977
6428	1032
6429	1060
6430	1142
6431	1010
6432	963
6433	938
6434	1070
6435	1044
6436	983
6437	1304
6438	1093
6439	1389
6440	1131
6441	997
6442	1238
6443	913
6444	999
6445	1041
6446	1040
6447	1087
6448	968
6449	972
6450	1133
6451	1133
6452	1055
6453	1064
6454	1089
6455	1113
6456	1011
6457	1220
6458	1038
6459	877
6460	1149
6461	1060
6462	830
6463	1031
6464	871
6465	1000
6466	1083
6467	1072
6468	880
6469	994
6470	982
6471	931
6472	941
6473	1135
6474	1038
6475	882
6476	976
6477	1000
6478	1003
6479	1000
6480	1086
6481	1061
6482	893
6483	992
6484	1010
6485	1067
6486	970
6487	957
6488	1016
6489	967
6490	956
6491	980
6492	1099
6493	1067
6494	1017
6495	1031
6496	976
6497	1047
6498	870
6499	944
6500	887
6501	1083
6502	1166
6503	1114
6504	999
6505	972
6506	986
6507	899
6508	1048
6509	992
6510	1237
6511	980
6512	977
6513	1170
6514	1092
6515	1170
6516	1136
6517	1207
6518	1005
6519	994
6520	1002
6521	998
6522	1156
6523	1190
6524	1123
6525	969
6526	1091
6527	1098
6528	1136
6529	1069
6530	1025
6531	1061
6532	1037
6533	1004
6534	997
6535	1124
6536	1107
6537	989
6538	1090
6539	1183
6540	981
6541	994
6542	1038
6543	914
6544	982
6545	1001
6546	981
6547	1050
6548	957
6549	1112
6550	1098
6551	1096
6552	1077
6553	937
6554	1124
6555	1027
6556	973
6557	1010
6558	1019
6559	1031
6560	968
6561	939
6562	1058
6563	1140
6564	889
6565	1020
6566	986
6567	1032
6568	987
6569	952
6570	1106
6571	934
6572	916
6573	988
6574	1029
6575	1138
6576	956
6577	986
6578	1092
6579	929
6580	876
6581	978
6582	997
6583	1009
6584	956
6585	1078
6586	1204
6587	1022
6588	880
6589	937
6590	994
6591	942
6592	968
6593	912
6594	901
6595	1108
6596	944
6597	888
6598	935
6599	963
6600	1038
6601	920
6602	831
6603	999
6604	1002
6605	849
6606	1062
6607	919
6608	1023
6609	1098
6610	937
6611	1070
6612	932
6613	931
6614	1091
6615	884
6616	936
6617	1035
6618	984
6619	955
6620	854
6621	908
6622	891
6623	909
6624	864
6625	1057
6626	941
6627	1014
6628	978
6629	837
6630	924
6631	916
6632	950
6633	909
6634	870
6635	874
6636	874
6637	844
6638	951
6639	816
6640	891
6641	1072
6642	867
6643	860
6644	876
6645	798
6646	889
6647	887
6648	848
6649	839
6650	953
6651	965
6652	844
6653	837
6654	802
6655	903
6656	991
6657	910
6658	833
6659	783
6660	946
6661	957
6662	1011
6663	994
6664	837
6665	828
6666	771
6667	860
6668	871
6669	831
6670	834
6671	801
6672	859
6673	858
6674	868
6675	799
6676	804
6677	821
6678	804
6679	928
6680	871
6681	909
6682	862
6683	886
6684	863
6685	844
6686	850
6687	819
6688	909
6689	869
6690	916
6691	1039
6692	997
6693	959
6694	998
6695	940
6696	928
6697	900
6698	927
6699	983
6700	912
6701	933
6702	774
6703	955
6704	917
6705	1084
6706	923
6707	887
6708	896
6709	891
6710	882
6711	901
6712	882
6713	809
6714	877
6715	1059
6716	1012
6717	1023
6718	913
6719	877
6720	1008
6721	1062
6722	894
6723	981
6724	979
6725	971
6726	877
6727	901
6728	1085
6729	951
6730	941
6731	942
6732	1068
6733	867
6734	1036
6735	763
6736	980
6737	906
6738	1007
6739	965
6740	918
6741	992
6742	790
6743	950
6744	1063
6745	941
6746	921
6747	1023
6748	873
6749	845
6750	796
6751	914
6752	1049
6753	865
6754	929
6755	1013
6756	883
6757	775
6758	883
6759	874
6760	974
6761	919
6762	894
6763	911
6764	869
6765	1039
6766	950
6767	894
6768	991
6769	908
6770	984
6771	846
6772	874
6773	980
6774	1035
6775	910
6776	887
6777	963
6778	822
6779	927
6780	955
6781	848
6782	897
6783	858
6784	964
6785	909
6786	1080
6787	1024
6788	942
6789	802
6790	943
6791	861
6792	830
6793	832
6794	884
6795	1021
6796	895
6797	763
6798	915
6799	969
6800	821
6801	935
6802	1034
6803	858
6804	997
6805	951
6806	898
6807	933
6808	866
6809	1002
6810	869
6811	1049
6812	928
6813	1005
6814	885
6815	1008
6816	915
6817	976
6818	829
6819	897
6820	865
6821	857
6822	814
6823	928
6824	924
6825	1038
6826	919
6827	1001
6828	908
6829	916
6830	967
6831	967
6832	991
6833	965
6834	876
6835	978
6836	1144
6837	994
6838	1041
6839	945
6840	1280
6841	994
6842	995
6843	1035
6844	897
6845	904
6846	1054
6847	900
6848	912
6849	879
6850	978
6851	1013
6852	1058
6853	999
6854	1050
6855	1030
6856	1075
6857	1051
6858	935
6859	988
6860	1102
6861	913
6862	1023
6863	988
6864	997
6865	953
6866	1022
6867	1015
6868	1154
6869	976
6870	969
6871	1050
6872	1140
6873	1018
6874	997
6875	1031
6876	1053
6877	1038
6878	1210
6879	1118
6880	1031
6881	1017
6882	982
6883	995
6884	1007
6885	1159
6886	981
6887	1134
6888	1065
6889	1225
6890	1078
6891	1038
6892	1006
6893	911
6894	893
6895	1086
6896	907
6897	1118
6898	965
6899	1014
6900	1143
6901	1099
6902	1030
6903	957
6904	1034
6905	951
6906	998
6907	1189
6908	1148
6909	1068
6910	921
6911	1124
6912	1074
6913	1059
6914	1233
6915	974
6916	1078
6917	1087
6918	874
6919	923
6920	951
6921	1269
6922	999
6923	965
6924	992
6925	1022
6926	1074
6927	1095
6928	1073
6929	1027
6930	946
6931	921
6932	1090
6933	880
6934	1006
6935	983
6936	907
6937	952
6938	953
6939	1114
6940	1019
6941	1022
6942	1141
6943	1041
6944	1141
6945	901
6946	840
6947	912
6948	965
6949	996
6950	994
6951	886
6952	933
6953	1008
6954	1027
6955	957
6956	902
6957	937
6958	1046
6959	965
6960	939
6961	852
6962	1013
6963	1155
6964	872
6965	906
6966	954
6967	1044
6968	818
6969	926
6970	975
6971	962
6972	970
6973	903
6974	1092
6975	975
6976	1139
6977	899
6978	898
6979	983
6980	866
6981	1051
6982	952
6983	1008
6984	973
6985	935
6986	917
6987	922
6988	854
6989	1024
6990	905
6991	913
6992	943
6993	853
6994	899
6995	871
6996	888
6997	833
6998	919
6999	827
7000	916
7001	915
7002	859
7003	951
7004	929
7005	936
7006	891
7007	949
7008	893
7009	823
7010	780
7011	945
7012	945
7013	929
7014	967
7015	880
7016	822
7017	844
7018	799
7019	800
7020	873
7021	730
7022	796
7023	745
7024	816
7025	908
7026	839
7027	668
7028	799
7029	819
7030	837
7031	970
7032	865
7033	846
7034	792
7035	761
7036	818
7037	844
7038	792
7039	840
7040	848
7041	873
7042	820
7043	864
7044	753
7045	837
7046	1002
7047	890
7048	947
7049	782
7050	786
7051	940
7052	752
7053	959
7054	914
7055	833
7056	842
7057	828
7058	887
7059	993
7060	984
7061	967
7062	853
7063	867
7064	965
7065	979
7066	880
7067	887
7068	809
7069	860
7070	899
7071	843
7072	971
7073	882
7074	860
7075	894
7076	986
7077	786
7078	776
7079	960
7080	867
7081	920
7082	978
7083	882
7084	856
7085	794
7086	792
7087	893
7088	908
7089	813
7090	809
7091	758
7092	854
7093	794
7094	825
7095	765
7096	828
7097	881
7098	776
7099	870
7100	726
7101	858
7102	927
7103	788
7104	730
7105	800
7106	1006
7107	794
7108	886
7109	825
7110	828
7111	682
7112	811
7113	834
7114	786
7115	824
7116	962
7117	977
7118	905
7119	750
7120	803
7121	1011
7122	913
7123	814
7124	981
7125	874
7126	878
7127	801
7128	817
7129	914
7130	819
7131	868
7132	963
7133	750
7134	840
7135	890
7136	831
7137	825
7138	985
7139	789
7140	758
7141	998
7142	812
7143	885
7144	906
7145	793
7146	863
7147	887
7148	888
7149	983
7150	847
7151	827
7152	975
7153	935
7154	768
7155	912
7156	874
7157	862
7158	896
7159	937
7160	845
7161	822
7162	784
7163	913
7164	822
7165	877
7166	956
7167	808
7168	917
7169	905
7170	952
7171	759
7172	898
7173	841
7174	955
7175	981
7176	844
7177	806
7178	935
7179	851
7180	876
7181	947
7182	847
7183	975
7184	932
7185	901
7186	1038
7187	776
7188	938
7189	844
7190	865
7191	805
7192	814
7193	1015
7194	1021
7195	892
7196	925
7197	1016
7198	970
7199	879
7200	841
7201	1020
7202	815
7203	869
7204	1017
7205	883
7206	766
7207	816
7208	795
7209	881
7210	1046
7211	831
7212	894
7213	887
7214	802
7215	898
7216	849
7217	859
7218	967
7219	858
7220	854
7221	888
7222	932
7223	854
7224	904
7225	870
7226	926
7227	811
7228	850
7229	766
7230	880
7231	694
7232	921
7233	765
7234	904
7235	878
7236	812
7237	839
7238	884
7239	891
7240	859
7241	858
7242	902
7243	850
7244	894
7245	772
7246	838
7247	837
7248	951
7249	842
7250	884
7251	917
7252	839
7253	898
7254	930
7255	786
7256	815
7257	837
7258	863
7259	889
7260	983
7261	799
7262	980
7263	908
7264	809
7265	793
7266	849
7267	790
7268	765
7269	823
7270	824
7271	830
7272	785
7273	803
7274	865
7275	810
7276	798
7277	807
7278	924
7279	865
7280	903
7281	830
7282	977
7283	747
7284	849
7285	1008
7286	904
7287	927
7288	872
7289	848
7290	747
7291	903
7292	855
7293	772
7294	891
7295	900
7296	900
7297	720
7298	851
7299	680
7300	734
7301	720
7302	794
7303	784
7304	803
7305	871
7306	887
7307	882
7308	796
7309	924
7310	646
7311	1029
7312	735
7313	695
7314	769
7315	763
7316	769
7317	823
7318	767
7319	811
7320	809
7321	844
7322	829
7323	809
7324	779
7325	844
7326	880
7327	723
7328	849
7329	816
7330	929
7331	769
7332	825
7333	769
7334	908
7335	827
7336	926
7337	696
7338	712
7339	860
7340	912
7341	819
7342	837
7343	919
7344	874
7345	711
7346	744
7347	838
7348	792
7349	738
7350	854
7351	807
7352	807
7353	823
7354	855
7355	766
7356	687
7357	829
7358	855
7359	796
7360	793
7361	802
7362	856
7363	955
7364	804
7365	785
7366	866
7367	1031
7368	788
7369	848
7370	864
7371	826
7372	804
7373	800
7374	798
7375	728
7376	932
7377	824
7378	871
7379	985
7380	822
7381	762
7382	982
7383	748
7384	886
7385	880
7386	841
7387	803
7388	890
7389	736
7390	799
7391	789
7392	995
7393	825
7394	822
7395	893
7396	843
7397	932
7398	948
7399	894
7400	898
7401	919
7402	808
7403	821
7404	868
7405	820
7406	814
7407	683
7408	928
7409	929
7410	866
7411	787
7412	713
7413	796
7414	745
7415	779
7416	796
7417	692
7418	1020
7419	764
7420	833
7421	795
7422	808
7423	737
7424	865
7425	865
7426	923
7427	1021
7428	722
7429	718
7430	853
7431	826
7432	808
7433	723
7434	760
7435	813
7436	814
7437	762
7438	770
7439	761
7440	833
7441	763
7442	834
7443	618
7444	827
7445	814
7446	846
7447	861
7448	668
7449	682
7450	715
7451	916
7452	910
7453	871
7454	817
7455	720
7456	810
7457	756
7458	673
7459	913
7460	747
7461	778
7462	774
7463	745
7464	860
7465	741
7466	771
7467	729
7468	840
7469	856
7470	704
7471	748
7472	636
7473	692
7474	753
7475	702
7476	720
7477	864
7478	768
7479	663
7480	708
7481	658
7482	697
7483	749
7484	744
7485	715
7486	683
7487	744
7488	605
7489	664
7490	677
7491	691
7492	717
7493	748
7494	718
7495	874
7496	772
7497	715
7498	854
7499	625
7500	798
7501	724
7502	776
7503	743
7504	933
7505	760
7506	887
7507	723
7508	808
7509	712
7510	719
7511	707
7512	697
7513	863
7514	855
7515	733
7516	673
7517	880
7518	849
7519	795
7520	892
7521	882
7522	859
7523	743
7524	774
7525	947
7526	953
7527	901
7528	741
7529	823
7530	866
7531	851
7532	814
7533	838
7534	752
7535	797
7536	727
7537	854
7538	832
7539	765
7540	748
7541	748
7542	749
7543	804
7544	818
7545	877
7546	763
7547	859
7548	786
7549	733
7550	927
7551	829
7552	797
7553	670
7554	785
7555	830
7556	703
7557	656
7558	716
7559	726
7560	748
7561	701
7562	806
7563	773
7564	645
7565	918
7566	791
7567	775
7568	718
7569	721
7570	713
7571	824
7572	878
7573	807
7574	608
7575	782
7576	768
7577	732
7578	796
7579	930
7580	738
7581	770
7582	791
7583	899
7584	881
7585	852
7586	831
7587	928
7588	826
7589	818
7590	811
7591	705
7592	678
7593	823
7594	937
7595	740
7596	887
7597	748
7598	847
7599	806
7600	812
7601	994
7602	1121
7603	862
7604	792
7605	739
7606	800
7607	750
7608	806
7609	847
7610	755
7611	755
7612	720
7613	657
7614	733
7615	570
7616	821
7617	877
7618	924
7619	674
7620	874
7621	750
7622	809
7623	884
7624	697
7625	714
7626	712
7627	936
7628	886
7629	665
7630	832
7631	823
7632	706
7633	984
7634	781
7635	916
7636	862
7637	815
7638	854
7639	994
7640	781
7641	887
7642	660
7643	778
7644	754
7645	775
7646	919
7647	827
7648	919
7649	943
7650	854
7651	803
7652	959
7653	857
7654	865
7655	909
7656	1000
7657	1014
7658	989
7659	884
7660	830
7661	960
7662	811
7663	858
7664	881
7665	869
7666	893
7667	956
7668	1072
7669	856
7670	841
7671	853
7672	915
7673	984
7674	997
7675	848
7676	922
7677	887
7678	778
7679	862
7680	1182
7681	963
7682	942
7683	934
7684	861
7685	984
7686	985
7687	986
7688	880
7689	1028
7690	1062
7691	1008
7692	927
7693	985
7694	1040
7695	1137
7696	988
7697	975
7698	816
7699	845
7700	896
7701	1100
7702	949
7703	952
7704	904
7705	881
7706	1004
7707	848
7708	925
7709	893
7710	919
7711	849
7712	923
7713	837
7714	920
7715	966
7716	885
7717	900
7718	1062
7719	897
7720	876
7721	823
7722	968
7723	1062
7724	926
7725	836
7726	885
7727	933
7728	1002
7729	766
7730	920
7731	1019
7732	938
7733	1004
7734	729
7735	834
7736	908
7737	752
7738	985
7739	911
7740	971
7741	872
7742	789
7743	973
7744	1001
7745	964
7746	854
7747	1055
7748	835
7749	934
7750	774
7751	924
7752	935
7753	947
7754	819
7755	886
7756	856
7757	907
7758	879
7759	1057
7760	892
7761	803
7762	931
7763	911
7764	1023
7765	933
7766	867
7767	728
7768	924
7769	881
7770	944
7771	813
7772	1008
7773	855
7774	870
7775	926
7776	982
7777	914
7778	853
7779	1141
7780	1087
7781	964
7782	892
7783	855
7784	961
7785	1021
7786	763
7787	846
7788	890
7789	790
7790	926
7791	926
7792	869
7793	857
7794	942
7795	976
7796	867
7797	923
7798	878
7799	790
7800	898
7801	937
7802	1024
7803	886
7804	784
7805	825
7806	828
7807	982
7808	938
7809	826
7810	970
7811	808
7812	867
7813	690
7814	779
7815	780
7816	861
7817	811
7818	935
7819	679
7820	814
7821	851
7822	971
7823	843
7824	833
7825	865
7826	798
7827	796
7828	857
7829	780
7830	832
7831	849
7832	705
7833	750
7834	888
7835	670
7836	793
7837	780
7838	756
7839	816
7840	739
7841	733
7842	830
7843	835
7844	713
7845	751
7846	803
7847	835
7848	862
7849	874
7850	813
7851	745
7852	791
7853	868
7854	881
7855	800
7856	757
7857	866
7858	683
7859	708
7860	728
7861	705
7862	662
7863	712
7864	771
7865	837
7866	628
7867	875
7868	813
7869	814
7870	865
7871	803
7872	840
7873	923
7874	711
7875	801
7876	741
7877	695
7878	739
7879	838
7880	611
7881	803
7882	691
7883	647
7884	683
7885	706
7886	744
7887	634
7888	729
7889	849
7890	746
7891	752
7892	687
7893	789
7894	815
7895	862
7896	704
7897	713
7898	840
7899	750
7900	809
7901	972
7902	751
7903	814
7904	839
7905	725
7906	839
7907	863
7908	788
7909	863
7910	750
7911	746
7912	892
7913	863
7914	719
7915	830
7916	845
7917	794
7918	690
7919	718
7920	794
7921	935
7922	674
7923	832
7924	738
7925	798
7926	706
7927	864
7928	868
7929	743
7930	845
7931	902
7932	700
7933	777
7934	909
7935	836
7936	980
7937	847
7938	917
7939	926
7940	862
7941	750
7942	721
7943	820
7944	827
7945	917
7946	839
7947	900
7948	689
7949	689
7950	783
7951	835
7952	773
7953	733
7954	900
7955	931
7956	694
7957	771
7958	758
7959	745
7960	816
7961	768
7962	776
7963	826
7964	711
7965	760
7966	749
7967	715
7968	752
7969	664
7970	664
7971	675
7972	797
7973	806
7974	830
7975	695
7976	781
7977	666
7978	753
7979	757
7980	753
7981	801
7982	709
7983	786
7984	702
7985	713
7986	769
7987	709
7988	764
7989	672
7990	770
7991	655
7992	699
7993	868
7994	782
7995	784
7996	698
7997	723
7998	630
7999	807
8000	1041
8001	658
8002	713
8003	621
8004	651
8005	777
8006	841
8007	801
8008	649
8009	753
8010	775
8011	711
8012	621
8013	698
8014	567
8015	637
8016	643
8017	743
8018	676
8019	821
8020	725
8021	682
8022	661
8023	710
8024	697
8025	710
8026	763
8027	772
8028	593
8029	639
8030	619
8031	761
8032	686
8033	780
8034	702
8035	684
8036	669
8037	648
8038	724
8039	622
8040	728
8041	672
8042	738
8043	757
8044	821
8045	750
8046	993
8047	739
8048	678
8049	746
8050	843
8051	781
8052	744
8053	824
8054	805
8055	710
8056	873
8057	944
8058	696
8059	888
8060	705
8061	730
8062	721
8063	865
8064	811
8065	712
8066	790
8067	826
8068	786
8069	731
8070	722
8071	694
8072	849
8073	745
8074	625
8075	801
8076	781
8077	759
8078	767
8079	681
8080	657
8081	625
8082	748
8083	926
8084	743
8085	738
8086	784
8087	734
8088	733
8089	736
8090	749
8091	761
8092	674
8093	721
8094	916
8095	843
8096	801
8097	691
8098	771
8099	867
8100	793
8101	637
8102	655
8103	848
8104	749
8105	836
8106	699
8107	818
8108	723
8109	864
8110	885
8111	838
8112	816
8113	916
8114	768
8115	755
8116	764
8117	749
8118	659
8119	736
8120	740
8121	860
8122	854
8123	696
8124	712
8125	695
8126	787
8127	695
8128	781
8129	738
8130	786
8131	776
8132	823
8133	976
8134	885
8135	702
8136	870
8137	899
8138	799
8139	785
8140	765
8141	732
8142	724
8143	726
8144	782
8145	762
8146	908
8147	922
8148	644
8149	782
8150	615
8151	726
8152	760
8153	876
8154	774
8155	812
8156	868
8157	833
8158	695
8159	897
8160	772
8161	707
8162	798
8163	804
8164	827
8165	821
8166	738
8167	763
8168	659
8169	807
8170	767
8171	967
8172	798
8173	628
8174	821
8175	734
8176	749
8177	710
8178	757
8179	650
8180	578
8181	793
8182	650
8183	767
8184	572
8185	790
8186	618
8187	711
8188	704
8189	693
8190	706
8191	831
8192	748
8193	697
8194	795
8195	745
8196	798
8197	626
8198	678
8199	814
8200	747
8201	608
8202	783
8203	784
8204	686
8205	749
8206	716
8207	752
8208	813
8209	947
8210	747
8211	731
8212	640
8213	681
8214	846
8215	761
8216	651
8217	675
8218	812
8219	808
8220	737
8221	762
8222	695
8223	678
8224	624
8225	802
8226	850
8227	711
8228	646
8229	659
8230	641
8231	683
8232	657
8233	722
8234	697
8235	676
8236	659
8237	715
8238	685
8239	679
8240	580
8241	655
8242	717
8243	697
8244	710
8245	782
8246	745
8247	735
8248	701
8249	642
8250	685
8251	659
8252	677
8253	730
8254	630
8255	636
8256	698
8257	778
8258	628
8259	677
8260	667
8261	698
8262	775
8263	573
8264	586
8265	691
8266	681
8267	662
8268	679
8269	713
8270	683
8271	624
8272	621
8273	657
8274	614
8275	634
8276	585
8277	792
8278	690
8279	742
8280	719
8281	683
8282	681
8283	616
8284	586
8285	681
8286	648
8287	629
8288	628
8289	837
8290	617
8291	726
8292	614
8293	584
8294	657
8295	637
8296	642
8297	666
8298	812
8299	738
8300	726
8301	629
8302	690
8303	713
8304	578
8305	771
8306	685
8307	786
8308	815
8309	733
8310	660
8311	705
8312	650
8313	692
8314	743
8315	663
8316	715
8317	664
8318	836
8319	772
8320	747
8321	724
8322	545
8323	640
8324	718
8325	735
8326	683
8327	689
8328	679
8329	685
8330	691
8331	735
8332	687
8333	717
8334	630
8335	656
8336	609
8337	681
8338	722
8339	766
8340	816
8341	690
8342	657
8343	682
8344	727
8345	679
8346	811
8347	754
8348	694
8349	771
8350	667
8351	642
8352	721
8353	650
8354	550
8355	642
8356	677
8357	714
8358	595
8359	835
8360	643
8361	764
8362	702
8363	568
8364	673
8365	764
8366	713
8367	651
8368	718
8369	700
8370	711
8371	716
8372	714
8373	711
8374	752
8375	632
8376	573
8377	600
8378	671
8379	653
8380	822
8381	651
8382	639
8383	553
8384	631
8385	655
8386	574
8387	674
8388	592
8389	599
8390	626
8391	548
8392	654
8393	675
8394	671
8395	626
8396	589
8397	605
8398	608
8399	607
8400	542
8401	701
8402	596
8403	591
8404	598
8405	540
8406	475
8407	554
8408	633
8409	553
8410	702
8411	667
8412	577
8413	606
8414	631
8415	742
8416	610
8417	552
8418	743
8419	619
8420	583
8421	578
8422	562
8423	603
8424	756
8425	758
8426	603
8427	781
8428	570
8429	670
8430	576
8431	597
8432	580
8433	628
8434	711
8435	619
8436	721
8437	541
8438	664
8439	574
8440	651
8441	660
8442	598
8443	551
8444	616
8445	648
8446	698
8447	665
8448	673
8449	557
8450	664
8451	729
8452	765
8453	676
8454	637
8455	715
8456	757
8457	604
8458	555
8459	638
8460	735
8461	707
8462	658
8463	634
8464	640
8465	596
8466	756
8467	705
8468	721
8469	683
8470	657
8471	863
8472	562
8473	663
8474	756
8475	684
8476	755
8477	584
8478	701
8479	711
8480	783
8481	671
8482	767
8483	822
8484	679
8485	660
8486	702
8487	827
8488	725
8489	768
8490	800
8491	675
8492	816
8493	656
8494	650
8495	625
8496	630
8497	628
8498	672
8499	662
8500	688
8501	701
8502	705
8503	681
8504	760
8505	660
8506	535
8507	624
8508	631
8509	669
8510	644
8511	659
8512	730
8513	548
8514	744
8515	687
8516	677
8517	654
8518	566
8519	677
8520	558
8521	625
8522	576
8523	628
8524	541
8525	626
8526	598
8527	539
8528	671
8529	658
8530	658
8531	661
8532	576
8533	667
8534	576
8535	648
8536	551
8537	611
8538	766
8539	538
8540	722

