## htsjdk.samtools.metrics.StringHeader
# CollectInsertSizeMetrics HISTOGRAM_FILE=/work/ugbogu/pipeline/data/nbl/GSE189367/results/picard/SRR17010970_insert_size_histogram.pdf MINIMUM_PCT=0.5 INPUT=/work/ugbogu/pipeline/data/nbl/GSE189367/results/star/SRR17010970.Aligned.sortedByCoord.out.bam OUTPUT=/work/ugbogu/pipeline/data/nbl/GSE189367/results/picard/SRR17010970_insert_size_metrics.txt    DEVIATIONS=10.0 METRIC_ACCUMULATION_LEVEL=[ALL_READS] INCLUDE_DUPLICATES=false ASSUME_SORTED=true STOP_AFTER=0 VERBOSITY=INFO QUIET=false VALIDATION_STRINGENCY=STRICT COMPRESSION_LEVEL=5 MAX_RECORDS_IN_RAM=500000 CREATE_INDEX=false CREATE_MD5_FILE=false USE_JDK_DEFLATER=false USE_JDK_INFLATER=false
## htsjdk.samtools.metrics.StringHeader
# Started on: Fri Apr 17 03:36:06 UTC 2026

## METRICS CLASS	picard.analysis.InsertSizeMetrics
MEDIAN_INSERT_SIZE	MODE_INSERT_SIZE	MEDIAN_ABSOLUTE_DEVIATION	MIN_INSERT_SIZE	MAX_INSERT_SIZE	MEAN_INSERT_SIZE	STANDARD_DEVIATION	READ_PAIRS	PAIR_ORIENTATION	WIDTH_OF_10_PERCENT	WIDTH_OF_20_PERCENT	WIDTH_OF_30_PERCENT	WIDTH_OF_40_PERCENT	WIDTH_OF_50_PERCENT	WIDTH_OF_60_PERCENT	WIDTH_OF_70_PERCENT	WIDTH_OF_80_PERCENT	WIDTH_OF_90_PERCENT	WIDTH_OF_95_PERCENT	WIDTH_OF_99_PERCENT	SAMPLE	LIBRARY	READ_GROUP
707	133	578	29	2944677	1163.321234	1490.83426	31412788	FR	547	879	1019	1099	1157	1469	3793	8529	26939	154003	154243			

## HISTOGRAM	java.lang.Integer
insert_size	All_Reads.fr_count
29	2
30	8
31	7
32	7
33	10
34	20
35	211
36	232
37	270
38	207
39	252
40	274
41	301
42	274
43	335
44	307
45	342
46	409
47	342
48	428
49	474
50	581
51	582
52	620
53	522
54	577
55	676
56	702
57	846
58	909
59	1057
60	1135
61	1202
62	1478
63	1329
64	1446
65	1468
66	1908
67	2056
68	2257
69	2586
70	2612
71	3119
72	3221
73	3579
74	4110
75	7002
76	5440
77	5649
78	6298
79	6938
80	6971
81	8055
82	8220
83	9601
84	10024
85	10418
86	11157
87	12173
88	13551
89	14334
90	15786
91	17520
92	20105
93	21439
94	23689
95	25038
96	26945
97	30110
98	32493
99	36005
100	37674
101	38771
102	40497
103	43478
104	48825
105	53228
106	55878
107	57204
108	58771
109	62063
110	64544
111	66248
112	68797
113	70723
114	73481
115	75313
116	78505
117	80413
118	86931
119	87122
120	89979
121	94707
122	94484
123	99930
124	102510
125	99895
126	99020
127	100439
128	100751
129	100051
130	103364
131	103895
132	103146
133	110361
134	109638
135	106074
136	108108
137	106139
138	106601
139	105968
140	107132
141	107830
142	107112
143	107737
144	105600
145	104795
146	101342
147	103113
148	102088
149	101715
150	98334
151	100962
152	98788
153	100230
154	98908
155	98693
156	97234
157	95101
158	94646
159	92102
160	92293
161	90878
162	89704
163	88784
164	87752
165	85025
166	85111
167	85944
168	84002
169	83707
170	83689
171	81283
172	80985
173	80137
174	78265
175	79122
176	76789
177	74652
178	74894
179	74421
180	72950
181	73580
182	72161
183	70006
184	68479
185	67334
186	66864
187	67226
188	65682
189	64542
190	63657
191	63247
192	62047
193	62593
194	60502
195	59307
196	59348
197	57729
198	57554
199	57409
200	56321
201	56067
202	56709
203	56033
204	54348
205	53577
206	52340
207	51931
208	51993
209	50724
210	50120
211	49206
212	49246
213	49120
214	47838
215	48499
216	46582
217	46967
218	46353
219	45895
220	46018
221	45818
222	44440
223	44022
224	44267
225	43228
226	42605
227	42725
228	41656
229	41739
230	42326
231	39938
232	40883
233	41180
234	40531
235	39320
236	39532
237	38046
238	38147
239	37408
240	36744
241	36006
242	36257
243	35460
244	35293
245	34664
246	34421
247	34197
248	34409
249	33003
250	33431
251	32858
252	32752
253	31583
254	31643
255	31389
256	30705
257	30416
258	30123
259	30046
260	30294
261	29595
262	30257
263	29859
264	29585
265	28452
266	28216
267	28118
268	28114
269	27500
270	27370
271	27608
272	26603
273	26792
274	26408
275	25988
276	25563
277	25369
278	25557
279	24701
280	24702
281	24039
282	24928
283	24393
284	23654
285	23677
286	24064
287	22696
288	22651
289	22828
290	22634
291	22466
292	22727
293	21279
294	21847
295	21295
296	21672
297	21075
298	21305
299	20163
300	20122
301	20158
302	20154
303	20165
304	19679
305	19622
306	19253
307	19825
308	19431
309	19285
310	18731
311	18489
312	18344
313	18367
314	18196
315	18182
316	18014
317	17580
318	17593
319	17274
320	17397
321	17338
322	16931
323	16939
324	16751
325	16484
326	16028
327	15729
328	15915
329	15559
330	15444
331	16255
332	15251
333	15584
334	15439
335	15288
336	15342
337	15334
338	14783
339	14400
340	14588
341	14759
342	14637
343	14008
344	14001
345	14370
346	14269
347	14150
348	14033
349	13332
350	13424
351	13413
352	13581
353	13592
354	13100
355	13020
356	13054
357	12957
358	12740
359	12694
360	13225
361	12807
362	12809
363	12489
364	12226
365	12390
366	12189
367	12335
368	12327
369	12170
370	11929
371	11805
372	11721
373	11482
374	11299
375	11497
376	11153
377	11374
378	11073
379	11116
380	11207
381	10857
382	10743
383	10548
384	11028
385	10751
386	10742
387	10925
388	10927
389	10560
390	10320
391	10337
392	10249
393	10417
394	10036
395	10367
396	9822
397	9927
398	9749
399	9766
400	9805
401	9867
402	9592
403	9332
404	9413
405	9221
406	9487
407	9205
408	9676
409	9098
410	9344
411	9092
412	8642
413	9075
414	9208
415	8671
416	8491
417	9075
418	9112
419	9017
420	8654
421	8942
422	8821
423	8852
424	8906
425	8986
426	8756
427	8656
428	8710
429	8779
430	8721
431	8593
432	8664
433	8514
434	8607
435	8083
436	8070
437	8269
438	7884
439	8004
440	8335
441	8455
442	8242
443	7932
444	8204
445	8116
446	7930
447	7980
448	8025
449	8046
450	7872
451	7783
452	8007
453	7905
454	8170
455	7864
456	7698
457	7541
458	7671
459	7852
460	7252
461	7458
462	7600
463	7403
464	7509
465	7283
466	7238
467	7524
468	7192
469	7277
470	7174
471	7313
472	7145
473	7182
474	7504
475	7183
476	7122
477	7240
478	7101
479	6793
480	6854
481	6839
482	6676
483	7078
484	6839
485	6996
486	6815
487	6961
488	6550
489	7099
490	6868
491	6979
492	6637
493	6640
494	6842
495	6687
496	6813
497	6714
498	6895
499	6918
500	6746
501	6940
502	6714
503	6925
504	6642
505	6970
506	6569
507	7035
508	6744
509	6803
510	6545
511	6622
512	6895
513	6565
514	6657
515	6630
516	6737
517	6603
518	6867
519	6862
520	6782
521	6625
522	6625
523	6757
524	6614
525	6161
526	6534
527	6747
528	6338
529	6494
530	6659
531	6506
532	6622
533	6619
534	6851
535	6566
536	6575
537	7049
538	6643
539	6599
540	6945
541	6711
542	6501
543	6667
544	6742
545	6465
546	6597
547	6389
548	6391
549	6307
550	6543
551	6290
552	6358
553	6274
554	6383
555	6650
556	6598
557	6383
558	6235
559	6372
560	6423
561	6093
562	6400
563	6680
564	6364
565	6538
566	6173
567	6333
568	6419
569	6216
570	6230
571	6299
572	5905
573	6165
574	6111
575	6250
576	6145
577	6227
578	6263
579	6093
580	6343
581	6061
582	6091
583	6326
584	6041
585	6474
586	6233
587	6104
588	6063
589	5923
590	6111
591	6068
592	6220
593	6275
594	6188
595	6083
596	6143
597	6268
598	6214
599	6259
600	6046
601	6010
602	5906
603	5773
604	5617
605	5869
606	6017
607	5794
608	5820
609	5773
610	5785
611	5868
612	5973
613	5902
614	6090
615	5776
616	5736
617	5743
618	6122
619	5819
620	5912
621	5827
622	5825
623	5706
624	6054
625	6233
626	5991
627	6128
628	5687
629	5886
630	5784
631	5675
632	5695
633	6102
634	6099
635	6039
636	6184
637	5975
638	6091
639	6202
640	5810
641	5778
642	5744
643	5864
644	5593
645	6017
646	6112
647	6036
648	5542
649	6225
650	5654
651	5871
652	5732
653	5798
654	5589
655	5850
656	5523
657	5801
658	5748
659	5899
660	5873
661	5446
662	5594
663	5546
664	5651
665	5698
666	5569
667	5626
668	5885
669	5858
670	5834
671	5735
672	5788
673	5615
674	5709
675	5464
676	5589
677	5600
678	5756
679	5766
680	5875
681	5649
682	5527
683	5700
684	5389
685	5695
686	5728
687	5538
688	5487
689	5574
690	5485
691	5763
692	5826
693	5740
694	5802
695	5863
696	5876
697	5942
698	5401
699	5660
700	5965
701	5764
702	5608
703	6160
704	5992
705	6024
706	5398
707	5522
708	5580
709	5480
710	5539
711	5675
712	5540
713	5463
714	5422
715	5601
716	5639
717	5541
718	5608
719	5431
720	5589
721	5522
722	5326
723	5545
724	5677
725	5428
726	5696
727	5501
728	5547
729	5271
730	5457
731	5637
732	5671
733	5508
734	5621
735	6059
736	5814
737	5751
738	5557
739	5625
740	5417
741	5716
742	5509
743	5554
744	5452
745	5495
746	5285
747	5428
748	5529
749	5256
750	5552
751	5295
752	5459
753	5532
754	5509
755	5481
756	5351
757	5570
758	5351
759	5451
760	5610
761	5496
762	5601
763	5393
764	5154
765	5301
766	5367
767	5291
768	5333
769	5445
770	5378
771	5363
772	5639
773	5625
774	5531
775	5331
776	5218
777	5352
778	5345
779	5291
780	5219
781	5317
782	5286
783	5329
784	5362
785	5188
786	5475
787	5223
788	5433
789	5127
790	5307
791	5258
792	5072
793	5224
794	5716
795	5493
796	5283
797	5319
798	5155
799	5099
800	5205
801	5327
802	5217
803	5358
804	5660
805	5327
806	5347
807	5342
808	5264
809	5237
810	5154
811	5095
812	5090
813	5223
814	5083
815	5026
816	4960
817	5200
818	5170
819	4693
820	5025
821	5097
822	5100
823	5004
824	5198
825	4890
826	5262
827	5308
828	4953
829	5086
830	5244
831	5029
832	4946
833	5112
834	4941
835	4910
836	4996
837	5298
838	4967
839	5394
840	5026
841	5148
842	5149
843	5015
844	5098
845	4947
846	5116
847	4704
848	5105
849	4876
850	5019
851	4996
852	4751
853	4870
854	4883
855	4749
856	4783
857	4879
858	4839
859	4935
860	5050
861	4863
862	4937
863	4898
864	4903
865	5123
866	5047
867	5126
868	5117
869	4917
870	4919
871	5168
872	5024
873	4997
874	4838
875	4928
876	4948
877	4987
878	4996
879	4687
880	4717
881	4933
882	4997
883	4997
884	4944
885	5038
886	4752
887	4972
888	4939
889	4926
890	4747
891	4773
892	4964
893	5000
894	4841
895	4775
896	4733
897	4738
898	4628
899	4774
900	4787
901	4479
902	4712
903	4878
904	4663
905	4757
906	4687
907	4764
908	4757
909	4813
910	4825
911	4750
912	4886
913	4684
914	4705
915	4843
916	4939
917	4844
918	4765
919	4867
920	4819
921	5001
922	5317
923	5157
924	5188
925	4739
926	4816
927	5027
928	4946
929	4910
930	4786
931	4927
932	4887
933	4806
934	4857
935	4918
936	4920
937	4786
938	4811
939	4890
940	4936
941	4941
942	4847
943	4778
944	4760
945	4722
946	4786
947	4741
948	4752
949	4974
950	4639
951	4881
952	4851
953	4946
954	4630
955	4694
956	4555
957	4676
958	4512
959	4541
960	4446
961	4570
962	4805
963	4822
964	4646
965	4728
966	4679
967	4652
968	4738
969	4686
970	4390
971	4590
972	4564
973	4611
974	4465
975	4482
976	4705
977	4731
978	4665
979	4744
980	4565
981	4582
982	4462
983	4306
984	4441
985	4305
986	4335
987	4699
988	4568
989	4372
990	4413
991	4284
992	4331
993	4435
994	4443
995	4403
996	4393
997	4313
998	4388
999	4331
1000	4071
1001	4307
1002	4258
1003	4202
1004	4265
1005	4107
1006	4283
1007	4364
1008	4241
1009	4303
1010	4240
1011	4296
1012	4332
1013	4290
1014	4275
1015	4184
1016	4149
1017	4223
1018	4364
1019	4438
1020	4118
1021	4006
1022	4111
1023	4104
1024	4084
1025	4038
1026	4277
1027	4127
1028	4069
1029	4072
1030	3882
1031	3912
1032	3840
1033	4053
1034	4027
1035	4012
1036	4196
1037	4107
1038	3967
1039	3926
1040	3941
1041	3748
1042	3976
1043	3891
1044	3746
1045	4090
1046	4018
1047	4249
1048	4061
1049	3962
1050	4244
1051	4042
1052	4196
1053	3852
1054	3742
1055	3815
1056	3928
1057	3942
1058	3870
1059	3948
1060	3847
1061	3945
1062	3792
1063	4061
1064	3855
1065	4132
1066	3944
1067	3731
1068	3961
1069	3825
1070	3740
1071	3932
1072	3889
1073	4036
1074	3799
1075	3793
1076	3735
1077	3994
1078	3876
1079	3674
1080	4086
1081	3735
1082	3767
1083	3806
1084	3950
1085	3802
1086	3792
1087	3666
1088	3747
1089	3686
1090	3764
1091	3684
1092	3743
1093	3648
1094	3848
1095	3792
1096	3866
1097	3827
1098	3808
1099	4026
1100	3593
1101	3712
1102	3757
1103	3811
1104	3790
1105	3993
1106	3804
1107	3750
1108	3780
1109	3947
1110	3941
1111	3765
1112	3790
1113	3768
1114	3928
1115	3795
1116	3668
1117	3995
1118	3694
1119	3988
1120	3978
1121	3810
1122	3943
1123	4040
1124	4045
1125	3588
1126	3709
1127	3885
1128	3716
1129	4081
1130	3919
1131	3770
1132	3852
1133	3633
1134	3664
1135	3693
1136	4001
1137	3775
1138	4008
1139	3961
1140	3739
1141	3951
1142	3730
1143	3994
1144	3796
1145	4009
1146	3909
1147	3906
1148	3795
1149	3887
1150	3796
1151	4003
1152	4001
1153	3807
1154	3844
1155	3841
1156	4191
1157	3947
1158	3889
1159	4032
1160	4020
1161	4153
1162	4189
1163	4089
1164	4112
1165	4084
1166	3901
1167	4187
1168	3829
1169	3861
1170	3766
1171	3668
1172	3719
1173	3821
1174	3897
1175	3933
1176	3926
1177	3762
1178	3685
1179	4008
1180	4014
1181	3904
1182	3869
1183	3943
1184	4035
1185	3914
1186	3942
1187	4050
1188	3888
1189	3893
1190	3742
1191	4059
1192	4023
1193	3728
1194	3985
1195	3982
1196	3897
1197	3839
1198	3865
1199	3751
1200	3807
1201	3879
1202	3891
1203	4063
1204	3746
1205	3885
1206	3783
1207	3912
1208	3966
1209	4005
1210	3999
1211	3904
1212	3780
1213	3982
1214	3825
1215	3975
1216	3859
1217	3700
1218	3918
1219	3699
1220	3807
1221	3792
1222	3881
1223	3981
1224	3734
1225	3834
1226	4000
1227	4269
1228	4290
1229	3868
1230	3951
1231	4103
1232	4023
1233	3870
1234	3832
1235	3892
1236	3798
1237	3973
1238	3909
1239	3759
1240	3764
1241	3741
1242	3915
1243	3881
1244	3742
1245	3818
1246	3856
1247	4099
1248	3898
1249	3790
1250	3775
1251	3929
1252	3894
1253	3939
1254	3853
1255	4189
1256	3899
1257	4104
1258	4213
1259	3744
1260	3966
1261	4016
1262	4095
1263	4039
1264	4101
1265	4406
1266	4252
1267	4599
1268	3928
1269	4194
1270	3896
1271	3853
1272	3968
1273	3957
1274	3937
1275	3777
1276	3861
1277	3594
1278	3719
1279	3760
1280	3483
1281	3782
1282	3568
1283	3769
1284	3734
1285	3767
1286	3637
1287	3537
1288	3855
1289	3694
1290	3786
1291	3518
1292	3705
1293	3645
1294	3706
1295	3667
1296	3600
1297	3571
1298	3815
1299	3780
1300	3609
1301	3953
1302	3600
1303	3803
1304	3662
1305	3809
1306	3810
1307	3683
1308	3906
1309	3661
1310	3778
1311	3806
1312	3653
1313	3855
1314	4520
1315	4028
1316	3639
1317	4133
1318	3815
1319	3620
1320	3804
1321	3769
1322	3822
1323	3508
1324	3436
1325	3695
1326	3609
1327	3728
1328	3652
1329	3523
1330	3496
1331	3592
1332	3501
1333	3746
1334	3571
1335	3540
1336	3342
1337	3301
1338	3304
1339	3434
1340	3521
1341	3459
1342	3470
1343	3458
1344	3514
1345	3196
1346	3547
1347	3513
1348	3488
1349	3495
1350	3643
1351	3630
1352	3556
1353	3533
1354	3501
1355	3482
1356	3555
1357	3458
1358	3507
1359	3544
1360	3475
1361	3577
1362	3409
1363	3442
1364	3482
1365	3444
1366	3450
1367	3383
1368	3229
1369	3580
1370	3352
1371	3294
1372	3410
1373	3560
1374	3288
1375	3383
1376	3388
1377	3386
1378	3564
1379	3376
1380	3339
1381	3287
1382	3333
1383	3459
1384	3348
1385	3394
1386	3469
1387	3256
1388	3492
1389	3192
1390	3306
1391	3337
1392	3186
1393	3409
1394	3235
1395	3217
1396	3428
1397	3341
1398	3422
1399	3365
1400	3269
1401	3186
1402	3295
1403	3218
1404	3317
1405	3427
1406	3307
1407	3281
1408	3344
1409	3147
1410	3083
1411	3397
1412	3166
1413	3154
1414	3169
1415	3311
1416	3238
1417	3318
1418	3206
1419	3122
1420	3387
1421	3434
1422	3236
1423	3130
1424	3241
1425	3102
1426	3127
1427	3288
1428	3038
1429	3301
1430	3192
1431	3254
1432	3268
1433	3122
1434	3295
1435	3125
1436	3373
1437	3426
1438	3178
1439	3261
1440	3223
1441	3173
1442	3341
1443	3340
1444	3162
1445	3097
1446	3320
1447	3147
1448	3280
1449	3257
1450	3070
1451	3300
1452	3208
1453	3147
1454	3124
1455	3035
1456	3231
1457	3319
1458	3312
1459	3311
1460	3322
1461	3490
1462	3307
1463	3161
1464	3268
1465	3204
1466	3237
1467	3295
1468	3392
1469	3199
1470	3150
1471	3203
1472	3440
1473	3186
1474	3480
1475	3456
1476	3246
1477	3284
1478	3355
1479	3348
1480	3183
1481	3217
1482	3240
1483	3446
1484	3490
1485	3568
1486	3633
1487	3543
1488	3587
1489	3378
1490	3694
1491	3440
1492	3842
1493	3896
1494	3669
1495	3548
1496	3657
1497	3508
1498	3658
1499	3874
1500	3783
1501	3729
1502	3510
1503	3689
1504	3549
1505	3360
1506	3371
1507	3914
1508	3691
1509	3772
1510	3689
1511	3670
1512	3278
1513	3531
1514	3467
1515	3409
1516	3522
1517	3485
1518	3567
1519	3724
1520	3719
1521	3597
1522	3439
1523	3728
1524	3870
1525	3810
1526	3779
1527	3525
1528	3481
1529	3632
1530	3477
1531	3607
1532	3747
1533	3579
1534	3400
1535	3626
1536	3865
1537	3663
1538	3503
1539	3649
1540	3616
1541	3857
1542	3869
1543	3518
1544	3793
1545	3516
1546	3714
1547	3622
1548	3570
1549	3822
1550	3588
1551	3540
1552	3736
1553	3492
1554	3582
1555	3928
1556	3968
1557	3833
1558	3919
1559	3811
1560	3720
1561	3527
1562	3458
1563	3741
1564	3468
1565	3610
1566	3539
1567	3698
1568	3795
1569	3516
1570	3651
1571	3477
1572	3590
1573	3689
1574	4043
1575	3942
1576	3542
1577	3282
1578	3474
1579	2998
1580	3338
1581	3343
1582	3713
1583	3491
1584	3444
1585	3700
1586	3749
1587	3894
1588	3431
1589	3611
1590	3558
1591	3529
1592	3736
1593	3654
1594	3531
1595	3375
1596	3403
1597	3297
1598	3297
1599	3470
1600	3398
1601	3339
1602	3346
1603	3820
1604	3617
1605	3607
1606	3433
1607	4000
1608	3361
1609	3714
1610	3276
1611	3206
1612	3203
1613	3261
1614	3347
1615	3349
1616	3504
1617	3263
1618	3101
1619	3367
1620	3375
1621	3311
1622	3164
1623	3209
1624	3191
1625	3237
1626	3363
1627	3459
1628	3554
1629	3430
1630	3358
1631	3288
1632	3373
1633	3232
1634	3197
1635	3292
1636	3324
1637	3126
1638	3426
1639	3333
1640	3330
1641	3457
1642	3200
1643	3393
1644	3261
1645	3257
1646	3400
1647	3252
1648	3247
1649	3214
1650	3367
1651	3425
1652	3294
1653	3198
1654	3125
1655	3239
1656	3322
1657	3164
1658	3218
1659	3284
1660	3247
1661	3305
1662	3212
1663	3174
1664	3474
1665	3103
1666	3303
1667	3419
1668	3527
1669	3239
1670	3538
1671	3164
1672	3659
1673	3321
1674	3307
1675	3240
1676	3209
1677	3314
1678	3213
1679	3189
1680	3300
1681	3350
1682	3388
1683	3561
1684	3332
1685	3146
1686	3166
1687	3225
1688	3590
1689	3119
1690	3166
1691	3177
1692	3207
1693	3205
1694	3366
1695	3290
1696	3416
1697	3099
1698	3279
1699	3216
1700	3035
1701	3369
1702	3220
1703	3123
1704	3226
1705	3381
1706	3364
1707	3630
1708	3181
1709	3454
1710	3415
1711	3322
1712	3384
1713	3316
1714	3411
1715	3422
1716	3419
1717	3333
1718	3381
1719	3233
1720	3234
1721	3242
1722	3340
1723	3275
1724	3390
1725	3088
1726	3122
1727	3252
1728	3358
1729	3375
1730	3300
1731	3323
1732	3221
1733	3297
1734	3279
1735	3157
1736	3278
1737	3244
1738	3171
1739	3459
1740	3318
1741	3033
1742	3171
1743	2925
1744	2997
1745	3060
1746	3154
1747	3130
1748	3061
1749	3163
1750	3148
1751	3162
1752	3007
1753	3128
1754	3293
1755	3252
1756	2922
1757	3086
1758	3160
1759	3123
1760	3046
1761	3126
1762	2847
1763	3063
1764	3086
1765	2965
1766	2939
1767	3029
1768	2789
1769	3059
1770	3026
1771	3174
1772	3072
1773	3015
1774	3119
1775	3151
1776	2891
1777	2875
1778	3063
1779	2983
1780	3007
1781	3203
1782	2946
1783	3053
1784	2968
1785	2912
1786	2811
1787	2837
1788	3205
1789	2980
1790	3130
1791	2827
1792	2835
1793	2932
1794	2887
1795	2922
1796	2737
1797	2874
1798	2787
1799	2890
1800	2847
1801	2889
1802	2827
1803	2803
1804	2906
1805	2807
1806	2827
1807	2741
1808	2900
1809	2883
1810	3008
1811	2838
1812	2754
1813	2828
1814	2766
1815	2788
1816	2793
1817	2934
1818	2813
1819	2755
1820	2692
1821	2761
1822	2734
1823	2827
1824	2760
1825	2681
1826	2670
1827	2725
1828	2635
1829	2547
1830	2700
1831	2762
1832	2651
1833	2737
1834	2862
1835	2658
1836	2683
1837	2672
1838	2895
1839	2680
1840	2646
1841	2778
1842	2673
1843	2664
1844	2643
1845	2661
1846	2612
1847	2628
1848	2675
1849	2703
1850	2531
1851	2634
1852	2823
1853	2677
1854	2744
1855	2762
1856	2727
1857	2744
1858	2626
1859	2622
1860	2504
1861	2814
1862	2638
1863	2837
1864	2927
1865	2638
1866	2675
1867	2529
1868	2716
1869	2755
1870	2602
1871	2575
1872	2617
1873	2675
1874	2732
1875	2525
1876	2788
1877	2620
1878	2697
1879	2640
1880	2627
1881	2600
1882	2660
1883	2605
1884	2676
1885	2445
1886	2745
1887	2671
1888	2587
1889	2571
1890	2610
1891	2555
1892	2645
1893	2430
1894	2518
1895	2611
1896	2559
1897	2764
1898	2669
1899	2734
1900	2688
1901	2688
1902	2536
1903	2745
1904	2629
1905	2682
1906	2735
1907	2686
1908	2755
1909	2626
1910	2659
1911	2567
1912	2801
1913	2474
1914	2737
1915	2743
1916	2753
1917	2876
1918	2610
1919	2773
1920	2729
1921	2724
1922	2835
1923	2662
1924	2543
1925	2707
1926	2670
1927	2635
1928	2507
1929	2552
1930	2585
1931	2639
1932	2647
1933	2457
1934	2631
1935	2756
1936	2634
1937	2618
1938	2645
1939	2715
1940	2856
1941	2791
1942	2778
1943	2838
1944	2604
1945	2573
1946	2543
1947	2602
1948	2790
1949	2543
1950	2657
1951	2699
1952	2655
1953	2883
1954	2821
1955	2648
1956	2715
1957	2661
1958	2632
1959	2665
1960	2640
1961	2755
1962	2702
1963	2941
1964	2852
1965	2733
1966	2742
1967	2648
1968	2893
1969	2833
1970	2919
1971	2809
1972	2792
1973	2936
1974	2645
1975	2755
1976	2792
1977	2997
1978	2685
1979	2857
1980	2759
1981	2896
1982	2936
1983	3020
1984	2835
1985	2797
1986	2816
1987	2919
1988	2696
1989	2952
1990	2817
1991	2859
1992	3232
1993	3066
1994	3111
1995	2965
1996	2859
1997	2836
1998	3072
1999	2980
2000	3104
2001	2926
2002	2991
2003	3098
2004	3114
2005	2932
2006	3075
2007	2906
2008	3203
2009	3206
2010	3129
2011	3105
2012	2941
2013	3075
2014	3105
2015	3217
2016	3091
2017	3153
2018	2953
2019	3048
2020	3173
2021	3043
2022	3005
2023	3176
2024	3137
2025	3013
2026	2839
2027	3015
2028	3173
2029	3057
2030	2723
2031	2892
2032	2999
2033	2851
2034	2967
2035	2807
2036	3031
2037	2842
2038	2891
2039	3028
2040	3004
2041	2893
2042	2891
2043	2948
2044	2848
2045	2749
2046	2971
2047	3121
2048	2748
2049	2839
2050	2816
2051	2734
2052	2760
2053	2881
2054	2809
2055	2894
2056	2989
2057	3048
2058	2936
2059	2862
2060	2765
2061	2781
2062	2698
2063	2870
2064	2737
2065	2732
2066	2836
2067	2878
2068	2721
2069	2738
2070	2810
2071	2728
2072	2937
2073	2883
2074	2800
2075	2600
2076	2775
2077	2645
2078	2705
2079	2759
2080	2788
2081	3033
2082	2806
2083	2730
2084	2811
2085	2505
2086	2673
2087	2531
2088	3017
2089	2642
2090	2586
2091	2632
2092	2601
2093	2661
2094	2507
2095	2601
2096	2556
2097	2635
2098	2568
2099	2496
2100	2644
2101	2610
2102	2672
2103	2644
2104	2510
2105	2436
2106	2652
2107	2498
2108	2463
2109	2568
2110	2582
2111	2797
2112	2433
2113	2413
2114	2399
2115	2610
2116	2547
2117	2322
2118	2356
2119	2508
2120	2628
2121	2448
2122	2601
2123	2633
2124	2509
2125	2553
2126	2494
2127	2648
2128	2470
2129	2591
2130	2479
2131	2601
2132	2590
2133	2527
2134	2493
2135	2683
2136	2265
2137	2378
2138	2443
2139	2470
2140	2379
2141	2314
2142	2416
2143	2570
2144	2385
2145	2454
2146	2421
2147	2534
2148	2614
2149	2346
2150	2372
2151	2266
2152	2544
2153	2289
2154	2329
2155	2356
2156	2446
2157	2398
2158	2358
2159	2400
2160	2223
2161	2409
2162	2156
2163	2421
2164	2119
2165	2345
2166	2420
2167	2456
2168	2467
2169	2281
2170	2505
2171	2655
2172	2623
2173	2294
2174	2689
2175	2487
2176	2456
2177	2379
2178	2428
2179	2637
2180	2333
2181	2411
2182	2332
2183	2326
2184	2243
2185	2452
2186	2211
2187	2452
2188	2342
2189	2336
2190	2505
2191	2317
2192	2292
2193	2165
2194	2176
2195	2356
2196	2313
2197	2356
2198	2367
2199	2343
2200	2398
2201	2303
2202	2401
2203	2535
2204	2498
2205	2526
2206	2432
2207	2358
2208	2449
2209	2475
2210	2461
2211	2516
2212	2464
2213	2398
2214	2477
2215	2384
2216	2287
2217	2341
2218	2293
2219	2549
2220	2370
2221	2423
2222	2323
2223	2400
2224	2218
2225	2188
2226	2505
2227	2256
2228	2318
2229	2271
2230	2289
2231	2342
2232	2263
2233	2395
2234	2485
2235	2390
2236	2527
2237	2505
2238	2474
2239	2511
2240	2457
2241	2411
2242	2585
2243	2428
2244	2439
2245	2305
2246	2395
2247	2393
2248	2584
2249	2563
2250	2496
2251	2578
2252	2521
2253	2360
2254	2486
2255	2538
2256	2497
2257	2454
2258	2497
2259	2566
2260	2664
2261	2576
2262	2434
2263	2411
2264	2760
2265	2483
2266	2354
2267	2455
2268	2370
2269	2433
2270	2624
2271	2425
2272	2262
2273	2541
2274	2430
2275	2360
2276	2424
2277	2453
2278	2395
2279	2486
2280	2316
2281	2332
2282	2236
2283	2395
2284	2474
2285	2271
2286	2462
2287	2313
2288	2447
2289	2338
2290	2325
2291	2442
2292	2311
2293	2333
2294	2469
2295	2479
2296	2317
2297	2510
2298	2253
2299	2369
2300	2380
2301	2230
2302	2413
2303	2210
2304	2269
2305	2363
2306	2309
2307	2538
2308	2325
2309	2179
2310	2276
2311	2172
2312	2337
2313	2257
2314	2334
2315	2203
2316	2461
2317	2244
2318	2394
2319	2335
2320	2279
2321	2156
2322	2203
2323	2302
2324	2223
2325	2358
2326	2283
2327	2325
2328	2438
2329	2352
2330	2398
2331	2290
2332	2295
2333	2205
2334	2121
2335	2229
2336	1975
2337	2160
2338	2312
2339	2194
2340	2048
2341	2186
2342	2260
2343	2279
2344	2269
2345	1982
2346	2193
2347	2198
2348	2143
2349	2316
2350	2248
2351	2171
2352	2233
2353	2044
2354	2250
2355	2095
2356	2278
2357	2236
2358	2127
2359	2015
2360	2255
2361	2002
2362	2124
2363	2086
2364	2155
2365	2163
2366	2011
2367	2273
2368	2144
2369	1944
2370	2088
2371	2096
2372	2052
2373	2145
2374	2131
2375	2074
2376	1962
2377	2199
2378	2025
2379	2060
2380	2117
2381	2099
2382	2185
2383	2081
2384	2115
2385	2001
2386	2051
2387	1961
2388	2052
2389	1938
2390	2066
2391	2039
2392	2061
2393	2001
2394	2040
2395	2045
2396	1994
2397	1924
2398	1951
2399	2038
2400	2062
2401	2110
2402	2163
2403	2173
2404	1979
2405	1986
2406	2052
2407	1941
2408	1929
2409	1986
2410	2097
2411	2139
2412	2045
2413	1933
2414	2127
2415	1978
2416	1910
2417	2000
2418	1953
2419	2008
2420	2047
2421	1987
2422	1997
2423	2090
2424	1886
2425	1994
2426	1957
2427	1984
2428	1970
2429	2038
2430	1896
2431	1956
2432	2049
2433	1932
2434	1892
2435	2050
2436	1863
2437	1960
2438	2065
2439	1843
2440	2021
2441	1938
2442	1923
2443	1788
2444	1940
2445	1856
2446	1841
2447	1943
2448	1736
2449	1882
2450	1929
2451	2018
2452	1953
2453	1908
2454	2025
2455	1767
2456	1909
2457	1913
2458	1854
2459	1932
2460	1780
2461	1901
2462	1904
2463	1851
2464	1868
2465	1860
2466	1880
2467	1701
2468	1896
2469	1917
2470	1782
2471	2033
2472	1941
2473	2002
2474	1936
2475	1858
2476	1994
2477	2037
2478	1834
2479	1974
2480	1935
2481	2024
2482	1892
2483	1920
2484	1918
2485	1817
2486	1990
2487	2062
2488	1898
2489	1809
2490	1964
2491	1906
2492	1910
2493	1986
2494	2085
2495	1961
2496	2001
2497	1952
2498	1859
2499	1779
2500	2144
2501	1830
2502	1905
2503	2001
2504	1945
2505	2032
2506	1975
2507	2018
2508	2047
2509	1884
2510	1996
2511	1998
2512	1964
2513	2036
2514	2036
2515	1924
2516	1901
2517	2089
2518	2062
2519	1968
2520	1939
2521	2021
2522	2034
2523	2097
2524	2076
2525	1986
2526	1998
2527	1894
2528	1999
2529	1882
2530	1962
2531	1906
2532	2018
2533	1967
2534	1966
2535	1945
2536	1947
2537	2011
2538	1968
2539	1898
2540	1915
2541	1963
2542	2119
2543	2035
2544	2075
2545	2053
2546	2063
2547	2159
2548	2371
2549	2096
2550	2214
2551	2168
2552	2036
2553	2170
2554	2100
2555	2052
2556	1843
2557	1989
2558	2198
2559	2140
2560	2049
2561	1885
2562	1903
2563	2130
2564	1955
2565	2079
2566	2109
2567	2202
2568	2091
2569	2186
2570	2105
2571	2059
2572	2061
2573	2142
2574	1968
2575	1895
2576	1917
2577	1998
2578	1865
2579	2007
2580	1989
2581	2013
2582	2019
2583	2045
2584	2016
2585	1861
2586	2120
2587	1814
2588	1928
2589	1907
2590	2055
2591	1863
2592	1809
2593	2014
2594	1799
2595	1926
2596	1833
2597	1897
2598	1978
2599	1888
2600	1920
2601	1819
2602	1902
2603	1954
2604	1779
2605	1963
2606	1769
2607	1852
2608	1888
2609	1805
2610	1864
2611	1908
2612	1872
2613	1991
2614	1993
2615	1832
2616	1770
2617	1817
2618	1847
2619	1766
2620	1917
2621	1828
2622	1819
2623	2036
2624	1938
2625	1855
2626	1938
2627	1964
2628	1885
2629	1947
2630	1877
2631	1793
2632	1814
2633	1919
2634	2039
2635	1918
2636	1989
2637	1972
2638	1893
2639	2083
2640	2022
2641	2008
2642	2008
2643	2066
2644	2060
2645	2204
2646	1916
2647	1998
2648	1994
2649	1871
2650	1947
2651	1886
2652	2328
2653	2273
2654	2596
2655	2030
2656	1951
2657	1953
2658	2033
2659	1967
2660	1893
2661	1966
2662	1840
2663	1897
2664	1993
2665	1965
2666	1805
2667	1950
2668	2017
2669	2073
2670	1912
2671	1880
2672	1976
2673	1953
2674	2089
2675	2034
2676	2097
2677	2013
2678	2150
2679	2058
2680	2109
2681	2003
2682	2095
2683	2018
2684	2212
2685	2187
2686	2099
2687	2155
2688	2082
2689	2161
2690	2138
2691	1998
2692	1969
2693	2164
2694	1821
2695	2156
2696	2040
2697	2062
2698	1873
2699	2002
2700	2232
2701	2157
2702	2251
2703	1986
2704	2122
2705	2111
2706	2113
2707	1988
2708	2007
2709	2273
2710	2396
2711	2437
2712	2013
2713	2019
2714	2133
2715	2081
2716	1724
2717	2064
2718	2104
2719	2171
2720	2051
2721	2100
2722	2310
2723	2170
2724	1921
2725	1740
2726	1960
2727	1736
2728	1803
2729	1963
2730	1806
2731	1850
2732	1822
2733	1940
2734	1776
2735	1880
2736	1867
2737	1910
2738	1999
2739	1991
2740	1960
2741	1833
2742	1973
2743	1830
2744	1813
2745	1992
2746	1808
2747	1971
2748	1857
2749	1881
2750	1688
2751	1910
2752	1799
2753	1723
2754	1687
2755	1778
2756	1665
2757	1756
2758	1814
2759	1837
2760	1873
2761	1894
2762	1821
2763	1854
2764	1893
2765	1903
2766	1950
2767	1760
2768	1799
2769	1926
2770	2093
2771	1821
2772	1963
2773	1817
2774	1798
2775	1782
2776	1914
2777	1841
2778	1774
2779	1705
2780	1681
2781	1811
2782	1601
2783	1827
2784	1782
2785	1767
2786	1765
2787	1672
2788	1723
2789	1722
2790	1760
2791	1926
2792	1741
2793	1583
2794	1856
2795	1685
2796	1668
2797	1783
2798	1791
2799	1619
2800	1748
2801	1748
2802	1607
2803	1827
2804	1789
2805	1723
2806	1871
2807	1791
2808	1743
2809	1731
2810	1754
2811	1894
2812	1786
2813	1804
2814	1700
2815	1873
2816	1808
2817	1894
2818	1813
2819	1731
2820	1819
2821	1716
2822	1865
2823	1840
2824	1902
2825	1901
2826	1854
2827	1826
2828	1745
2829	1620
2830	1704
2831	1773
2832	1804
2833	1752
2834	1789
2835	1760
2836	1709
2837	1624
2838	1719
2839	1772
2840	1636
2841	1812
2842	1596
2843	1693
2844	1660
2845	1764
2846	1877
2847	1700
2848	1834
2849	1625
2850	1800
2851	1717
2852	1642
2853	1870
2854	1619
2855	1759
2856	1785
2857	1783
2858	1701
2859	1778
2860	1858
2861	1760
2862	1843
2863	2134
2864	1938
2865	1990
2866	1678
2867	1654
2868	1857
2869	1677
2870	1668
2871	1685
2872	1722
2873	1760
2874	1750
2875	1745
2876	1732
2877	1632
2878	1751
2879	1660
2880	1685
2881	1644
2882	1756
2883	1786
2884	1729
2885	1798
2886	1713
2887	1704
2888	1773
2889	1711
2890	1666
2891	1630
2892	1646
2893	1689
2894	1670
2895	1766
2896	1582
2897	1623
2898	1710
2899	1806
2900	1766
2901	1849
2902	1683
2903	1757
2904	1745
2905	1634
2906	1755
2907	1627
2908	1681
2909	1711
2910	1685
2911	1794
2912	1658
2913	1659
2914	1786
2915	1593
2916	1678
2917	1806
2918	1776
2919	1781
2920	1745
2921	1669
2922	1772
2923	1775
2924	1623
2925	1630
2926	1518
2927	1702
2928	1604
2929	1567
2930	1693
2931	1674
2932	1603
2933	1572
2934	1674
2935	1715
2936	1652
2937	1633
2938	1662
2939	1668
2940	1631
2941	1671
2942	1697
2943	1687
2944	1666
2945	1607
2946	1557
2947	1631
2948	1638
2949	1548
2950	1749
2951	1557
2952	1622
2953	1648
2954	1535
2955	1619
2956	1505
2957	1601
2958	1641
2959	1556
2960	1539
2961	1588
2962	1655
2963	1666
2964	1620
2965	1528
2966	1726
2967	1581
2968	1637
2969	1636
2970	1738
2971	1768
2972	1586
2973	1632
2974	1607
2975	1566
2976	1548
2977	1555
2978	1623
2979	1590
2980	1637
2981	1603
2982	1771
2983	1563
2984	1574
2985	1717
2986	1614
2987	1664
2988	1684
2989	1807
2990	1670
2991	1583
2992	1685
2993	1656
2994	1739
2995	1741
2996	1660
2997	1674
2998	1689
2999	1694
3000	1636
3001	1715
3002	1641
3003	1691
3004	1733
3005	1701
3006	1690
3007	1627
3008	1687
3009	1774
3010	1631
3011	1742
3012	1668
3013	1674
3014	1598
3015	1592
3016	1597
3017	1713
3018	1641
3019	1734
3020	1796
3021	1760
3022	1581
3023	1657
3024	1686
3025	1641
3026	1540
3027	1836
3028	1740
3029	1661
3030	1608
3031	1669
3032	1592
3033	1624
3034	1668
3035	1525
3036	1596
3037	1665
3038	1598
3039	1637
3040	1625
3041	1622
3042	1628
3043	1667
3044	1551
3045	1750
3046	1631
3047	1650
3048	1676
3049	1734
3050	1749
3051	1742
3052	1724
3053	1661
3054	1740
3055	1780
3056	1689
3057	1706
3058	1590
3059	1798
3060	1682
3061	1606
3062	1830
3063	1695
3064	1666
3065	1619
3066	1749
3067	1722
3068	1779
3069	1763
3070	1642
3071	1757
3072	1795
3073	1713
3074	1743
3075	1584
3076	1627
3077	1567
3078	1539
3079	1666
3080	1774
3081	1523
3082	1652
3083	1545
3084	1622
3085	1594
3086	1561
3087	1776
3088	1612
3089	1499
3090	1597
3091	1685
3092	1584
3093	1749
3094	1606
3095	1730
3096	1667
3097	1685
3098	1603
3099	1681
3100	1721
3101	1593
3102	1608
3103	1610
3104	1846
3105	1653
3106	1635
3107	1644
3108	1687
3109	1660
3110	1554
3111	1489
3112	1580
3113	1606
3114	1624
3115	1657
3116	1723
3117	1669
3118	1658
3119	1604
3120	1549
3121	1569
3122	1593
3123	1603
3124	1500
3125	1755
3126	1685
3127	1616
3128	1665
3129	1647
3130	1650
3131	1530
3132	1511
3133	1623
3134	1494
3135	1543
3136	1535
3137	1562
3138	1565
3139	1584
3140	1700
3141	1565
3142	1576
3143	1651
3144	1678
3145	1579
3146	1636
3147	1548
3148	1630
3149	1580
3150	1686
3151	1747
3152	1578
3153	1689
3154	1617
3155	1592
3156	1487
3157	1559
3158	1777
3159	1655
3160	1614
3161	1624
3162	1664
3163	1727
3164	1754
3165	1672
3166	1774
3167	1954
3168	1800
3169	1675
3170	1621
3171	1565
3172	1612
3173	1696
3174	1694
3175	1545
3176	1633
3177	1678
3178	1708
3179	1768
3180	1484
3181	1667
3182	1559
3183	1577
3184	1587
3185	1660
3186	1478
3187	1505
3188	1615
3189	1604
3190	1611
3191	1646
3192	1636
3193	1700
3194	1555
3195	1597
3196	1694
3197	1567
3198	1616
3199	1461
3200	1548
3201	1532
3202	1646
3203	1570
3204	1589
3205	1663
3206	1590
3207	1661
3208	1694
3209	1646
3210	1693
3211	1700
3212	1665
3213	1613
3214	1410
3215	1776
3216	1617
3217	1555
3218	1621
3219	1673
3220	1676
3221	1638
3222	1591
3223	1626
3224	1584
3225	1679
3226	1649
3227	1743
3228	1546
3229	1473
3230	1672
3231	1447
3232	1589
3233	1597
3234	1482
3235	1709
3236	1714
3237	1716
3238	1804
3239	1589
3240	1621
3241	1601
3242	1844
3243	1701
3244	1732
3245	1678
3246	1691
3247	1743
3248	1584
3249	1671
3250	1722
3251	1770
3252	1761
3253	1655
3254	1593
3255	1735
3256	1799
3257	1645
3258	1661
3259	1712
3260	1794
3261	1809
3262	1621
3263	1760
3264	1523
3265	1592
3266	1525
3267	1591
3268	1723
3269	1743
3270	1563
3271	1860
3272	1593
3273	1661
3274	1687
3275	1500
3276	1665
3277	1700
3278	1625
3279	1562
3280	1712
3281	1487
3282	1649
3283	1555
3284	1635
3285	1666
3286	1682
3287	1690
3288	1633
3289	1735
3290	1613
3291	1824
3292	1632
3293	1620
3294	1793
3295	1662
3296	1672
3297	1767
3298	1889
3299	1665
3300	1693
3301	1614
3302	1715
3303	1803
3304	1923
3305	1774
3306	1835
3307	1786
3308	1729
3309	1723
3310	1787
3311	1877
3312	1610
3313	1692
3314	1646
3315	1670
3316	1799
3317	1726
3318	1764
3319	1686
3320	1649
3321	1892
3322	1712
3323	1937
3324	1682
3325	1698
3326	1670
3327	1692
3328	1656
3329	1798
3330	1597
3331	1594
3332	1588
3333	1659
3334	1677
3335	1614
3336	1567
3337	1662
3338	1562
3339	1652
3340	1758
3341	1665
3342	1676
3343	1683
3344	1595
3345	1641
3346	1606
3347	1718
3348	1687
3349	1544
3350	1610
3351	1683
3352	1665
3353	1567
3354	1480
3355	1600
3356	1600
3357	1565
3358	1573
3359	1657
3360	1697
3361	1568
3362	1608
3363	1491
3364	1542
3365	1545
3366	1535
3367	1449
3368	1635
3369	1477
3370	1424
3371	1526
3372	1520
3373	1489
3374	1367
3375	1479
3376	1460
3377	1435
3378	1599
3379	1531
3380	1480
3381	1293
3382	1472
3383	1443
3384	1414
3385	1358
3386	1352
3387	1510
3388	1444
3389	1443
3390	1467
3391	1505
3392	1375
3393	1307
3394	1284
3395	1239
3396	1571
3397	1385
3398	1449
3399	1434
3400	1354
3401	1509
3402	1609
3403	1404
3404	1323
3405	1478
3406	1347
3407	1395
3408	1478
3409	1402
3410	1398
3411	1461
3412	1342
3413	1566
3414	1342
3415	1385
3416	1446
3417	1360
3418	1392
3419	1349
3420	1457
3421	1393
3422	1381
3423	1400
3424	1376
3425	1481
3426	1459
3427	1449
3428	1519
3429	1413
3430	1400
3431	1488
3432	1439
3433	1372
3434	1374
3435	1392
3436	1375
3437	1543
3438	1485
3439	1445
3440	1353
3441	1385
3442	1456
3443	1470
3444	1506
3445	1326
3446	1331
3447	1348
3448	1350
3449	1420
3450	1385
3451	1390
3452	1437
3453	1523
3454	1371
3455	1296
3456	1496
3457	1391
3458	1443
3459	1447
3460	1283
3461	1457
3462	1400
3463	1315
3464	1312
3465	1480
3466	1374
3467	1444
3468	1374
3469	1330
3470	1358
3471	1415
3472	1405
3473	1438
3474	1236
3475	1339
3476	1422
3477	1427
3478	1324
3479	1352
3480	1353
3481	1315
3482	1292
3483	1341
3484	1268
3485	1335
3486	1277
3487	1344
3488	1296
3489	1374
3490	1347
3491	1430
3492	1369
3493	1370
3494	1307
3495	1305
3496	1375
3497	1322
3498	1210
3499	1362
3500	1339
3501	1429
3502	1295
3503	1384
3504	1409
3505	1269
3506	1309
3507	1321
3508	1317
3509	1418
3510	1353
3511	1205
3512	1460
3513	1368
3514	1268
3515	1369
3516	1394
3517	1266
3518	1349
3519	1398
3520	1240
3521	1340
3522	1279
3523	1327
3524	1349
3525	1311
3526	1322
3527	1428
3528	1349
3529	1422
3530	1413
3531	1319
3532	1293
3533	1352
3534	1391
3535	1279
3536	1295
3537	1355
3538	1461
3539	1361
3540	1324
3541	1262
3542	1210
3543	1273
3544	1309
3545	1336
3546	1250
3547	1408
3548	1315
3549	1246
3550	1314
3551	1332
3552	1275
3553	1379
3554	1295
3555	1313
3556	1365
3557	1338
3558	1383
3559	1465
3560	1250
3561	1307
3562	1383
3563	1305
3564	1287
3565	1412
3566	1370
3567	1310
3568	1281
3569	1509
3570	1289
3571	1300
3572	1418
3573	1435
3574	1307
3575	1330
3576	1415
3577	1262
3578	1405
3579	1458
3580	1454
3581	1353
3582	1437
3583	1444
3584	1363
3585	1463
3586	1453
3587	1324
3588	1451
3589	1372
3590	1394
3591	1289
3592	1340
3593	1408
3594	1546
3595	1420
3596	1436
3597	1439
3598	1502
3599	1361
3600	1381
3601	1311
3602	1405
3603	1307
3604	1360
3605	1401
3606	1371
3607	1430
3608	1420
3609	1515
3610	1322
3611	1342
3612	1373
3613	1220
3614	1415
3615	1308
3616	1306
3617	1475
3618	1332
3619	1434
3620	1337
3621	1359
3622	1242
3623	1328
3624	1477
3625	1449
3626	1403
3627	1438
3628	1347
3629	1483
3630	1360
3631	1230
3632	1253
3633	1329
3634	1234
3635	1222
3636	1473
3637	1272
3638	1448
3639	1258
3640	1290
3641	1346
3642	1374
3643	1349
3644	1407
3645	1291
3646	1250
3647	1361
3648	1345
3649	1310
3650	1236
3651	1294
3652	1301
3653	1334
3654	1314
3655	1384
3656	1387
3657	1239
3658	1418
3659	1385
3660	1284
3661	1340
3662	1384
3663	1398
3664	1254
3665	1261
3666	1324
3667	1260
3668	1327
3669	1249
3670	1302
3671	1288
3672	1269
3673	1428
3674	1418
3675	1369
3676	1413
3677	1469
3678	1375
3679	1373
3680	1326
3681	1465
3682	1439
3683	1328
3684	1292
3685	1278
3686	1358
3687	1405
3688	1352
3689	1303
3690	1411
3691	1317
3692	1334
3693	1416
3694	1379
3695	1353
3696	1359
3697	1393
3698	1258
3699	1482
3700	1423
3701	1425
3702	1328
3703	1419
3704	1417
3705	1400
3706	1434
3707	1434
3708	1385
3709	1306
3710	1391
3711	1383
3712	1452
3713	1583
3714	1342
3715	1502
3716	1545
3717	1453
3718	1660
3719	1460
3720	1393
3721	1299
3722	1453
3723	1394
3724	1310
3725	1429
3726	1581
3727	1454
3728	1486
3729	1485
3730	1385
3731	1382
3732	1439
3733	1308
3734	1409
3735	1316
3736	1380
3737	1334
3738	1602
3739	1392
3740	1373
3741	1323
3742	1353
3743	1337
3744	1366
3745	1418
3746	1345
3747	1418
3748	1413
3749	1358
3750	1381
3751	1322
3752	1438
3753	1404
3754	1248
3755	1585
3756	1275
3757	1386
3758	1326
3759	1474
3760	1260
3761	1316
3762	1344
3763	1284
3764	1306
3765	1338
3766	1321
3767	1397
3768	1463
3769	1477
3770	1379
3771	1444
3772	1418
3773	1466
3774	1386
3775	1405
3776	1286
3777	1259
3778	1359
3779	1323
3780	1295
3781	1301
3782	1350
3783	1273
3784	1393
3785	1399
3786	1315
3787	1443
3788	1452
3789	1221
3790	1452
3791	1315
3792	1256
3793	1211
3794	1157
3795	1369
3796	1277
3797	1306
3798	1185
3799	1322
3800	1350
3801	1151
3802	1276
3803	1205
3804	1209
3805	1280
3806	1292
3807	1172
3808	1254
3809	1198
3810	1403
3811	1190
3812	1154
3813	1190
3814	1214
3815	1254
3816	1108
3817	1166
3818	1333
3819	1198
3820	1185
3821	1180
3822	1257
3823	1169
3824	1244
3825	1176
3826	1170
3827	1162
3828	1225
3829	1156
3830	1148
3831	1179
3832	1253
3833	1163
3834	1101
3835	1111
3836	1157
3837	1193
3838	1135
3839	1087
3840	1135
3841	1187
3842	1156
3843	1178
3844	1150
3845	1124
3846	1345
3847	1213
3848	1123
3849	1103
3850	1138
3851	1330
3852	1292
3853	1109
3854	1232
3855	1209
3856	1126
3857	1121
3858	1245
3859	1191
3860	1173
3861	1149
3862	1227
3863	1215
3864	1188
3865	1163
3866	1196
3867	1142
3868	1224
3869	1178
3870	1121
3871	1070
3872	1159
3873	1203
3874	1266
3875	1253
3876	1191
3877	1277
3878	1338
3879	1172
3880	1288
3881	1261
3882	1233
3883	1264
3884	1251
3885	1184
3886	1091
3887	1160
3888	1279
3889	1121
3890	1160
3891	1108
3892	1216
3893	1210
3894	1267
3895	1095
3896	1134
3897	1188
3898	1281
3899	1106
3900	1250
3901	1194
3902	1363
3903	1372
3904	1225
3905	1180
3906	1215
3907	1178
3908	1225
3909	1445
3910	1314
3911	1265
3912	1292
3913	1339
3914	1196
3915	1382
3916	1326
3917	1447
3918	1331
3919	1294
3920	1384
3921	1233
3922	1353
3923	1270
3924	1462
3925	1336
3926	1387
3927	1354
3928	1361
3929	1520
3930	1498
3931	1461
3932	1495
3933	1574
3934	1380
3935	1315
3936	1411
3937	1420
3938	1402
3939	1283
3940	1352
3941	1323
3942	1379
3943	1273
3944	1259
3945	1345
3946	1250
3947	1454
3948	1247
3949	1355
3950	1300
3951	1258
3952	1365
3953	1456
3954	1378
3955	1360
3956	1461
3957	1328
3958	1413
3959	1438
3960	1478
3961	1382
3962	1328
3963	1364
3964	1323
3965	1362
3966	1385
3967	1337
3968	1377
3969	1242
3970	1341
3971	1348
3972	1462
3973	1397
3974	1291
3975	1391
3976	1349
3977	1303
3978	1416
3979	1274
3980	1321
3981	1318
3982	1375
3983	1389
3984	1328
3985	1332
3986	1322
3987	1468
3988	1334
3989	1298
3990	1429
3991	1224
3992	1164
3993	1185
3994	1242
3995	1325
3996	1146
3997	1212
3998	1178
3999	1355
4000	1294
4001	1236
4002	1439
4003	1359
4004	1341
4005	1195
4006	1364
4007	1278
4008	1297
4009	1391
4010	1277
4011	1374
4012	1277
4013	1382
4014	1369
4015	1475
4016	1191
4017	1380
4018	1371
4019	1485
4020	1486
4021	1479
4022	1375
4023	1331
4024	1360
4025	1304
4026	1421
4027	1538
4028	1284
4029	1340
4030	1459
4031	1287
4032	1648
4033	1477
4034	1553
4035	1751
4036	1344
4037	1293
4038	1449
4039	1318
4040	1233
4041	1254
4042	1278
4043	1260
4044	1384
4045	1312
4046	1290
4047	1277
4048	1217
4049	1368
4050	1228
4051	1243
4052	1240
4053	1261
4054	1156
4055	1283
4056	1204
4057	1323
4058	1210
4059	1247
4060	1229
4061	1213
4062	1281
4063	1208
4064	1191
4065	1168
4066	1398
4067	1322
4068	1350
4069	1261
4070	1260
4071	1237
4072	1207
4073	1225
4074	1167
4075	1304
4076	1309
4077	1284
4078	1164
4079	1314
4080	1262
4081	1247
4082	1251
4083	1327
4084	1074
4085	1293
4086	1245
4087	1249
4088	1236
4089	1231
4090	1228
4091	1160
4092	1279
4093	1138
4094	1142
4095	1132
4096	1221
4097	1357
4098	1264
4099	1254
4100	1340
4101	1210
4102	1266
4103	1134
4104	1149
4105	1112
4106	1147
4107	1117
4108	1142
4109	1078
4110	1142
4111	1033
4112	1131
4113	1082
4114	1120
4115	1159
4116	1124
4117	1122
4118	1226
4119	1131
4120	1306
4121	1146
4122	1141
4123	1164
4124	1145
4125	1005
4126	1181
4127	1142
4128	1236
4129	1151
4130	1135
4131	1148
4132	1164
4133	1084
4134	1033
4135	1086
4136	976
4137	1031
4138	1051
4139	1070
4140	1051
4141	1042
4142	971
4143	1048
4144	991
4145	1008
4146	1118
4147	1154
4148	1074
4149	1018
4150	1010
4151	1028
4152	1139
4153	1074
4154	1145
4155	1087
4156	1033
4157	939
4158	1027
4159	1016
4160	1100
4161	1088
4162	1103
4163	1051
4164	1085
4165	1022
4166	1041
4167	1136
4168	1061
4169	1017
4170	1073
4171	989
4172	1017
4173	1036
4174	992
4175	1079
4176	1004
4177	938
4178	1006
4179	1061
4180	1059
4181	1048
4182	994
4183	1037
4184	1045
4185	1049
4186	1072
4187	988
4188	1018
4189	1046
4190	1033
4191	1011
4192	1150
4193	936
4194	955
4195	1043
4196	1035
4197	1022
4198	1075
4199	1006
4200	1043
4201	1018
4202	1187
4203	1047
4204	971
4205	956
4206	1087
4207	1101
4208	1113
4209	1005
4210	1040
4211	997
4212	985
4213	1124
4214	998
4215	1073
4216	1114
4217	1030
4218	1097
4219	1129
4220	1078
4221	1076
4222	1056
4223	1029
4224	1065
4225	1092
4226	1075
4227	1252
4228	1137
4229	1105
4230	1032
4231	1024
4232	1114
4233	1031
4234	951
4235	1049
4236	992
4237	1025
4238	1091
4239	1071
4240	1060
4241	1001
4242	1030
4243	1121
4244	1152
4245	1118
4246	1131
4247	1060
4248	1226
4249	1021
4250	979
4251	979
4252	1037
4253	1120
4254	1043
4255	1054
4256	1020
4257	1035
4258	1024
4259	915
4260	962
4261	1114
4262	1073
4263	1086
4264	1008
4265	1076
4266	1143
4267	1069
4268	1109
4269	1120
4270	1060
4271	1064
4272	1170
4273	1129
4274	1098
4275	1091
4276	1171
4277	1126
4278	1091
4279	1079
4280	1155
4281	1111
4282	1065
4283	1081
4284	1119
4285	974
4286	1129
4287	1212
4288	1110
4289	1132
4290	1059
4291	1114
4292	1031
4293	1199
4294	998
4295	1078
4296	1094
4297	1167
4298	1184
4299	1221
4300	1111
4301	966
4302	1100
4303	1093
4304	1086
4305	1132
4306	1042
4307	1140
4308	1126
4309	1067
4310	1063
4311	992
4312	1064
4313	1084
4314	1090
4315	984
4316	1103
4317	968
4318	1127
4319	1063
4320	941
4321	902
4322	1103
4323	969
4324	1017
4325	1054
4326	1045
4327	972
4328	978
4329	1011
4330	955
4331	1006
4332	1063
4333	991
4334	1081
4335	1045
4336	947
4337	1054
4338	948
4339	1018
4340	987
4341	1020
4342	960
4343	1037
4344	1041
4345	998
4346	973
4347	856
4348	920
4349	944
4350	1036
4351	908
4352	958
4353	855
4354	969
4355	949
4356	971
4357	939
4358	1006
4359	925
4360	942
4361	907
4362	986
4363	1023
4364	1072
4365	964
4366	873
4367	935
4368	916
4369	1006
4370	965
4371	1020
4372	1039
4373	998
4374	884
4375	886
4376	1000
4377	987
4378	992
4379	993
4380	956
4381	970
4382	938
4383	956
4384	968
4385	859
4386	912
4387	903
4388	982
4389	937
4390	888
4391	1045
4392	870
4393	1093
4394	1007
4395	1103
4396	955
4397	995
4398	1068
4399	845
4400	956
4401	980
4402	859
4403	937
4404	956
4405	989
4406	910
4407	975
4408	1024
4409	984
4410	907
4411	968
4412	913
4413	943
4414	886
4415	931
4416	1011
4417	953
4418	977
4419	852
4420	889
4421	924
4422	884
4423	918
4424	848
4425	908
4426	885
4427	996
4428	1007
4429	1043
4430	1005
4431	945
4432	950
4433	941
4434	887
4435	836
4436	891
4437	863
4438	776
4439	935
4440	929
4441	897
4442	1058
4443	1064
4444	954
4445	893
4446	903
4447	884
4448	968
4449	999
4450	915
4451	966
4452	871
4453	948
4454	934
4455	874
4456	918
4457	918
4458	894
4459	937
4460	913
4461	895
4462	889
4463	885
4464	931
4465	890
4466	912
4467	939
4468	820
4469	939
4470	854
4471	902
4472	902
4473	890
4474	894
4475	950
4476	839
4477	971
4478	816
4479	872
4480	904
4481	891
4482	877
4483	897
4484	1005
4485	939
4486	858
4487	849
4488	870
4489	898
4490	939
4491	867
4492	946
4493	817
4494	923
4495	914
4496	956
4497	949
4498	955
4499	944
4500	954
4501	948
4502	840
4503	997
4504	956
4505	955
4506	900
4507	809
4508	886
4509	961
4510	930
4511	798
4512	947
4513	978
4514	965
4515	866
4516	1006
4517	925
4518	921
4519	937
4520	809
4521	966
4522	871
4523	949
4524	877
4525	897
4526	944
4527	864
4528	837
4529	829
4530	918
4531	964
4532	893
4533	970
4534	872
4535	1007
4536	884
4537	973
4538	789
4539	928
4540	963
4541	897
4542	903
4543	840
4544	867
4545	851
4546	886
4547	1021
4548	890
4549	1019
4550	914
4551	925
4552	866
4553	853
4554	953
4555	811
4556	836
4557	913
4558	969
4559	868
4560	803
4561	867
4562	886
4563	866
4564	759
4565	853
4566	839
4567	822
4568	952
4569	923
4570	910
4571	841
4572	942
4573	888
4574	811
4575	814
4576	812
4577	843
4578	852
4579	843
4580	745
4581	806
4582	833
4583	857
4584	827
4585	909
4586	864
4587	840
4588	907
4589	887
4590	857
4591	905
4592	849
4593	858
4594	802
4595	806
4596	866
4597	932
4598	937
4599	864
4600	888
4601	862
4602	898
4603	797
4604	899
4605	772
4606	795
4607	854
4608	849
4609	813
4610	799
4611	847
4612	896
4613	873
4614	924
4615	952
4616	856
4617	932
4618	931
4619	883
4620	932
4621	917
4622	985
4623	899
4624	887
4625	956
4626	975
4627	856
4628	970
4629	939
4630	980
4631	900
4632	996
4633	931
4634	951
4635	952
4636	920
4637	950
4638	955
4639	993
4640	926
4641	935
4642	945
4643	963
4644	883
4645	988
4646	1005
4647	914
4648	910
4649	1036
4650	872
4651	956
4652	858
4653	881
4654	909
4655	903
4656	882
4657	851
4658	999
4659	931
4660	952
4661	870
4662	1014
4663	979
4664	839
4665	904
4666	919
4667	887
4668	908
4669	978
4670	959
4671	931
4672	949
4673	1083
4674	961
4675	951
4676	980
4677	1027
4678	960
4679	863
4680	915
4681	902
4682	887
4683	920
4684	911
4685	897
4686	935
4687	893
4688	865
4689	919
4690	919
4691	843
4692	944
4693	912
4694	1021
4695	960
4696	947
4697	915
4698	968
4699	932
4700	923
4701	956
4702	942
4703	840
4704	978
4705	853
4706	957
4707	833
4708	790
4709	913
4710	830
4711	864
4712	901
4713	989
4714	931
4715	762
4716	902
4717	894
4718	847
4719	905
4720	1002
4721	916
4722	836
4723	853
4724	859
4725	894
4726	854
4727	897
4728	875
4729	827
4730	925
4731	855
4732	854
4733	843
4734	922
4735	837
4736	966
4737	869
4738	860
4739	912
4740	896
4741	982
4742	852
4743	884
4744	917
4745	890
4746	919
4747	805
4748	874
4749	845
4750	854
4751	889
4752	870
4753	782
4754	953
4755	885
4756	863
4757	939
4758	844
4759	847
4760	870
4761	1128
4762	897
4763	754
4764	911
4765	955
4766	924
4767	895
4768	803
4769	894
4770	829
4771	845
4772	911
4773	932
4774	934
4775	907
4776	868
4777	833
4778	835
4779	888
4780	772
4781	948
4782	831
4783	867
4784	853
4785	846
4786	931
4787	944
4788	782
4789	836
4790	870
4791	883
4792	877
4793	905
4794	897
4795	874
4796	873
4797	740
4798	880
4799	886
4800	845
4801	822
4802	825
4803	900
4804	885
4805	918
4806	887
4807	803
4808	874
4809	778
4810	933
4811	915
4812	856
4813	794
4814	891
4815	907
4816	826
4817	967
4818	839
4819	937
4820	903
4821	901
4822	974
4823	951
4824	934
4825	955
4826	942
4827	890
4828	980
4829	997
4830	927
4831	941
4832	854
4833	942
4834	844
4835	931
4836	900
4837	937
4838	1005
4839	842
4840	925
4841	887
4842	1017
4843	1112
4844	1070
4845	1077
4846	1088
4847	1089
4848	914
4849	1063
4850	1198
4851	1120
4852	1260
4853	1269
4854	1459
4855	1099
4856	863
4857	836
4858	973
4859	1021
4860	1077
4861	1065
4862	935
4863	945
4864	979
4865	954
4866	1136
4867	1058
4868	949
4869	1403
4870	976
4871	867
4872	889
4873	893
4874	952
4875	1013
4876	989
4877	846
4878	1060
4879	943
4880	970
4881	962
4882	807
4883	947
4884	973
4885	874
4886	929
4887	871
4888	945
4889	889
4890	920
4891	878
4892	934
4893	911
4894	922
4895	905
4896	944
4897	902
4898	954
4899	822
4900	969
4901	1112
4902	843
4903	951
4904	833
4905	880
4906	843
4907	955
4908	939
4909	883
4910	906
4911	952
4912	951
4913	924
4914	871
4915	914
4916	883
4917	844
4918	940
4919	834
4920	801
4921	796
4922	896
4923	912
4924	889
4925	831
4926	831
4927	779
4928	809
4929	777
4930	776
4931	798
4932	868
4933	801
4934	862
4935	792
4936	890
4937	912
4938	750
4939	813
4940	911
4941	917
4942	872
4943	911
4944	889
4945	781
4946	706
4947	804
4948	987
4949	794
4950	939
4951	818
4952	877
4953	836
4954	818
4955	819
4956	843
4957	795
4958	868
4959	846
4960	928
4961	937
4962	781
4963	831
4964	888
4965	948
4966	929
4967	764
4968	798
4969	902
4970	888
4971	849
4972	814
4973	811
4974	814
4975	743
4976	843
4977	882
4978	931
4979	875
4980	842
4981	850
4982	768
4983	805
4984	799
4985	825
4986	857
4987	838
4988	827
4989	844
4990	878
4991	843
4992	777
4993	854
4994	758
4995	781
4996	896
4997	799
4998	786
4999	794
5000	739
5001	816
5002	813
5003	789
5004	903
5005	817
5006	742
5007	880
5008	741
5009	824
5010	683
5011	816
5012	750
5013	777
5014	828
5015	870
5016	805
5017	839
5018	852
5019	923
5020	782
5021	795
5022	810
5023	805
5024	795
5025	681
5026	788
5027	735
5028	853
5029	844
5030	816
5031	767
5032	893
5033	797
5034	794
5035	722
5036	796
5037	830
5038	769
5039	785
5040	800
5041	762
5042	746
5043	745
5044	802
5045	816
5046	772
5047	755
5048	802
5049	786
5050	844
5051	712
5052	771
5053	828
5054	689
5055	726
5056	741
5057	782
5058	783
5059	840
5060	816
5061	710
5062	737
5063	807
5064	756
5065	738
5066	729
5067	773
5068	741
5069	766
5070	708
5071	780
5072	804
5073	753
5074	690
5075	792
5076	774
5077	737
5078	738
5079	706
5080	771
5081	750
5082	733
5083	728
5084	799
5085	777
5086	791
5087	769
5088	781
5089	856
5090	730
5091	734
5092	814
5093	732
5094	806
5095	787
5096	821
5097	700
5098	691
5099	766
5100	777
5101	735
5102	721
5103	790
5104	787
5105	687
5106	727
5107	727
5108	663
5109	730
5110	760
5111	734
5112	712
5113	764
5114	620
5115	733
5116	690
5117	779
5118	650
5119	773
5120	711
5121	675
5122	696
5123	683
5124	695
5125	683
5126	722
5127	714
5128	652
5129	703
5130	708
5131	710
5132	680
5133	745
5134	725
5135	824
5136	676
5137	640
5138	718
5139	813
5140	691
5141	759
5142	750
5143	756
5144	749
5145	693
5146	773
5147	711
5148	721
5149	734
5150	671
5151	665
5152	648
5153	748
5154	749
5155	661
5156	707
5157	706
5158	744
5159	737
5160	741
5161	692
5162	780
5163	627
5164	671
5165	757
5166	697
5167	729
5168	676
5169	743
5170	629
5171	686
5172	654
5173	630
5174	749
5175	675
5176	754
5177	669
5178	764
5179	668
5180	592
5181	698
5182	736
5183	719
5184	673
5185	720
5186	688
5187	744
5188	782
5189	717
5190	813
5191	689
5192	705
5193	731
5194	674
5195	664
5196	722
5197	695
5198	804
5199	778
5200	766
5201	733
5202	724
5203	783
5204	717
5205	733
5206	722
5207	691
5208	722
5209	657
5210	744
5211	705
5212	727
5213	800
5214	713
5215	575
5216	751
5217	671
5218	587
5219	685
5220	664
5221	701
5222	715
5223	816
5224	662
5225	664
5226	709
5227	711
5228	736
5229	622
5230	757
5231	748
5232	667
5233	707
5234	759
5235	729
5236	740
5237	706
5238	767
5239	711
5240	779
5241	715
5242	738
5243	740
5244	697
5245	636
5246	717
5247	676
5248	717
5249	708
5250	810
5251	701
5252	680
5253	797
5254	738
5255	737
5256	702
5257	716
5258	625
5259	649
5260	635
5261	692
5262	723
5263	657
5264	729
5265	717
5266	648
5267	657
5268	673
5269	658
5270	701
5271	775
5272	723
5273	745
5274	666
5275	679
5276	717
5277	718
5278	743
5279	597
5280	696
5281	661
5282	585
5283	737
5284	730
5285	657
5286	771
5287	723
5288	696
5289	672
5290	640
5291	738
5292	735
5293	698
5294	806
5295	671
5296	749
5297	713
5298	714
5299	777
5300	688
5301	705
5302	722
5303	758
5304	659
5305	656
5306	680
5307	702
5308	682
5309	755
5310	664
5311	731
5312	653
5313	737
5314	655
5315	695
5316	623
5317	741
5318	695
5319	622
5320	715
5321	701
5322	664
5323	681
5324	613
5325	737
5326	658
5327	687
5328	670
5329	729
5330	701
5331	747
5332	719
5333	721
5334	671
5335	716
5336	678
5337	699
5338	675
5339	680
5340	773
5341	737
5342	715
5343	719
5344	676
5345	653
5346	732
5347	762
5348	630
5349	722
5350	843
5351	744
5352	685
5353	707
5354	653
5355	687
5356	676
5357	678
5358	764
5359	707
5360	683
5361	754
5362	721
5363	662
5364	653
5365	720
5366	766
5367	665
5368	789
5369	725
5370	788
5371	779
5372	709
5373	723
5374	827
5375	751
5376	669
5377	679
5378	719
5379	720
5380	647
5381	742
5382	686
5383	794
5384	681
5385	679
5386	681
5387	833
5388	662
5389	759
5390	668
5391	758
5392	794
5393	783
5394	723
5395	746
5396	715
5397	672
5398	783
5399	739
5400	765
5401	722
5402	614
5403	702
5404	705
5405	686
5406	735
5407	748
5408	770
5409	674
5410	758
5411	711
5412	692
5413	729
5414	800
5415	847
5416	756
5417	730
5418	770
5419	799
5420	810
5421	791
5422	867
5423	746
5424	846
5425	728
5426	765
5427	794
5428	821
5429	674
5430	735
5431	711
5432	779
5433	814
5434	766
5435	778
5436	799
5437	811
5438	802
5439	768
5440	823
5441	763
5442	831
5443	760
5444	862
5445	848
5446	791
5447	741
5448	824
5449	884
5450	736
5451	771
5452	781
5453	677
5454	784
5455	778
5456	742
5457	718
5458	876
5459	721
5460	796
5461	730
5462	788
5463	856
5464	759
5465	798
5466	754
5467	805
5468	716
5469	820
5470	826
5471	888
5472	775
5473	805
5474	886
5475	819
5476	872
5477	955
5478	828
5479	939
5480	865
5481	872
5482	753
5483	872
5484	786
5485	872
5486	950
5487	884
5488	1005
5489	902
5490	988
5491	1036
5492	1031
5493	967
5494	903
5495	940
5496	970
5497	950
5498	1053
5499	1019
5500	882
5501	970
5502	867
5503	806
5504	835
5505	941
5506	989
5507	905
5508	852
5509	768
5510	904
5511	1020
5512	863
5513	1021
5514	932
5515	916
5516	843
5517	788
5518	860
5519	931
5520	898
5521	839
5522	978
5523	848
5524	1064
5525	928
5526	943
5527	816
5528	957
5529	966
5530	891
5531	932
5532	832
5533	821
5534	916
5535	840
5536	887
5537	882
5538	973
5539	901
5540	859
5541	940
5542	931
5543	830
5544	970
5545	951
5546	891
5547	810
5548	912
5549	854
5550	898
5551	958
5552	901
5553	947
5554	855
5555	949
5556	925
5557	905
5558	821
5559	917
5560	845
5561	761
5562	864
5563	875
5564	843
5565	748
5566	755
5567	841
5568	759
5569	795
5570	839
5571	730
5572	916
5573	731
5574	894
5575	836
5576	902
5577	833
5578	762
5579	867
5580	844
5581	899
5582	781
5583	792
5584	785
5585	715
5586	736
5587	703
5588	775
5589	797
5590	761
5591	833
5592	765
5593	800
5594	802
5595	799
5596	802
5597	799
5598	733
5599	699
5600	791
5601	805
5602	775
5603	837
5604	776
5605	803
5606	702
5607	846
5608	808
5609	794
5610	845
5611	890
5612	842
5613	742
5614	739
5615	779
5616	797
5617	704
5618	760
5619	772
5620	686
5621	767
5622	793
5623	776
5624	777
5625	734
5626	786
5627	734
5628	812
5629	748
5630	812
5631	709
5632	823
5633	676
5634	756
5635	833
5636	798
5637	673
5638	729
5639	762
5640	791
5641	817
5642	836
5643	799
5644	696
5645	838
5646	798
5647	869
5648	795
5649	798
5650	781
5651	798
5652	750
5653	756
5654	789
5655	781
5656	751
5657	731
5658	778
5659	756
5660	730
5661	681
5662	830
5663	736
5664	778
5665	711
5666	821
5667	720
5668	677
5669	714
5670	661
5671	794
5672	740
5673	812
5674	765
5675	668
5676	747
5677	778
5678	611
5679	749
5680	833
5681	776
5682	658
5683	678
5684	749
5685	622
5686	757
5687	790
5688	789
5689	848
5690	716
5691	824
5692	711
5693	810
5694	811
5695	696
5696	692
5697	760
5698	755
5699	821
5700	739
5701	770
5702	770
5703	756
5704	818
5705	629
5706	695
5707	829
5708	728
5709	810
5710	741
5711	782
5712	719
5713	728
5714	678
5715	832
5716	722
5717	759
5718	695
5719	729
5720	821
5721	643
5722	749
5723	806
5724	717
5725	689
5726	790
5727	770
5728	767
5729	853
5730	703
5731	703
5732	743
5733	722
5734	783
5735	797
5736	703
5737	686
5738	695
5739	729
5740	830
5741	729
5742	751
5743	704
5744	736
5745	765
5746	767
5747	691
5748	778
5749	779
5750	779
5751	758
5752	757
5753	789
5754	621
5755	766
5756	755
5757	717
5758	675
5759	753
5760	789
5761	747
5762	747
5763	728
5764	754
5765	771
5766	726
5767	711
5768	684
5769	671
5770	685
5771	740
5772	819
5773	717
5774	702
5775	772
5776	685
5777	719
5778	649
5779	752
5780	655
5781	722
5782	718
5783	617
5784	775
5785	768
5786	771
5787	711
5788	660
5789	636
5790	703
5791	755
5792	669
5793	769
5794	756
5795	718
5796	599
5797	688
5798	695
5799	704
5800	689
5801	690
5802	739
5803	685
5804	721
5805	736
5806	624
5807	727
5808	666
5809	636
5810	691
5811	747
5812	709
5813	635
5814	637
5815	774
5816	677
5817	785
5818	709
5819	633
5820	687
5821	652
5822	699
5823	666
5824	719
5825	761
5826	732
5827	725
5828	668
5829	610
5830	745
5831	672
5832	654
5833	756
5834	674
5835	664
5836	788
5837	658
5838	706
5839	639
5840	708
5841	757
5842	643
5843	657
5844	725
5845	683
5846	727
5847	609
5848	650
5849	621
5850	701
5851	705
5852	717
5853	785
5854	705
5855	604
5856	655
5857	752
5858	697
5859	740
5860	712
5861	683
5862	722
5863	681
5864	664
5865	688
5866	748
5867	712
5868	775
5869	711
5870	636
5871	678
5872	656
5873	703
5874	631
5875	593
5876	632
5877	756
5878	625
5879	658
5880	613
5881	650
5882	652
5883	664
5884	667
5885	634
5886	661
5887	682
5888	639
5889	661
5890	604
5891	629
5892	638
5893	664
5894	633
5895	618
5896	693
5897	642
5898	640
5899	584
5900	726
5901	644
5902	605
5903	643
5904	621
5905	632
5906	603
5907	683
5908	619
5909	655
5910	594
5911	658
5912	639
5913	645
5914	559
5915	654
5916	637
5917	632
5918	690
5919	571
5920	637
5921	661
5922	676
5923	657
5924	574
5925	620
5926	595
5927	635
5928	678
5929	671
5930	621
5931	604
5932	655
5933	678
5934	614
5935	636
5936	610
5937	692
5938	703
5939	597
5940	619
5941	638
5942	650
5943	696
5944	579
5945	651
5946	651
5947	648
5948	562
5949	669
5950	603
5951	624
5952	623
5953	687
5954	629
5955	658
5956	666
5957	703
5958	593
5959	672
5960	690
5961	610
5962	671
5963	590
5964	740
5965	681
5966	621
5967	595
5968	635
5969	579
5970	679
5971	562
5972	638
5973	724
5974	609
5975	687
5976	646
5977	637
5978	708
5979	548
5980	632
5981	609
5982	648
5983	627
5984	651
5985	652
5986	684
5987	641
5988	595
5989	639
5990	641
5991	671
5992	630
5993	669
5994	598
5995	633
5996	646
5997	664
5998	607
5999	655
6000	675
6001	712
6002	629
6003	653
6004	578
6005	652
6006	651
6007	638
6008	589
6009	601
6010	742
6011	666
6012	632
6013	667
6014	694
6015	585
6016	672
6017	625
6018	739
6019	593
6020	631
6021	606
6022	600
6023	615
6024	638
6025	602
6026	603
6027	599
6028	640
6029	524
6030	501
6031	618
6032	624
6033	697
6034	606
6035	594
6036	650
6037	658
6038	639
6039	575
6040	651
6041	563
6042	566
6043	610
6044	550
6045	582
6046	640
6047	605
6048	503
6049	576
6050	560
6051	593
6052	645
6053	653
6054	627
6055	667
6056	565
6057	628
6058	640
6059	663
6060	630
6061	569
6062	589
6063	513
6064	628
6065	607
6066	596
6067	586
6068	598
6069	599
6070	620
6071	562
6072	614
6073	498
6074	573
6075	613
6076	627
6077	587
6078	490
6079	573
6080	541
6081	659
6082	610
6083	567
6084	617
6085	605
6086	590
6087	568
6088	610
6089	531
6090	623
6091	638
6092	587
6093	571
6094	582
6095	579
6096	587
6097	605
6098	589
6099	597
6100	541
6101	654
6102	590
6103	607
6104	624
6105	621
6106	578
6107	613
6108	635
6109	575
6110	578
6111	589
6112	534
6113	650
6114	531
6115	655
6116	678
6117	550
6118	650
6119	539
6120	603
6121	559
6122	639
6123	566
6124	577
6125	659
6126	615
6127	638
6128	632
6129	552
6130	689
6131	630
6132	633
6133	514
6134	567
6135	578
6136	583
6137	623
6138	561
6139	595
6140	560
6141	602
6142	582
6143	614
6144	607
6145	604
6146	584
6147	586
6148	530
6149	563
6150	621
6151	610
6152	631
6153	614
6154	542
6155	590
6156	530
6157	542
6158	579
6159	561
6160	507
6161	532
6162	546
6163	616
6164	565
6165	620
6166	510
6167	627
6168	516
6169	662
6170	547
6171	546
6172	565
6173	635
6174	531
6175	594
6176	492
6177	560
6178	579
6179	498
6180	529
6181	563
6182	552
6183	554
6184	600
6185	562
6186	629
6187	467
6188	520
6189	511
6190	535
6191	584
6192	542
6193	546
6194	552
6195	554
6196	567
6197	566
6198	503
6199	536
6200	538
6201	552
6202	557
6203	576
6204	452
6205	531
6206	561
6207	464
6208	415
6209	563
6210	553
6211	587
6212	606
6213	547
6214	519
6215	547
6216	555
6217	600
6218	557
6219	557
6220	489
6221	568
6222	527
6223	552
6224	529
6225	566
6226	537
6227	503
6228	501
6229	544
6230	515
6231	565
6232	527
6233	538
6234	583
6235	553
6236	500
6237	467
6238	540
6239	555
6240	534
6241	577
6242	560
6243	562
6244	537
6245	575
6246	681
6247	448
6248	587
6249	651
6250	547
6251	514
6252	539
6253	526
6254	590
6255	536
6256	499
6257	481
6258	566
6259	590
6260	567
6261	534
6262	512
6263	491
6264	501
6265	577
6266	566
6267	538
6268	522
6269	569
6270	560
6271	565
6272	525
6273	461
6274	561
6275	559
6276	644
6277	528
6278	511
6279	526
6280	563
6281	515
6282	577
6283	504
6284	575
6285	542
6286	546
6287	509
6288	536
6289	474
6290	576
6291	600
6292	646
6293	483
6294	560
6295	542
6296	549
6297	551
6298	533
6299	524
6300	532
6301	581
6302	581
6303	561
6304	590
6305	537
6306	570
6307	630
6308	557
6309	544
6310	560
6311	604
6312	532
6313	594
6314	528
6315	562
6316	542
6317	549
6318	520
6319	544
6320	645
6321	628
6322	567
6323	581
6324	545
6325	468
6326	625
6327	579
6328	608
6329	543
6330	606
6331	577
6332	571
6333	471
6334	511
6335	521
6336	562
6337	725
6338	622
6339	585
6340	517
6341	572
6342	512
6343	628
6344	601
6345	584
6346	574
6347	571
6348	611
6349	456
6350	574
6351	588
6352	516
6353	536
6354	579
6355	547
6356	554
6357	566
6358	532
6359	567
6360	535
6361	584
6362	553
6363	643
6364	560
6365	596
6366	579
6367	630
6368	643
6369	531
6370	519
6371	509
6372	569
6373	538
6374	658
6375	598
6376	504
6377	523
6378	601
6379	573
6380	541
6381	559
6382	564
6383	582
6384	604
6385	603
6386	501
6387	613
6388	580
6389	541
6390	528
6391	606
6392	627
6393	606
6394	534
6395	598
6396	521
6397	520
6398	692
6399	614
6400	529
6401	590
6402	586
6403	527
6404	654
6405	711
6406	586
6407	633
6408	633
6409	602
6410	566
6411	588
6412	673
6413	575
6414	670
6415	536
6416	662
6417	608
6418	658
6419	565
6420	610
6421	620
6422	618
6423	549
6424	564
6425	548
6426	543
6427	645
6428	626
6429	596
6430	586
6431	512
6432	573
6433	542
6434	535
6435	615
6436	553
6437	628
6438	639
6439	546
6440	630
6441	603
6442	638
6443	551
6444	612
6445	591
6446	598
6447	595
6448	566
6449	589
6450	534
6451	664
6452	671
6453	645
6454	585
6455	546
6456	496
6457	610
6458	613
6459	616
6460	571
6461	654
6462	581
6463	677
6464	557
6465	618
6466	628
6467	634
6468	552
6469	589
6470	554
6471	559
6472	520
6473	552
6474	586
6475	666
6476	566
6477	601
6478	564
6479	494
6480	558
6481	633
6482	480
6483	497
6484	673
6485	520
6486	600
6487	541

