## htsjdk.samtools.metrics.StringHeader
# CollectInsertSizeMetrics HISTOGRAM_FILE=/work/ugbogu/pipeline/data/nbl/GSE189367/results/picard/SRR17011022_insert_size_histogram.pdf MINIMUM_PCT=0.5 INPUT=/work/ugbogu/pipeline/data/nbl/GSE189367/results/star/SRR17011022.Aligned.sortedByCoord.out.bam OUTPUT=/work/ugbogu/pipeline/data/nbl/GSE189367/results/picard/SRR17011022_insert_size_metrics.txt    DEVIATIONS=10.0 METRIC_ACCUMULATION_LEVEL=[ALL_READS] INCLUDE_DUPLICATES=false ASSUME_SORTED=true STOP_AFTER=0 VERBOSITY=INFO QUIET=false VALIDATION_STRINGENCY=STRICT COMPRESSION_LEVEL=5 MAX_RECORDS_IN_RAM=500000 CREATE_INDEX=false CREATE_MD5_FILE=false USE_JDK_DEFLATER=false USE_JDK_INFLATER=false
## htsjdk.samtools.metrics.StringHeader
# Started on: Tue Apr 14 15:56:18 UTC 2026

## METRICS CLASS	picard.analysis.InsertSizeMetrics
MEDIAN_INSERT_SIZE	MODE_INSERT_SIZE	MEDIAN_ABSOLUTE_DEVIATION	MIN_INSERT_SIZE	MAX_INSERT_SIZE	MEAN_INSERT_SIZE	STANDARD_DEVIATION	READ_PAIRS	PAIR_ORIENTATION	WIDTH_OF_10_PERCENT	WIDTH_OF_20_PERCENT	WIDTH_OF_30_PERCENT	WIDTH_OF_40_PERCENT	WIDTH_OF_50_PERCENT	WIDTH_OF_60_PERCENT	WIDTH_OF_70_PERCENT	WIDTH_OF_80_PERCENT	WIDTH_OF_90_PERCENT	WIDTH_OF_95_PERCENT	WIDTH_OF_99_PERCENT	SAMPLE	LIBRARY	READ_GROUP
988	134	849	24	4235684	1621.334352	2072.887667	26523998	FR	619	1175	1481	1621	1699	1781	4017	8863	25827	110497	153647			

## HISTOGRAM	java.lang.Integer
insert_size	All_Reads.fr_count
24	1
25	5
27	1
29	2
30	4
31	9
32	7
33	17
34	12
35	226
36	216
37	178
38	186
39	243
40	232
41	258
42	226
43	272
44	256
45	265
46	324
47	362
48	334
49	418
50	453
51	424
52	482
53	470
54	460
55	498
56	560
57	612
58	810
59	905
60	918
61	1065
62	1193
63	1187
64	1271
65	1257
66	1538
67	1592
68	1897
69	2046
70	2392
71	2588
72	2754
73	3297
74	3558
75	6231
76	4627
77	4864
78	5745
79	5839
80	6163
81	7420
82	7490
83	8236
84	8923
85	9317
86	10112
87	10804
88	11926
89	12910
90	14067
91	15974
92	17492
93	18997
94	19888
95	21980
96	23551
97	26166
98	28272
99	30464
100	31906
101	33612
102	34675
103	37117
104	40070
105	43474
106	45606
107	46079
108	47821
109	50781
110	52482
111	53318
112	54976
113	56511
114	58771
115	60112
116	62502
117	64636
118	68238
119	67870
120	69233
121	72697
122	71501
123	74439
124	77164
125	75687
126	74756
127	75683
128	74835
129	74244
130	76073
131	76803
132	75379
133	77312
134	77674
135	76171
136	77592
137	77551
138	76713
139	76952
140	77145
141	76469
142	76155
143	74802
144	73645
145	73769
146	71788
147	72846
148	72973
149	72797
150	70429
151	72995
152	71282
153	70846
154	68698
155	68445
156	67816
157	67693
158	66644
159	64904
160	66103
161	64135
162	62846
163	62455
164	60415
165	60098
166	59301
167	58451
168	58484
169	57982
170	57970
171	55924
172	55461
173	54861
174	53478
175	52636
176	52029
177	51067
178	51432
179	50783
180	50343
181	49056
182	47930
183	47696
184	46990
185	45824
186	45814
187	46427
188	45510
189	43987
190	44327
191	42973
192	42728
193	42992
194	41647
195	40991
196	40463
197	40002
198	38948
199	39242
200	38601
201	38910
202	38198
203	38199
204	37534
205	36655
206	36290
207	36134
208	35127
209	35353
210	35465
211	34769
212	34948
213	34127
214	33687
215	33534
216	33120
217	32811
218	31692
219	32318
220	31616
221	32099
222	31152
223	31064
224	30811
225	30006
226	30071
227	29896
228	29615
229	29231
230	29547
231	28606
232	28806
233	29620
234	28651
235	27930
236	27610
237	27554
238	26675
239	26575
240	25886
241	26206
242	25972
243	25904
244	25144
245	25197
246	24011
247	24371
248	24274
249	23622
250	24078
251	23971
252	23281
253	23151
254	22693
255	23374
256	22309
257	22541
258	21689
259	21930
260	21757
261	21697
262	21610
263	22328
264	21226
265	21346
266	20557
267	20560
268	20687
269	21042
270	19995
271	20034
272	19698
273	20103
274	20167
275	19280
276	19534
277	18687
278	18288
279	18839
280	18232
281	18590
282	18431
283	18299
284	17960
285	17828
286	18092
287	17263
288	16951
289	17374
290	16517
291	16745
292	17232
293	16336
294	16476
295	16458
296	16517
297	16061
298	15957
299	15692
300	15610
301	15497
302	14993
303	15178
304	15337
305	14994
306	14487
307	14531
308	15349
309	15012
310	14369
311	14411
312	13827
313	14171
314	14121
315	14068
316	13423
317	13513
318	13735
319	13348
320	13368
321	13113
322	13283
323	13201
324	13445
325	12761
326	12791
327	12653
328	12578
329	12570
330	12443
331	12706
332	12376
333	12073
334	11769
335	12217
336	12037
337	11967
338	12165
339	12133
340	11694
341	11980
342	11851
343	11723
344	11742
345	11666
346	11554
347	11445
348	11599
349	11306
350	11221
351	11369
352	11325
353	11565
354	11194
355	10827
356	10702
357	10975
358	10779
359	10888
360	11149
361	10739
362	10961
363	10696
364	10405
365	10299
366	10469
367	10330
368	10334
369	10436
370	9889
371	10135
372	9875
373	10078
374	10107
375	9635
376	9943
377	9683
378	9937
379	9651
380	9540
381	9435
382	9180
383	9574
384	9813
385	9567
386	9289
387	9221
388	9295
389	9174
390	8949
391	9233
392	9238
393	8724
394	9001
395	8810
396	9187
397	8624
398	8987
399	8534
400	8724
401	8880
402	8635
403	8598
404	8354
405	8440
406	8166
407	8194
408	8254
409	7830
410	8211
411	8056
412	8210
413	7713
414	7554
415	8063
416	7585
417	7703
418	7815
419	7622
420	7788
421	7860
422	7744
423	7612
424	7706
425	7610
426	7615
427	7794
428	7192
429	7697
430	7544
431	7448
432	7479
433	7426
434	7383
435	6910
436	7056
437	7202
438	7112
439	7080
440	7291
441	7474
442	7210
443	7268
444	7222
445	7118
446	7389
447	7425
448	7286
449	7423
450	7269
451	7368
452	7161
453	7496
454	7267
455	7405
456	7265
457	6781
458	6956
459	6803
460	6760
461	7055
462	6788
463	6608
464	6806
465	6768
466	6878
467	6676
468	6714
469	6596
470	6439
471	6805
472	6483
473	6712
474	6414
475	6473
476	6435
477	6723
478	6702
479	6196
480	6371
481	6184
482	6365
483	6363
484	6318
485	6650
486	6369
487	6589
488	6136
489	6416
490	6511
491	6260
492	6290
493	6089
494	6436
495	6325
496	6090
497	6245
498	6111
499	6569
500	6104
501	6247
502	6320
503	6217
504	5809
505	6396
506	6339
507	6159
508	6210
509	6203
510	6147
511	6192
512	6200
513	6314
514	6284
515	5973
516	6140
517	6082
518	6059
519	6331
520	6208
521	5931
522	6316
523	5764
524	6096
525	5972
526	5716
527	6138
528	6080
529	5800
530	5787
531	5780
532	5975
533	6172
534	6097
535	6033
536	6165
537	6395
538	6009
539	6095
540	6303
541	6219
542	6114
543	6328
544	6112
545	6058
546	5998
547	6030
548	5910
549	5904
550	5891
551	5947
552	5849
553	6046
554	5869
555	6016
556	5863
557	6000
558	5760
559	5943
560	5718
561	5547
562	5735
563	5832
564	6084
565	5858
566	5905
567	5742
568	5706
569	5931
570	5761
571	5714
572	5721
573	5882
574	5885
575	5922
576	6120
577	6099
578	5973
579	6110
580	5918
581	5788
582	5871
583	5949
584	5734
585	5777
586	6263
587	5847
588	5868
589	5873
590	5527
591	5790
592	5979
593	6059
594	5546
595	5877
596	5704
597	5906
598	5870
599	5948
600	5845
601	5798
602	5720
603	5768
604	5482
605	5632
606	5610
607	5683
608	5708
609	5536
610	5382
611	5377
612	5485
613	5335
614	5786
615	5548
616	5785
617	5374
618	5625
619	5474
620	5552
621	5553
622	5404
623	5619
624	5738
625	5998
626	5470
627	5922
628	5549
629	5565
630	5431
631	5335
632	5637
633	5477
634	5603
635	5455
636	5787
637	5430
638	5546
639	5712
640	5582
641	5450
642	5463
643	5246
644	5304
645	5460
646	5420
647	5520
648	5807
649	5878
650	5187
651	5467
652	5467
653	5463
654	5722
655	5724
656	5453
657	5498
658	5193
659	5689
660	5765
661	5672
662	5717
663	5771
664	5627
665	5324
666	5525
667	5270
668	5524
669	5756
670	5548
671	5463
672	5479
673	5481
674	5583
675	5302
676	5447
677	5347
678	5353
679	5307
680	5189
681	5460
682	5462
683	5422
684	5558
685	5401
686	5102
687	5247
688	5393
689	5287
690	5361
691	5660
692	5608
693	5682
694	5778
695	5610
696	5460
697	5355
698	5381
699	5728
700	5510
701	5438
702	5348
703	5500
704	5473
705	5457
706	5489
707	5087
708	5529
709	5254
710	5263
711	5499
712	5417
713	5471
714	5147
715	5327
716	5367
717	5469
718	5401
719	5166
720	5220
721	5496
722	5244
723	5079
724	5387
725	5450
726	5381
727	5200
728	5272
729	5133
730	5113
731	5361
732	5128
733	5030
734	5255
735	5308
736	5283
737	5152
738	4972
739	5016
740	5124
741	5107
742	5200
743	5058
744	5259
745	5198
746	5087
747	5017
748	4688
749	5164
750	4944
751	4878
752	5158
753	5177
754	4866
755	4855
756	4957
757	4797
758	5293
759	5153
760	5093
761	5098
762	5227
763	5141
764	4887
765	5063
766	5036
767	5050
768	5106
769	4895
770	5062
771	4863
772	5166
773	5165
774	4872
775	4869
776	4864
777	4908
778	4692
779	4739
780	4720
781	4908
782	4808
783	4805
784	5036
785	4806
786	4948
787	4777
788	4840
789	4649
790	4778
791	4916
792	4986
793	4696
794	4918
795	5077
796	5021
797	4911
798	5240
799	4910
800	4859
801	5011
802	5072
803	4846
804	5039
805	4913
806	4788
807	4798
808	4756
809	4813
810	4877
811	4462
812	4710
813	4483
814	4942
815	4861
816	4727
817	4844
818	4654
819	4730
820	4677
821	4464
822	4403
823	4428
824	4676
825	4493
826	4551
827	4617
828	4743
829	4775
830	4681
831	4634
832	4744
833	4476
834	4515
835	4552
836	4580
837	4994
838	4702
839	4694
840	4344
841	4402
842	4535
843	4574
844	4594
845	4494
846	4651
847	4517
848	4460
849	4560
850	4383
851	4400
852	4142
853	4459
854	4442
855	4599
856	4418
857	4453
858	4397
859	4352
860	4561
861	4529
862	4592
863	4237
864	4463
865	4390
866	4526
867	4516
868	4363
869	4463
870	4481
871	4724
872	4290
873	4482
874	4394
875	4496
876	4448
877	4378
878	4405
879	4541
880	4403
881	4403
882	4306
883	4437
884	4340
885	4344
886	4531
887	4440
888	4311
889	4434
890	4625
891	4601
892	4579
893	4370
894	4462
895	4455
896	4440
897	4250
898	4461
899	4434
900	4522
901	4383
902	4309
903	4453
904	4322
905	4472
906	4266
907	4592
908	4244
909	4177
910	4447
911	4308
912	4421
913	4510
914	4589
915	4721
916	4378
917	4534
918	4479
919	4589
920	4757
921	4551
922	4484
923	4573
924	4478
925	4398
926	4359
927	4432
928	4379
929	4389
930	4613
931	4507
932	4413
933	4396
934	4466
935	4636
936	4728
937	4719
938	4435
939	4497
940	4390
941	4656
942	4699
943	4554
944	4558
945	4371
946	4307
947	4230
948	4327
949	4319
950	4307
951	4379
952	4327
953	4188
954	4198
955	4412
956	4238
957	4333
958	4149
959	4364
960	4067
961	4123
962	4297
963	4358
964	4129
965	4215
966	4561
967	4379
968	4267
969	4643
970	4274
971	4337
972	4384
973	4418
974	4265
975	4325
976	4296
977	4366
978	4492
979	4087
980	4245
981	4238
982	4059
983	4313
984	4183
985	4390
986	4325
987	4027
988	4307
989	4032
990	4325
991	4336
992	4116
993	4363
994	4438
995	4152
996	3969
997	4027
998	4128
999	4203
1000	4153
1001	4160
1002	4054
1003	3884
1004	3920
1005	4009
1006	4179
1007	4060
1008	4107
1009	4088
1010	4250
1011	4070
1012	4070
1013	3881
1014	3954
1015	4079
1016	3920
1017	4105
1018	3889
1019	4150
1020	4025
1021	3954
1022	3967
1023	3725
1024	3760
1025	3916
1026	4060
1027	3966
1028	3868
1029	3764
1030	3922
1031	3935
1032	3930
1033	4046
1034	3920
1035	3960
1036	4062
1037	3966
1038	3930
1039	3846
1040	3868
1041	3677
1042	3692
1043	3808
1044	3900
1045	3874
1046	3754
1047	3943
1048	3774
1049	3872
1050	3796
1051	3838
1052	4110
1053	3786
1054	3828
1055	3953
1056	3883
1057	4063
1058	3659
1059	3836
1060	3875
1061	3849
1062	3709
1063	3826
1064	3616
1065	3899
1066	3643
1067	3925
1068	3764
1069	3585
1070	3569
1071	3781
1072	3656
1073	3727
1074	3750
1075	3954
1076	3794
1077	3784
1078	3953
1079	3937
1080	3822
1081	3706
1082	3717
1083	3831
1084	3632
1085	3769
1086	3682
1087	3598
1088	3608
1089	3583
1090	3710
1091	3771
1092	3744
1093	3754
1094	3823
1095	3816
1096	3856
1097	3540
1098	3774
1099	3845
1100	3679
1101	3724
1102	3741
1103	3835
1104	3721
1105	3678
1106	3771
1107	3807
1108	3760
1109	3922
1110	3581
1111	4015
1112	3783
1113	3918
1114	3535
1115	3667
1116	3754
1117	3637
1118	3589
1119	3641
1120	3878
1121	3829
1122	3886
1123	3830
1124	3690
1125	3819
1126	3809
1127	3723
1128	3767
1129	3812
1130	3713
1131	3567
1132	3752
1133	3653
1134	3777
1135	3808
1136	3796
1137	3725
1138	3824
1139	3808
1140	3666
1141	3856
1142	3807
1143	3924
1144	3843
1145	3864
1146	3757
1147	4009
1148	3781
1149	3920
1150	3903
1151	3877
1152	3682
1153	4131
1154	3796
1155	3943
1156	4007
1157	4143
1158	3993
1159	4056
1160	3912
1161	3761
1162	4151
1163	3965
1164	4066
1165	3923
1166	4039
1167	3865
1168	3831
1169	3603
1170	3717
1171	3687
1172	3738
1173	3810
1174	3940
1175	3756
1176	3693
1177	3769
1178	3770
1179	3847
1180	3830
1181	3870
1182	3945
1183	3807
1184	3843
1185	3915
1186	3690
1187	3946
1188	3846
1189	3533
1190	3845
1191	3813
1192	4033
1193	3930
1194	3658
1195	3756
1196	3862
1197	3706
1198	3846
1199	3813
1200	3765
1201	3990
1202	3667
1203	3698
1204	3790
1205	3777
1206	3735
1207	3644
1208	3714
1209	3863
1210	3604
1211	4011
1212	3754
1213	3782
1214	3713
1215	4010
1216	3756
1217	3809
1218	3531
1219	3675
1220	3813
1221	3677
1222	3532
1223	3785
1224	3892
1225	3819
1226	3877
1227	3907
1228	3957
1229	3980
1230	4071
1231	3895
1232	3881
1233	3680
1234	3754
1235	4069
1236	3652
1237	3922
1238	3919
1239	3767
1240	3942
1241	3709
1242	3697
1243	3807
1244	3637
1245	3921
1246	3720
1247	3655
1248	3881
1249	3596
1250	3886
1251	3819
1252	3919
1253	3864
1254	3948
1255	4087
1256	3997
1257	4062
1258	3985
1259	4050
1260	3906
1261	4098
1262	4010
1263	4077
1264	4012
1265	4072
1266	3987
1267	4261
1268	3775
1269	3949
1270	3828
1271	3631
1272	3973
1273	3863
1274	3743
1275	3831
1276	3682
1277	3687
1278	3646
1279	3561
1280	3581
1281	3702
1282	3632
1283	3646
1284	3557
1285	3584
1286	3709
1287	3586
1288	3511
1289	3493
1290	3569
1291	3580
1292	3437
1293	3483
1294	3426
1295	3532
1296	3563
1297	3606
1298	3474
1299	3409
1300	3332
1301	3666
1302	3513
1303	3487
1304	3434
1305	3480
1306	3413
1307	3434
1308	3425
1309	3445
1310	3482
1311	3388
1312	3518
1313	3212
1314	3375
1315	3395
1316	3312
1317	3344
1318	3400
1319	3516
1320	3318
1321	3429
1322	3324
1323	3352
1324	3184
1325	3376
1326	3292
1327	3491
1328	3431
1329	3491
1330	3209
1331	3408
1332	3475
1333	3173
1334	3400
1335	3305
1336	3195
1337	3094
1338	3445
1339	3212
1340	3458
1341	3360
1342	3488
1343	3476
1344	3365
1345	3244
1346	3225
1347	3342
1348	3300
1349	3245
1350	3400
1351	3359
1352	3152
1353	3271
1354	3309
1355	3360
1356	3357
1357	3562
1358	3154
1359	3289
1360	3460
1361	3336
1362	3356
1363	3466
1364	3432
1365	3209
1366	3216
1367	3262
1368	3244
1369	3430
1370	3291
1371	3294
1372	3325
1373	3410
1374	3238
1375	3190
1376	3216
1377	3421
1378	3369
1379	3008
1380	3385
1381	3393
1382	3207
1383	3293
1384	3330
1385	3254
1386	3453
1387	3219
1388	3382
1389	3249
1390	3245
1391	3454
1392	3118
1393	3127
1394	3225
1395	3263
1396	3256
1397	3374
1398	3443
1399	3229
1400	3196
1401	3311
1402	3215
1403	3050
1404	3169
1405	3067
1406	3268
1407	3222
1408	3326
1409	3185
1410	3332
1411	3275
1412	3363
1413	3047
1414	3171
1415	3154
1416	3261
1417	3234
1418	3078
1419	3060
1420	3123
1421	3241
1422	3330
1423	3223
1424	3231
1425	3258
1426	3192
1427	3325
1428	3482
1429	3256
1430	3365
1431	3270
1432	3269
1433	3305
1434	3247
1435	3165
1436	3138
1437	3391
1438	3094
1439	3019
1440	3270
1441	3184
1442	3217
1443	3113
1444	2990
1445	2982
1446	2987
1447	3138
1448	3137
1449	3143
1450	3088
1451	3161
1452	3012
1453	3057
1454	2864
1455	3119
1456	3241
1457	3177
1458	3046
1459	3156
1460	3229
1461	3166
1462	3332
1463	3251
1464	3096
1465	3025
1466	2958
1467	3129
1468	3147
1469	3029
1470	2968
1471	2972
1472	3305
1473	3220
1474	3309
1475	3018
1476	3041
1477	3002
1478	3165
1479	3064
1480	3333
1481	3062
1482	3206
1483	3171
1484	3120
1485	3224
1486	3220
1487	3112
1488	3088
1489	3266
1490	3246
1491	3064
1492	3342
1493	3205
1494	3251
1495	3256
1496	3213
1497	3189
1498	3279
1499	3353
1500	3478
1501	3124
1502	3117
1503	3195
1504	3177
1505	2912
1506	3176
1507	3298
1508	3325
1509	3044
1510	3138
1511	3215
1512	3155
1513	3249
1514	3165
1515	3159
1516	3143
1517	3259
1518	3305
1519	3172
1520	3199
1521	3345
1522	3149
1523	3314
1524	3236
1525	3263
1526	3270
1527	3180
1528	3156
1529	3277
1530	3313
1531	3452
1532	3202
1533	3280
1534	3165
1535	3023
1536	3408
1537	3321
1538	3263
1539	3227
1540	3304
1541	3276
1542	3564
1543	3088
1544	3552
1545	3183
1546	3293
1547	3337
1548	3343
1549	3275
1550	3302
1551	3445
1552	3401
1553	3215
1554	3288
1555	3413
1556	3554
1557	3528
1558	3439
1559	3469
1560	3408
1561	3370
1562	3343
1563	3214
1564	3373
1565	3446
1566	3232
1567	3472
1568	3379
1569	3542
1570	3312
1571	3502
1572	3388
1573	3577
1574	3462
1575	3592
1576	3343
1577	3119
1578	3204
1579	3365
1580	3428
1581	3264
1582	3624
1583	3468
1584	3343
1585	3626
1586	3687
1587	3535
1588	3451
1589	3503
1590	3530
1591	3369
1592	3444
1593	3267
1594	3449
1595	3222
1596	2952
1597	3167
1598	3123
1599	3338
1600	3152
1601	3276
1602	3150
1603	3495
1604	3350
1605	3339
1606	3208
1607	3526
1608	3241
1609	3274
1610	3231
1611	3080
1612	3309
1613	2968
1614	3196
1615	3110
1616	3213
1617	3045
1618	3076
1619	3104
1620	3138
1621	2926
1622	3283
1623	3183
1624	3284
1625	3152
1626	3253
1627	3279
1628	3155
1629	3045
1630	3022
1631	2931
1632	2982
1633	2992
1634	3017
1635	3118
1636	3115
1637	3186
1638	2999
1639	3164
1640	3072
1641	3060
1642	3078
1643	3148
1644	3186
1645	3076
1646	3019
1647	2848
1648	3085
1649	2990
1650	2860
1651	3137
1652	2911
1653	2992
1654	3014
1655	3038
1656	2819
1657	2941
1658	2833
1659	2931
1660	2934
1661	2994
1662	2903
1663	3029
1664	3015
1665	2795
1666	3088
1667	2900
1668	2911
1669	2809
1670	3044
1671	3049
1672	3186
1673	2906
1674	3158
1675	2787
1676	2915
1677	2925
1678	2854
1679	2812
1680	3164
1681	2856
1682	2836
1683	3041
1684	2945
1685	2850
1686	2758
1687	2865
1688	3050
1689	2799
1690	2826
1691	2987
1692	2990
1693	2854
1694	2972
1695	2863
1696	3079
1697	2987
1698	2865
1699	2978
1700	2931
1701	3055
1702	3018
1703	3081
1704	2784
1705	2971
1706	2919
1707	3135
1708	3020
1709	3143
1710	3212
1711	3141
1712	3114
1713	3013
1714	2924
1715	3124
1716	3168
1717	2972
1718	2930
1719	2979
1720	3087
1721	3061
1722	3043
1723	2938
1724	2979
1725	2928
1726	2996
1727	2783
1728	3120
1729	2981
1730	3092
1731	3174
1732	2992
1733	3178
1734	3163
1735	3069
1736	2841
1737	2996
1738	3004
1739	2950
1740	2983
1741	2983
1742	3045
1743	3054
1744	2909
1745	3040
1746	2861
1747	2975
1748	2970
1749	3011
1750	2902
1751	3004
1752	2961
1753	2889
1754	3197
1755	3025
1756	3027
1757	2981
1758	2915
1759	3105
1760	3106
1761	2809
1762	3098
1763	2830
1764	3045
1765	2906
1766	2699
1767	2878
1768	2886
1769	2929
1770	2999
1771	2953
1772	3103
1773	3021
1774	2755
1775	2765
1776	2697
1777	2639
1778	2634
1779	2689
1780	2791
1781	2790
1782	2732
1783	2650
1784	2567
1785	2672
1786	2507
1787	2813
1788	2765
1789	2621
1790	2722
1791	2717
1792	2526
1793	2571
1794	2592
1795	2639
1796	2622
1797	2617
1798	2579
1799	2510
1800	2852
1801	2692
1802	2496
1803	2687
1804	2612
1805	2493
1806	2582
1807	2575
1808	2779
1809	2526
1810	2649
1811	2736
1812	2722
1813	2569
1814	2596
1815	2659
1816	2733
1817	2604
1818	2716
1819	2653
1820	2752
1821	2554
1822	2790
1823	2897
1824	2930
1825	2803
1826	2685
1827	2554
1828	2746
1829	2501
1830	2676
1831	2690
1832	2601
1833	2431
1834	2525
1835	2550
1836	2373
1837	2621
1838	2624
1839	2680
1840	2659
1841	2671
1842	2590
1843	2677
1844	2766
1845	2688
1846	2657
1847	2385
1848	2583
1849	2678
1850	2713
1851	2506
1852	2643
1853	2797
1854	2786
1855	2945
1856	2730
1857	2991
1858	2729
1859	2672
1860	2780
1861	2866
1862	2841
1863	2855
1864	2853
1865	2776
1866	2669
1867	2732
1868	2696
1869	2878
1870	2704
1871	2644
1872	2716
1873	2826
1874	2616
1875	2868
1876	2603
1877	2617
1878	2638
1879	2703
1880	2813
1881	2468
1882	2623
1883	2735
1884	2388
1885	2615
1886	2752
1887	2612
1888	2629
1889	2786
1890	2933
1891	2796
1892	2727
1893	2955
1894	2839
1895	2690
1896	2846
1897	2747
1898	2755
1899	2740
1900	2764
1901	2615
1902	2707
1903	2612
1904	2789
1905	2644
1906	2776
1907	2717
1908	2976
1909	2757
1910	2751
1911	2670
1912	2425
1913	2624
1914	2807
1915	2807
1916	2680
1917	2623
1918	2572
1919	2894
1920	2755
1921	2769
1922	2686
1923	2630
1924	2630
1925	2877
1926	2729
1927	2733
1928	2481
1929	2569
1930	2715
1931	2576
1932	2700
1933	2706
1934	2690
1935	2803
1936	2591
1937	2781
1938	2848
1939	2761
1940	2575
1941	2587
1942	2712
1943	2795
1944	2649
1945	2581
1946	2760
1947	2594
1948	2602
1949	2661
1950	2592
1951	2561
1952	2579
1953	2725
1954	2737
1955	2723
1956	2611
1957	2615
1958	2543
1959	2588
1960	2572
1961	2548
1962	2591
1963	2618
1964	2677
1965	2648
1966	2626
1967	2709
1968	2537
1969	2493
1970	2630
1971	2729
1972	2812
1973	2628
1974	2642
1975	2578
1976	2690
1977	2690
1978	2579
1979	2566
1980	2728
1981	2812
1982	2754
1983	2570
1984	2401
1985	2546
1986	2665
1987	2714
1988	2924
1989	2624
1990	2657
1991	2701
1992	2838
1993	2731
1994	2807
1995	2726
1996	2867
1997	2802
1998	2615
1999	2775
2000	2626
2001	2851
2002	2747
2003	2679
2004	2713
2005	2649
2006	2768
2007	2688
2008	2929
2009	2941
2010	2666
2011	2827
2012	2876
2013	2847
2014	3003
2015	2819
2016	2778
2017	2780
2018	2632
2019	2821
2020	2677
2021	2982
2022	2930
2023	2833
2024	3040
2025	2972
2026	2706
2027	2762
2028	2783
2029	2809
2030	2657
2031	2771
2032	2669
2033	2554
2034	2739
2035	2554
2036	2662
2037	2798
2038	2775
2039	2757
2040	2735
2041	2494
2042	2774
2043	2720
2044	2648
2045	2703
2046	2598
2047	2787
2048	2790
2049	2655
2050	2678
2051	2635
2052	2697
2053	2825
2054	2723
2055	3136
2056	2860
2057	2870
2058	2619
2059	2706
2060	2698
2061	2743
2062	2625
2063	2787
2064	2699
2065	2638
2066	2640
2067	2613
2068	2644
2069	2807
2070	2564
2071	2795
2072	2675
2073	2769
2074	2706
2075	2992
2076	2560
2077	2610
2078	2610
2079	2714
2080	2602
2081	2653
2082	2648
2083	2687
2084	2674
2085	2446
2086	2562
2087	2702
2088	2569
2089	2629
2090	2651
2091	2871
2092	2378
2093	2539
2094	2592
2095	2621
2096	2675
2097	2525
2098	2563
2099	2390
2100	2709
2101	2316
2102	2536
2103	2569
2104	2627
2105	2495
2106	2459
2107	2292
2108	2475
2109	2491
2110	2449
2111	2549
2112	2473
2113	2494
2114	2172
2115	2314
2116	2522
2117	2264
2118	2484
2119	2444
2120	2467
2121	2434
2122	2471
2123	2341
2124	2374
2125	2283
2126	2360
2127	2377
2128	2412
2129	2512
2130	2357
2131	2379
2132	2495
2133	2387
2134	2366
2135	2451
2136	2387
2137	2371
2138	2439
2139	2362
2140	2305
2141	2299
2142	2389
2143	2194
2144	2123
2145	2353
2146	2262
2147	2341
2148	2207
2149	2288
2150	2205
2151	2407
2152	2284
2153	2348
2154	2088
2155	2203
2156	2287
2157	2223
2158	2205
2159	2329
2160	2248
2161	2450
2162	2134
2163	2219
2164	2208
2165	2443
2166	2419
2167	2322
2168	2390
2169	2416
2170	2362
2171	2452
2172	2458
2173	2406
2174	2320
2175	2158
2176	2290
2177	2360
2178	2433
2179	2566
2180	2328
2181	2397
2182	2193
2183	2446
2184	2277
2185	2525
2186	2386
2187	2257
2188	2369
2189	2324
2190	2359
2191	2381
2192	2262
2193	2155
2194	2317
2195	2203
2196	2399
2197	2345
2198	2380
2199	2314
2200	2514
2201	2287
2202	2367
2203	2313
2204	2316
2205	2615
2206	2377
2207	2337
2208	2529
2209	2411
2210	2386
2211	2305
2212	2629
2213	2442
2214	2351
2215	2296
2216	2302
2217	2433
2218	2274
2219	2461
2220	2331
2221	2200
2222	2444
2223	2368
2224	2420
2225	2366
2226	2314
2227	2436
2228	2542
2229	2057
2230	2292
2231	2233
2232	2311
2233	2343
2234	2325
2235	2444
2236	2263
2237	2255
2238	2359
2239	2256
2240	2343
2241	2257
2242	2404
2243	2305
2244	2407
2245	2317
2246	2300
2247	2390
2248	2465
2249	2385
2250	2370
2251	2374
2252	2310
2253	2333
2254	2378
2255	2344
2256	2312
2257	2276
2258	2353
2259	2523
2260	2308
2261	2322
2262	2278
2263	2354
2264	2294
2265	2217
2266	2213
2267	2315
2268	2295
2269	2401
2270	2204
2271	2246
2272	2175
2273	2162
2274	2333
2275	2210
2276	2256
2277	2339
2278	2222
2279	2262
2280	2314
2281	2257
2282	2321
2283	2093
2284	2204
2285	2106
2286	2398
2287	2201
2288	2270
2289	2252
2290	2131
2291	2143
2292	2036
2293	2214
2294	2246
2295	2155
2296	2227
2297	2207
2298	2129
2299	2072
2300	1980
2301	2162
2302	2201
2303	2159
2304	1984
2305	2093
2306	2105
2307	2187
2308	2037
2309	2090
2310	2073
2311	2019
2312	2112
2313	2116
2314	2098
2315	2173
2316	2292
2317	2136
2318	1998
2319	2277
2320	2107
2321	1979
2322	2058
2323	2014
2324	2049
2325	2174
2326	2095
2327	2249
2328	2199
2329	2078
2330	2001
2331	2025
2332	2032
2333	1936
2334	2029
2335	2164
2336	2014
2337	1993
2338	2146
2339	2062
2340	2159
2341	1969
2342	2051
2343	2145
2344	1894
2345	2037
2346	2037
2347	2071
2348	1926
2349	1994
2350	2024
2351	2098
2352	2134
2353	1984
2354	2047
2355	2097
2356	2044
2357	2051
2358	2009
2359	2049
2360	2115
2361	2006
2362	2038
2363	2134
2364	2035
2365	2061
2366	1883
2367	2036
2368	2080
2369	2025
2370	2140
2371	1981
2372	2011
2373	1909
2374	2028
2375	1907
2376	1971
2377	1988
2378	1959
2379	1976
2380	1908
2381	1906
2382	1953
2383	2009
2384	2044
2385	1903
2386	1962
2387	1761
2388	1912
2389	1886
2390	2032
2391	2023
2392	1946
2393	2016
2394	1972
2395	1931
2396	1862
2397	1789
2398	1931
2399	1928
2400	1988
2401	1925
2402	1885
2403	2079
2404	1910
2405	1999
2406	2003
2407	1748
2408	1941
2409	1870
2410	1948
2411	2110
2412	1872
2413	1729
2414	1844
2415	1819
2416	1862
2417	1829
2418	1818
2419	1928
2420	1827
2421	1921
2422	1775
2423	1929
2424	1859
2425	1712
2426	1924
2427	1930
2428	1815
2429	1855
2430	1842
2431	1729
2432	1807
2433	1817
2434	1753
2435	1742
2436	1807
2437	1809
2438	1768
2439	1741
2440	1809
2441	1837
2442	1885
2443	1756
2444	1824
2445	1629
2446	1671
2447	1753
2448	1674
2449	1648
2450	1748
2451	1853
2452	1689
2453	1817
2454	1604
2455	1805
2456	1892
2457	1763
2458	1746
2459	1768
2460	1681
2461	1699
2462	1661
2463	1844
2464	1721
2465	1828
2466	1681
2467	1843
2468	1746
2469	1802
2470	1767
2471	1682
2472	1741
2473	1865
2474	1773
2475	1864
2476	1714
2477	1860
2478	1687
2479	1722
2480	1603
2481	1833
2482	1755
2483	1804
2484	1798
2485	1791
2486	1646
2487	1932
2488	1867
2489	1940
2490	1891
2491	1889
2492	1777
2493	1745
2494	1841
2495	1767
2496	1682
2497	1936
2498	1968
2499	1730
2500	1834
2501	1859
2502	1841
2503	1864
2504	1883
2505	2050
2506	1893
2507	1776
2508	1833
2509	1855
2510	1670
2511	1827
2512	1943
2513	1921
2514	1985
2515	1969
2516	1942
2517	1794
2518	1948
2519	1772
2520	1774
2521	1853
2522	2005
2523	1952
2524	1825
2525	1830
2526	1847
2527	1848
2528	1881
2529	1947
2530	1915
2531	1854
2532	1963
2533	1811
2534	1984
2535	1870
2536	1925
2537	1823
2538	1973
2539	1800
2540	1933
2541	1930
2542	1814
2543	1846
2544	1726
2545	1881
2546	1843
2547	1896
2548	1847
2549	1770
2550	1862
2551	1721
2552	1942
2553	1938
2554	1865
2555	1910
2556	1908
2557	1936
2558	1822
2559	1947
2560	1874
2561	1805
2562	1882
2563	1975
2564	1779
2565	2069
2566	1873
2567	1835
2568	2033
2569	1811
2570	1851
2571	1808
2572	1915
2573	1856
2574	1865
2575	1895
2576	1976
2577	1834
2578	1849
2579	1864
2580	1811
2581	1798
2582	1931
2583	1929
2584	1837
2585	1741
2586	1890
2587	1864
2588	1842
2589	1853
2590	1939
2591	1704
2592	1714
2593	1847
2594	1815
2595	1728
2596	1873
2597	1739
2598	1840
2599	1884
2600	1852
2601	1739
2602	1720
2603	1819
2604	1780
2605	1674
2606	1806
2607	1679
2608	1754
2609	1756
2610	1638
2611	1792
2612	1667
2613	1727
2614	1833
2615	1853
2616	1715
2617	1814
2618	1907
2619	1737
2620	1596
2621	1894
2622	1780
2623	1675
2624	1768
2625	1695
2626	1827
2627	1850
2628	1710
2629	1936
2630	1811
2631	1705
2632	1809
2633	1775
2634	1844
2635	1853
2636	1878
2637	1955
2638	1725
2639	2063
2640	1968
2641	1914
2642	1903
2643	1937
2644	1842
2645	1883
2646	1909
2647	1956
2648	1849
2649	1772
2650	1763
2651	1812
2652	2084
2653	2022
2654	2133
2655	1863
2656	1779
2657	1774
2658	1886
2659	1751
2660	1776
2661	1766
2662	1714
2663	1827
2664	1909
2665	1780
2666	1666
2667	1894
2668	1914
2669	1811
2670	1867
2671	1575
2672	1683
2673	1774
2674	1682
2675	1845
2676	1856
2677	1777
2678	1832
2679	1749
2680	1863
2681	1874
2682	1958
2683	1968
2684	1891
2685	2093
2686	1947
2687	1817
2688	1874
2689	1823
2690	1817
2691	1847
2692	1709
2693	1752
2694	1861
2695	1779
2696	1874
2697	1883
2698	1849
2699	1892
2700	1821
2701	1877
2702	2003
2703	1904
2704	1991
2705	1821
2706	1694
2707	1673
2708	1922
2709	1962
2710	2142
2711	2074
2712	1912
2713	1625
2714	1778
2715	1911
2716	2031
2717	1761
2718	1957
2719	1983
2720	1738
2721	1892
2722	1958
2723	1923
2724	1735
2725	1770
2726	1837
2727	1816
2728	1768
2729	1748
2730	1722
2731	1731
2732	1804
2733	1624
2734	1700
2735	1836
2736	1914
2737	1854
2738	1834
2739	1805
2740	1821
2741	1702
2742	1883
2743	1723
2744	1730
2745	1786
2746	1787
2747	1754
2748	1787
2749	1776
2750	1775
2751	1816
2752	1755
2753	1652
2754	1820
2755	1655
2756	1654
2757	1674
2758	1696
2759	1698
2760	1716
2761	1876
2762	1855
2763	1843
2764	1944
2765	1804
2766	1821
2767	1843
2768	1821
2769	1820
2770	1882
2771	1981
2772	1776
2773	1781
2774	1737
2775	1827
2776	1892
2777	1678
2778	1853
2779	1783
2780	1811
2781	1748
2782	1668
2783	1590
2784	1634
2785	1624
2786	1635
2787	1646
2788	1585
2789	1634
2790	1757
2791	1798
2792	1755
2793	1614
2794	1671
2795	1642
2796	1698
2797	1627
2798	1593
2799	1547
2800	1744
2801	1684
2802	1770
2803	1570
2804	1593
2805	1549
2806	1577
2807	1624
2808	1722
2809	1604
2810	1604
2811	1537
2812	1599
2813	1618
2814	1832
2815	1830
2816	1657
2817	1652
2818	1765
2819	1740
2820	1577
2821	1704
2822	1535
2823	1803
2824	1772
2825	1686
2826	1763
2827	1788
2828	1530
2829	1648
2830	1558
2831	1547
2832	1737
2833	1573
2834	1583
2835	1714
2836	1660
2837	1704
2838	1551
2839	1586
2840	1630
2841	1588
2842	1507
2843	1662
2844	1634
2845	1780
2846	1732
2847	1702
2848	1653
2849	1626
2850	1668
2851	1634
2852	1641
2853	1741
2854	1633
2855	1612
2856	1776
2857	1684
2858	1660
2859	1660
2860	1664
2861	1729
2862	1757
2863	1888
2864	1596
2865	1749
2866	1613
2867	1611
2868	1804
2869	1784
2870	1703
2871	1548
2872	1580
2873	1658
2874	1637
2875	1653
2876	1645
2877	1767
2878	1664
2879	1732
2880	1688
2881	1586
2882	1599
2883	1636
2884	1662
2885	1582
2886	1646
2887	1660
2888	1512
2889	1660
2890	1690
2891	1604
2892	1604
2893	1669
2894	1731
2895	1577
2896	1598
2897	1645
2898	1487
2899	1600
2900	1660
2901	1449
2902	1621
2903	1498
2904	1652
2905	1604
2906	1531
2907	1601
2908	1594
2909	1599
2910	1702
2911	1581
2912	1705
2913	1553
2914	1591
2915	1653
2916	1703
2917	1634
2918	1565
2919	1707
2920	1749
2921	1623
2922	1558
2923	1660
2924	1474
2925	1631
2926	1643
2927	1590
2928	1719
2929	1738
2930	1623
2931	1691
2932	1598
2933	1627
2934	1654
2935	1720
2936	1645
2937	1695
2938	1515
2939	1679
2940	1636
2941	1619
2942	1846
2943	1638
2944	1582
2945	1559
2946	1697
2947	1577
2948	1565
2949	1637
2950	1633
2951	1663
2952	1666
2953	1682
2954	1635
2955	1656
2956	1725
2957	1506
2958	1700
2959	1538
2960	1639
2961	1672
2962	1629
2963	1634
2964	1745
2965	1500
2966	1609
2967	1696
2968	1637
2969	1616
2970	1620
2971	1742
2972	1667
2973	1606
2974	1706
2975	1806
2976	1655
2977	1877
2978	1575
2979	1707
2980	1570
2981	1723
2982	1530
2983	1607
2984	1653
2985	1719
2986	1806
2987	1735
2988	1848
2989	1916
2990	1716
2991	1817
2992	1720
2993	1733
2994	1599
2995	1712
2996	1701
2997	1590
2998	1791
2999	1700
3000	1776
3001	1598
3002	1829
3003	1657
3004	1875
3005	1789
3006	1738
3007	1829
3008	1751
3009	1746
3010	1734
3011	1670
3012	1684
3013	1714
3014	1719
3015	1744
3016	1756
3017	1719
3018	1807
3019	1755
3020	1648
3021	1678
3022	1648
3023	1792
3024	1627
3025	1577
3026	1696
3027	1593
3028	1677
3029	1553
3030	1567
3031	1587
3032	1504
3033	1628
3034	1536
3035	1546
3036	1576
3037	1528
3038	1738
3039	1658
3040	1574
3041	1677
3042	1543
3043	1730
3044	1730
3045	1476
3046	1601
3047	1592
3048	1637
3049	1716
3050	1732
3051	1780
3052	1676
3053	1843
3054	1832
3055	1773
3056	1877
3057	1766
3058	1823
3059	1764
3060	1801
3061	1691
3062	1630
3063	1852
3064	1725
3065	1767
3066	1820
3067	1623
3068	1702
3069	1543
3070	1662
3071	1677
3072	1605
3073	1770
3074	1687
3075	1644
3076	1642
3077	1693
3078	1797
3079	1682
3080	1939
3081	1691
3082	1661
3083	1588
3084	1640
3085	1718
3086	1648
3087	1754
3088	1673
3089	1616
3090	1704
3091	1722
3092	1525
3093	1615
3094	1592
3095	1720
3096	1751
3097	1777
3098	1748
3099	1626
3100	1682
3101	1729
3102	1651
3103	1714
3104	1803
3105	1834
3106	1808
3107	1787
3108	1787
3109	1804
3110	1632
3111	1803
3112	1613
3113	1520
3114	1794
3115	1681
3116	1723
3117	1692
3118	1730
3119	1581
3120	1654
3121	1758
3122	1753
3123	1550
3124	1499
3125	1673
3126	1775
3127	1707
3128	1713
3129	1630
3130	1597
3131	1604
3132	1623
3133	1633
3134	1541
3135	1621
3136	1652
3137	1589
3138	1487
3139	1547
3140	1601
3141	1588
3142	1670
3143	1649
3144	1655
3145	1741
3146	1498
3147	1579
3148	1693
3149	1897
3150	1615
3151	1655
3152	1663
3153	1778
3154	1649
3155	1784
3156	1680
3157	1702
3158	1806
3159	1687
3160	1573
3161	1661
3162	1691
3163	1532
3164	1620
3165	1814
3166	1788
3167	1740
3168	1817
3169	1578
3170	1522
3171	1683
3172	1496
3173	1502
3174	1470
3175	1529
3176	1541
3177	1446
3178	1529
3179	1549
3180	1600
3181	1567
3182	1488
3183	1536
3184	1581
3185	1507
3186	1473
3187	1431
3188	1564
3189	1536
3190	1429
3191	1521
3192	1535
3193	1522
3194	1605
3195	1493
3196	1592
3197	1538
3198	1541
3199	1421
3200	1614
3201	1524
3202	1534
3203	1572
3204	1566
3205	1627
3206	1507
3207	1552
3208	1476
3209	1464
3210	1564
3211	1619
3212	1570
3213	1623
3214	1455
3215	1576
3216	1401
3217	1544
3218	1571
3219	1362
3220	1550
3221	1690
3222	1575
3223	1567
3224	1554
3225	1575
3226	1561
3227	1674
3228	1490
3229	1458
3230	1506
3231	1612
3232	1605
3233	1669
3234	1514
3235	1611
3236	1599
3237	1615
3238	1569
3239	1625
3240	1577
3241	1539
3242	1631
3243	1630
3244	1725
3245	1584
3246	1528
3247	1600
3248	1424
3249	1597
3250	1453
3251	1474
3252	1640
3253	1442
3254	1666
3255	1520
3256	1531
3257	1630
3258	1570
3259	1636
3260	1681
3261	1568
3262	1625
3263	1770
3264	1673
3265	1653
3266	1603
3267	1503
3268	1540
3269	1542
3270	1640
3271	1565
3272	1621
3273	1592
3274	1611
3275	1596
3276	1527
3277	1546
3278	1649
3279	1696
3280	1635
3281	1668
3282	1498
3283	1674
3284	1607
3285	1744
3286	1675
3287	1680
3288	1780
3289	1735
3290	1546
3291	1665
3292	1593
3293	1569
3294	1644
3295	1528
3296	1762
3297	1577
3298	1699
3299	1693
3300	1719
3301	1607
3302	1619
3303	1691
3304	1653
3305	1649
3306	1615
3307	1561
3308	1638
3309	1737
3310	1529
3311	1600
3312	1563
3313	1519
3314	1595
3315	1572
3316	1601
3317	1715
3318	1658
3319	1636
3320	1535
3321	1616
3322	1617
3323	1592
3324	1694
3325	1616
3326	1581
3327	1592
3328	1454
3329	1565
3330	1634
3331	1485
3332	1577
3333	1516
3334	1629
3335	1612
3336	1673
3337	1570
3338	1495
3339	1623
3340	1614
3341	1593
3342	1579
3343	1570
3344	1790
3345	1616
3346	1586
3347	1651
3348	1721
3349	1505
3350	1531
3351	1673
3352	1491
3353	1445
3354	1426
3355	1513
3356	1551
3357	1573
3358	1562
3359	1588
3360	1445
3361	1493
3362	1565
3363	1426
3364	1491
3365	1419
3366	1596
3367	1546
3368	1428
3369	1379
3370	1511
3371	1360
3372	1483
3373	1635
3374	1630
3375	1423
3376	1339
3377	1381
3378	1361
3379	1447
3380	1361
3381	1340
3382	1556
3383	1440
3384	1414
3385	1328
3386	1374
3387	1441
3388	1395
3389	1393
3390	1359
3391	1253
3392	1361
3393	1547
3394	1378
3395	1481
3396	1339
3397	1407
3398	1298
3399	1424
3400	1249
3401	1400
3402	1434
3403	1206
3404	1356
3405	1311
3406	1430
3407	1229
3408	1368
3409	1357
3410	1404
3411	1413
3412	1261
3413	1222
3414	1322
3415	1211
3416	1406
3417	1372
3418	1410
3419	1382
3420	1421
3421	1329
3422	1343
3423	1183
3424	1324
3425	1315
3426	1291
3427	1296
3428	1299
3429	1486
3430	1348
3431	1361
3432	1312
3433	1375
3434	1471
3435	1438
3436	1357
3437	1310
3438	1332
3439	1328
3440	1324
3441	1331
3442	1513
3443	1350
3444	1366
3445	1343
3446	1311
3447	1252
3448	1316
3449	1259
3450	1184
3451	1264
3452	1325
3453	1272
3454	1371
3455	1344
3456	1350
3457	1204
3458	1375
3459	1319
3460	1450
3461	1417
3462	1330
3463	1361
3464	1313
3465	1357
3466	1304
3467	1431
3468	1308
3469	1343
3470	1309
3471	1305
3472	1401
3473	1388
3474	1270
3475	1294
3476	1317
3477	1361
3478	1354
3479	1285
3480	1362
3481	1315
3482	1228
3483	1334
3484	1299
3485	1396
3486	1409
3487	1289
3488	1353
3489	1302
3490	1323
3491	1392
3492	1389
3493	1232
3494	1244
3495	1303
3496	1218
3497	1320
3498	1424
3499	1328
3500	1337
3501	1299
3502	1365
3503	1463
3504	1389
3505	1374
3506	1249
3507	1397
3508	1263
3509	1303
3510	1419
3511	1294
3512	1327
3513	1313
3514	1300
3515	1139
3516	1272
3517	1259
3518	1330
3519	1278
3520	1363
3521	1344
3522	1227
3523	1357
3524	1210
3525	1202
3526	1212
3527	1180
3528	1294
3529	1259
3530	1223
3531	1347
3532	1351
3533	1269
3534	1402
3535	1384
3536	1279
3537	1308
3538	1171
3539	1324
3540	1242
3541	1332
3542	1305
3543	1302
3544	1364
3545	1326
3546	1213
3547	1298
3548	1258
3549	1289
3550	1278
3551	1296
3552	1224
3553	1284
3554	1150
3555	1208
3556	1365
3557	1250
3558	1310
3559	1214
3560	1240
3561	1221
3562	1176
3563	1320
3564	1204
3565	1180
3566	1256
3567	1286
3568	1271
3569	1240
3570	1208
3571	1255
3572	1210
3573	1317
3574	1273
3575	1362
3576	1377
3577	1368
3578	1229
3579	1262
3580	1214
3581	1250
3582	1191
3583	1200
3584	1400
3585	1274
3586	1405
3587	1212
3588	1308
3589	1315
3590	1345
3591	1379
3592	1300
3593	1319
3594	1394
3595	1380
3596	1255
3597	1335
3598	1275
3599	1256
3600	1214
3601	1275
3602	1224
3603	1240
3604	1232
3605	1232
3606	1280
3607	1284
3608	1257
3609	1349
3610	1288
3611	1202
3612	1277
3613	1321
3614	1288
3615	1284
3616	1311
3617	1304
3618	1302
3619	1309
3620	1394
3621	1106
3622	1278
3623	1252
3624	1320
3625	1118
3626	1302
3627	1375
3628	1281
3629	1286
3630	1334
3631	1301
3632	1436
3633	1357
3634	1251
3635	1400
3636	1325
3637	1294
3638	1200
3639	1235
3640	1370
3641	1313
3642	1358
3643	1401
3644	1405
3645	1438
3646	1475
3647	1365
3648	1373
3649	1343
3650	1341
3651	1455
3652	1348
3653	1365
3654	1417
3655	1452
3656	1393
3657	1429
3658	1290
3659	1333
3660	1346
3661	1369
3662	1289
3663	1435
3664	1346
3665	1272
3666	1364
3667	1391
3668	1338
3669	1392
3670	1352
3671	1453
3672	1216
3673	1334
3674	1361
3675	1425
3676	1477
3677	1461
3678	1454
3679	1427
3680	1331
3681	1372
3682	1454
3683	1259
3684	1309
3685	1378
3686	1348
3687	1435
3688	1335
3689	1273
3690	1332
3691	1383
3692	1401
3693	1523
3694	1390
3695	1243
3696	1292
3697	1263
3698	1364
3699	1446
3700	1273
3701	1500
3702	1290
3703	1432
3704	1303
3705	1377
3706	1367
3707	1332
3708	1332
3709	1294
3710	1329
3711	1299
3712	1353
3713	1269
3714	1324
3715	1303
3716	1289
3717	1401
3718	1292
3719	1332
3720	1220
3721	1221
3722	1352
3723	1296
3724	1306
3725	1321
3726	1366
3727	1222
3728	1310
3729	1373
3730	1274
3731	1298
3732	1245
3733	1122
3734	1235
3735	1167
3736	1314
3737	1410
3738	1341
3739	1326
3740	1185
3741	1155
3742	1326
3743	1329
3744	1358
3745	1304
3746	1285
3747	1245
3748	1234
3749	1257
3750	1369
3751	1244
3752	1181
3753	1146
3754	1194
3755	1266
3756	1202
3757	1172
3758	1354
3759	1368
3760	1212
3761	1289
3762	1253
3763	1262
3764	1257
3765	1226
3766	1152
3767	1198
3768	1323
3769	1188
3770	1176
3771	1214
3772	1212
3773	1174
3774	1311
3775	1283
3776	1126
3777	1250
3778	1091
3779	1230
3780	1214
3781	1184
3782	1284
3783	1092
3784	1349
3785	1280
3786	1379
3787	1338
3788	1320
3789	1264
3790	1379
3791	1164
3792	1225
3793	1298
3794	1313
3795	1212
3796	1242
3797	1183
3798	1140
3799	1149
3800	1208
3801	1353
3802	1254
3803	1249
3804	1052
3805	1142
3806	1141
3807	1164
3808	1251
3809	1206
3810	1203
3811	1179
3812	1148
3813	1112
3814	1192
3815	1142
3816	1203
3817	1174
3818	1173
3819	1196
3820	1246
3821	1199
3822	1181
3823	1193
3824	1263
3825	1184
3826	1208
3827	1113
3828	1088
3829	1143
3830	1155
3831	1049
3832	1096
3833	1067
3834	1149
3835	1111
3836	1164
3837	1053
3838	1177
3839	1112
3840	1176
3841	1112
3842	1031
3843	954
3844	1147
3845	1085
3846	1049
3847	1204
3848	1112
3849	1112
3850	1176
3851	1115
3852	1078
3853	1063
3854	1126
3855	1200
3856	1132
3857	1211
3858	1167
3859	987
3860	1129
3861	1083
3862	1137
3863	1131
3864	1058
3865	1079
3866	1156
3867	1063
3868	1101
3869	1090
3870	1031
3871	1057
3872	1044
3873	1197
3874	1014
3875	1066
3876	1087
3877	1030
3878	993
3879	1073
3880	1168
3881	1096
3882	1113
3883	1129
3884	1139
3885	1021
3886	1038
3887	1096
3888	1022
3889	1073
3890	1066
3891	1173
3892	1103
3893	1095
3894	1029
3895	1167
3896	1084
3897	1136
3898	1193
3899	1094
3900	1162
3901	1118
3902	1120
3903	1213
3904	1111
3905	1079
3906	1137
3907	1103
3908	1176
3909	1192
3910	1127
3911	1136
3912	1113
3913	1209
3914	1101
3915	1043
3916	1121
3917	1175
3918	1207
3919	1075
3920	1196
3921	1047
3922	1186
3923	1102
3924	1157
3925	1155
3926	1137
3927	1142
3928	1210
3929	1215
3930	1108
3931	1198
3932	1179
3933	1287
3934	1077
3935	1286
3936	1185
3937	1233
3938	1352
3939	1127
3940	1190
3941	1110
3942	1202
3943	1116
3944	1191
3945	1225
3946	1186
3947	1133
3948	1187
3949	1177
3950	1227
3951	1255
3952	1230
3953	1279
3954	1229
3955	1263
3956	1098
3957	1235
3958	1224
3959	1174
3960	1225
3961	1284
3962	1248
3963	1151
3964	1179
3965	1202
3966	1205
3967	1095
3968	1195
3969	1213
3970	1264
3971	1246
3972	1350
3973	1254
3974	1280
3975	1221
3976	1269
3977	1310
3978	1183
3979	1219
3980	1228
3981	1195
3982	1160
3983	1226
3984	1308
3985	1105
3986	1110
3987	1183
3988	1123
3989	1219
3990	1109
3991	1269
3992	1085
3993	1232
3994	1213
3995	1079
3996	1107
3997	1125
3998	1153
3999	1246
4000	1248
4001	1109
4002	1181
4003	1110
4004	1061
4005	1217
4006	1130
4007	1215
4008	1206
4009	1310
4010	1076
4011	1104
4012	1175
4013	1226
4014	1122
4015	1191
4016	923
4017	1138
4018	1174
4019	1128
4020	1179
4021	1242
4022	1271
4023	1118
4024	1199
4025	1246
4026	1170
4027	1191
4028	1129
4029	1175
4030	1157
4031	1107
4032	1171
4033	1178
4034	1117
4035	1265
4036	1029
4037	1126
4038	1102
4039	1071
4040	1200
4041	1130
4042	1045
4043	1135
4044	1179
4045	1071
4046	999
4047	1032
4048	1095
4049	1095
4050	1120
4051	1053
4052	1108
4053	1064
4054	1050
4055	1206
4056	1024
4057	1186
4058	1094
4059	1137
4060	999
4061	1063
4062	1176
4063	1022
4064	1014
4065	1164
4066	1105
4067	1201
4068	1160
4069	1059
4070	1136
4071	1116
4072	1158
4073	1011
4074	1153
4075	1140
4076	983
4077	1121
4078	1026
4079	1187
4080	1187
4081	1138
4082	1129
4083	1147
4084	1102
4085	1045
4086	1099
4087	1161
4088	1064
4089	1012
4090	1054
4091	1182
4092	1141
4093	1109
4094	1180
4095	1135
4096	1117
4097	1190
4098	1181
4099	1299
4100	1115
4101	1192
4102	1088
4103	1187
4104	1206
4105	1155
4106	1088
4107	1157
4108	1032
4109	1107
4110	1224
4111	1203
4112	1189
4113	1177
4114	1104
4115	1141
4116	1179
4117	1156
4118	1208
4119	1182
4120	1219
4121	1197
4122	1139
4123	1236
4124	1148
4125	1237
4126	1184
4127	1252
4128	1040
4129	1172
4130	1167
4131	1153
4132	1128
4133	1181
4134	1077
4135	1089
4136	1139
4137	1158
4138	1105
4139	1184
4140	1125
4141	1141
4142	1123
4143	1083
4144	1152
4145	1179
4146	1115
4147	1104
4148	1107
4149	1070
4150	1175
4151	1137
4152	1013
4153	1101
4154	994
4155	1204
4156	1105
4157	1060
4158	1181
4159	1003
4160	937
4161	1129
4162	1050
4163	1035
4164	1055
4165	1003
4166	970
4167	1032
4168	980
4169	1153
4170	911
4171	985
4172	1082
4173	1028
4174	1034
4175	960
4176	1060
4177	1131
4178	1087
4179	1057
4180	1066
4181	931
4182	1116
4183	996
4184	1029
4185	1013
4186	907
4187	1002
4188	1043
4189	1008
4190	927
4191	925
4192	997
4193	1051
4194	996
4195	1015
4196	879
4197	1032
4198	1017
4199	1028
4200	981
4201	989
4202	912
4203	1032
4204	1054
4205	1116
4206	975
4207	954
4208	994
4209	1011
4210	1029
4211	996
4212	1052
4213	1007
4214	1095
4215	977
4216	1039
4217	1105
4218	967
4219	961
4220	994
4221	1033
4222	1065
4223	1062
4224	946
4225	947
4226	1022
4227	953
4228	1079
4229	1100
4230	1040
4231	967
4232	1120
4233	1022
4234	1063
4235	1065
4236	1037
4237	997
4238	981
4239	1049
4240	1039
4241	1086
4242	983
4243	949
4244	1052
4245	1068
4246	1050
4247	1029
4248	995
4249	964
4250	1017
4251	954
4252	970
4253	941
4254	984
4255	983
4256	1040
4257	960
4258	923
4259	1116
4260	993
4261	945
4262	926
4263	957
4264	1135
4265	1076
4266	959
4267	1107
4268	1110
4269	1050
4270	1006
4271	1013
4272	1147
4273	1170
4274	992
4275	1036
4276	1023
4277	1007
4278	1109
4279	1025
4280	1120
4281	1065
4282	1163
4283	1174
4284	1057
4285	1007
4286	1071
4287	1141
4288	1126
4289	1092
4290	1081
4291	1149
4292	1174
4293	1026
4294	1211
4295	1176
4296	1054
4297	1185
4298	1092
4299	1140
4300	1091
4301	1154
4302	1163
4303	1188
4304	1228
4305	1113
4306	1118
4307	1108
4308	1210
4309	1131
4310	1135
4311	1131
4312	1075
4313	1090
4314	1157
4315	1098
4316	1055
4317	941
4318	1064
4319	1018
4320	1061
4321	1001
4322	966
4323	1094
4324	1052
4325	1080
4326	1132
4327	982
4328	994
4329	939
4330	962
4331	1017
4332	1009
4333	924
4334	1020
4335	1042
4336	1014
4337	1106
4338	988
4339	1052
4340	969
4341	894
4342	956
4343	906
4344	989
4345	863
4346	1011
4347	969
4348	985
4349	819
4350	990
4351	951
4352	953
4353	959
4354	939
4355	913
4356	981
4357	938
4358	981
4359	995
4360	998
4361	919
4362	925
4363	922
4364	906
4365	891
4366	856
4367	927
4368	971
4369	992
4370	922
4371	891
4372	948
4373	883
4374	987
4375	894
4376	950
4377	1018
4378	883
4379	940
4380	876
4381	885
4382	873
4383	915
4384	916
4385	956
4386	903
4387	881
4388	930
4389	897
4390	954
4391	889
4392	826
4393	936
4394	964
4395	976
4396	939
4397	960
4398	940
4399	844
4400	897
4401	857
4402	855
4403	882
4404	879
4405	904
4406	904
4407	880
4408	798
4409	913
4410	837
4411	890
4412	915
4413	827
4414	867
4415	837
4416	943
4417	832
4418	909
4419	849
4420	877
4421	866
4422	939
4423	839
4424	845
4425	895
4426	939
4427	825
4428	926
4429	860
4430	843
4431	964
4432	901
4433	750
4434	931
4435	831
4436	700
4437	794
4438	809
4439	800
4440	767
4441	792
4442	861
4443	753
4444	819
4445	780
4446	785
4447	847
4448	795
4449	911
4450	818
4451	893
4452	752
4453	814
4454	787
4455	792
4456	769
4457	776
4458	765
4459	838
4460	842
4461	800
4462	832
4463	791
4464	798
4465	776
4466	824
4467	844
4468	869
4469	844
4470	832
4471	871
4472	744
4473	849
4474	856
4475	823
4476	801
4477	857
4478	819
4479	860
4480	847
4481	825
4482	839
4483	867
4484	909
4485	799
4486	934
4487	919
4488	906
4489	833
4490	831
4491	831
4492	824
4493	889
4494	830
4495	869
4496	812
4497	935
4498	817
4499	809
4500	894
4501	829
4502	872
4503	854
4504	849
4505	805
4506	952
4507	869
4508	827
4509	793
4510	854
4511	856
4512	938
4513	794
4514	903
4515	787
4516	887
4517	855
4518	876
4519	805
4520	879
4521	752
4522	872
4523	822
4524	1051
4525	897
4526	759
4527	875
4528	814
4529	832
4530	781
4531	796
4532	803
4533	887
4534	763
4535	868
4536	852
4537	821
4538	856
4539	864
4540	721
4541	833
4542	854
4543	814
4544	810
4545	816
4546	914
4547	924
4548	828
4549	769
4550	857
4551	830
4552	849
4553	825
4554	787
4555	849
4556	856
4557	785
4558	774
4559	814
4560	805
4561	815
4562	933
4563	846
4564	794
4565	704
4566	730
4567	791
4568	828
4569	825
4570	783
4571	714
4572	721
4573	761
4574	810
4575	828
4576	808
4577	802
4578	883
4579	761
4580	753
4581	771
4582	839
4583	846
4584	812
4585	826
4586	755
4587	823
4588	827
4589	855
4590	798
4591	833
4592	755
4593	759
4594	722
4595	843
4596	738
4597	809
4598	856
4599	780
4600	801
4601	799
4602	746
4603	791
4604	855
4605	844
4606	882
4607	833
4608	831
4609	752
4610	847
4611	790
4612	913
4613	809
4614	818
4615	898
4616	817
4617	881
4618	840
4619	939
4620	800
4621	869
4622	955
4623	805
4624	941
4625	961
4626	900
4627	812
4628	839
4629	843
4630	879
4631	948
4632	897
4633	899
4634	927
4635	923
4636	943
4637	883
4638	894
4639	855
4640	904
4641	883
4642	909
4643	872
4644	930
4645	963
4646	970
4647	963
4648	872
4649	932
4650	792
4651	834
4652	907
4653	812
4654	846
4655	902
4656	767
4657	828
4658	952
4659	861
4660	797
4661	791
4662	917
4663	866
4664	934
4665	866
4666	927
4667	873
4668	824
4669	920
4670	819
4671	905
4672	848
4673	830
4674	940
4675	910
4676	987
4677	761
4678	988
4679	852
4680	911
4681	811
4682	920
4683	916
4684	857
4685	867
4686	919
4687	909
4688	875
4689	821
4690	890
4691	822
4692	883
4693	888
4694	796
4695	871
4696	1014
4697	763
4698	941
4699	802
4700	932
4701	897
4702	937
4703	810
4704	911
4705	868
4706	869
4707	931
4708	817
4709	788
4710	840
4711	822
4712	819
4713	803
4714	782
4715	877
4716	897
4717	842
4718	846
4719	798
4720	840
4721	765
4722	825
4723	843
4724	802
4725	853
4726	863
4727	790
4728	867
4729	817
4730	827
4731	894
4732	921
4733	867
4734	935
4735	843
4736	775
4737	850
4738	863
4739	979
4740	864
4741	901
4742	974
4743	839
4744	891
4745	881
4746	950
4747	917
4748	799
4749	973
4750	1002
4751	865
4752	1046
4753	923
4754	918
4755	843
4756	961
4757	980
4758	933
4759	1042
4760	999
4761	1038
4762	1127
4763	995
4764	934
4765	993
4766	910
4767	997
4768	1166
4769	1146
4770	1093
4771	1076
4772	1131
4773	1058
4774	995
4775	1023
4776	1108
4777	1039
4778	1103
4779	1118
4780	982
4781	1029
4782	1099
4783	994
4784	1068
4785	1050
4786	1166
4787	1025
4788	929
4789	983
4790	962
4791	935
4792	1128
4793	1119
4794	1102
4795	1154
4796	1050
4797	941
4798	1141
4799	1120
4800	1184
4801	1245
4802	1117
4803	1133
4804	1036
4805	1012
4806	992
4807	895
4808	1072
4809	1100
4810	1042
4811	1099
4812	980
4813	995
4814	998
4815	1102
4816	1119
4817	993
4818	1056
4819	1021
4820	996
4821	992
4822	1037
4823	1038
4824	955
4825	1056
4826	1207
4827	1067
4828	964
4829	997
4830	1043
4831	1003
4832	955
4833	997
4834	944
4835	1000
4836	934
4837	1011
4838	963
4839	1002
4840	1069
4841	1175
4842	1048
4843	1022
4844	906
4845	1042
4846	1028
4847	1102
4848	961
4849	977
4850	1023
4851	930
4852	979
4853	957
4854	974
4855	966
4856	845
4857	801
4858	788
4859	863
4860	826
4861	825
4862	938
4863	908
4864	811
4865	872
4866	869
4867	912
4868	951
4869	946
4870	865
4871	876
4872	901
4873	906
4874	826
4875	909
4876	933
4877	759
4878	935
4879	823
4880	779
4881	792
4882	833
4883	774
4884	852
4885	762
4886	842
4887	865
4888	939
4889	858
4890	900
4891	797
4892	833
4893	878
4894	838
4895	883
4896	768
4897	809
4898	786
4899	710
4900	761
4901	925
4902	774
4903	744
4904	832
4905	825
4906	842
4907	829
4908	841
4909	809
4910	773
4911	822
4912	812
4913	767
4914	777
4915	823
4916	778
4917	770
4918	841
4919	851
4920	796
4921	781
4922	889
4923	929
4924	809
4925	759
4926	818
4927	796
4928	800
4929	747
4930	829
4931	767
4932	769
4933	803
4934	832
4935	826
4936	892
4937	863
4938	765
4939	805
4940	879
4941	791
4942	795
4943	758
4944	743
4945	785
4946	858
4947	903
4948	808
4949	709
4950	799
4951	810
4952	864
4953	778
4954	824
4955	849
4956	800
4957	829
4958	873
4959	895
4960	887
4961	843
4962	875
4963	878
4964	850
4965	880
4966	792
4967	806
4968	897
4969	766
4970	954
4971	831
4972	841
4973	824
4974	830
4975	883
4976	784
4977	835
4978	871
4979	792
4980	802
4981	746
4982	779
4983	763
4984	796
4985	853
4986	725
4987	863
4988	866
4989	877
4990	812
4991	754
4992	866
4993	697
4994	748
4995	744
4996	807
4997	884
4998	730
4999	802
5000	736
5001	820
5002	832
5003	838
5004	741
5005	834
5006	810
5007	816
5008	685
5009	730
5010	789
5011	846
5012	801
5013	776
5014	801
5015	819
5016	780
5017	727
5018	792
5019	766
5020	804
5021	847
5022	701
5023	743
5024	751
5025	722
5026	767
5027	878
5028	755
5029	819
5030	801
5031	744
5032	784
5033	816
5034	758
5035	785
5036	708
5037	732
5038	645
5039	823
5040	758
5041	784
5042	722
5043	671
5044	673
5045	712
5046	768
5047	674
5048	786
5049	797
5050	715
5051	710
5052	619
5053	672
5054	762
5055	694
5056	742
5057	741
5058	721
5059	658
5060	721
5061	676
5062	680
5063	668
5064	796
5065	758
5066	755
5067	749
5068	725
5069	746
5070	666
5071	672
5072	702
5073	824
5074	672
5075	601
5076	711
5077	721
5078	710
5079	726
5080	762
5081	736
5082	729
5083	664
5084	664
5085	652
5086	696
5087	683
5088	770
5089	718
5090	696
5091	712
5092	727
5093	673
5094	751
5095	747
5096	693
5097	769
5098	751
5099	772
5100	763
5101	681
5102	749
5103	723
5104	715
5105	683
5106	753
5107	719
5108	605
5109	620
5110	716
5111	729
5112	770
5113	661
5114	683
5115	625
5116	686
5117	647
5118	668
5119	664
5120	658
5121	791
5122	744
5123	761
5124	690
5125	725
5126	662
5127	677
5128	699
5129	685
5130	717
5131	709
5132	737
5133	669
5134	675
5135	672
5136	684
5137	721
5138	757
5139	696
5140	716
5141	622
5142	733
5143	708
5144	763
5145	704
5146	739
5147	718
5148	695
5149	658
5150	678
5151	576
5152	698
5153	702
5154	702
5155	684
5156	715
5157	737
5158	711
5159	802
5160	683
5161	776
5162	807
5163	622
5164	638
5165	718
5166	766
5167	752
5168	814
5169	720
5170	701
5171	676
5172	606
5173	731
5174	686
5175	817
5176	766
5177	791
5178	750
5179	698
5180	763
5181	737
5182	728
5183	782
5184	777
5185	752
5186	813
5187	791
5188	718
5189	750
5190	755
5191	758
5192	751
5193	699
5194	762
5195	779
5196	774
5197	822
5198	812
5199	708
5200	772
5201	767
5202	712
5203	726
5204	850
5205	750
5206	771
5207	696
5208	732
5209	723
5210	760
5211	742
5212	710
5213	819
5214	709
5215	772
5216	741
5217	836
5218	653
5219	740
5220	837
5221	723
5222	641
5223	790
5224	754
5225	772
5226	755
5227	713
5228	766
5229	809
5230	695
5231	705
5232	846
5233	773
5234	782
5235	729
5236	700
5237	677
5238	773
5239	813
5240	759
5241	729
5242	786
5243	733
5244	822
5245	661
5246	720
5247	729
5248	725
5249	701
5250	709
5251	746
5252	718
5253	732
5254	738
5255	744
5256	691
5257	706
5258	789
5259	711
5260	711
5261	763
5262	632
5263	669
5264	752
5265	719
5266	708
5267	787
5268	734
5269	792
5270	729
5271	698
5272	740
5273	728
5274	624
5275	625
5276	646
5277	645
5278	619
5279	644
5280	673
5281	630
5282	719
5283	664
5284	723
5285	765
5286	680
5287	620
5288	734
5289	694
5290	669
5291	648
5292	657
5293	608
5294	732
5295	657
5296	714
5297	662
5298	623
5299	702
5300	638
5301	692
5302	623
5303	621
5304	642
5305	689
5306	685
5307	643
5308	671
5309	667
5310	690
5311	617
5312	653
5313	554
5314	570
5315	721
5316	685
5317	690
5318	662
5319	584
5320	657
5321	643
5322	581
5323	646
5324	671
5325	643
5326	749
5327	640
5328	789
5329	720
5330	590
5331	636
5332	581
5333	624
5334	602
5335	630
5336	683
5337	690
5338	621
5339	669
5340	627
5341	642
5342	716
5343	584
5344	697
5345	642
5346	667
5347	684
5348	613
5349	627
5350	660
5351	735
5352	734
5353	602
5354	711
5355	684
5356	632
5357	653
5358	586
5359	600
5360	615
5361	637
5362	656
5363	647
5364	679
5365	696
5366	705
5367	720
5368	688
5369	679
5370	685
5371	625
5372	656
5373	581
5374	668
5375	588
5376	673
5377	658
5378	573
5379	657
5380	627
5381	681
5382	658
5383	637
5384	722
5385	685
5386	705
5387	661
5388	662
5389	726
5390	623
5391	667
5392	704
5393	742
5394	698
5395	681
5396	622
5397	709
5398	727
5399	770
5400	700
5401	644
5402	679
5403	747
5404	716
5405	661
5406	700
5407	754
5408	819
5409	772
5410	744
5411	720
5412	714
5413	672
5414	625
5415	776
5416	637
5417	688
5418	754
5419	803
5420	728
5421	788
5422	736
5423	697
5424	642
5425	690
5426	656
5427	762
5428	709
5429	802
5430	789
5431	665
5432	690
5433	750
5434	768
5435	846
5436	859
5437	663
5438	737
5439	777
5440	706
5441	802
5442	739
5443	845
5444	791
5445	832
5446	762
5447	814
5448	790
5449	684
5450	803
5451	820
5452	649
5453	732
5454	707
5455	752
5456	806
5457	937
5458	986
5459	793
5460	760
5461	750
5462	666
5463	768
5464	811
5465	847
5466	831
5467	827
5468	821
5469	858
5470	804
5471	771
5472	714
5473	716
5474	871
5475	826
5476	936
5477	944
5478	925
5479	882
5480	895
5481	887
5482	837
5483	720
5484	819
5485	766
5486	751
5487	806
5488	911
5489	828
5490	915
5491	841
5492	898
5493	873
5494	843
5495	733
5496	789
5497	765
5498	939
5499	767
5500	966
5501	787
5502	772
5503	789
5504	869
5505	813
5506	896
5507	793
5508	773
5509	752
5510	811
5511	789
5512	899
5513	858
5514	888
5515	834
5516	945
5517	836
5518	737
5519	869
5520	847
5521	894
5522	818
5523	914
5524	785
5525	790
5526	771
5527	790
5528	847
5529	847
5530	717
5531	863
5532	904
5533	749
5534	904
5535	752
5536	783
5537	801
5538	746
5539	666
5540	781
5541	778
5542	793
5543	751
5544	759
5545	777
5546	791
5547	863
5548	749
5549	788
5550	744
5551	762
5552	784
5553	773
5554	649
5555	737
5556	802
5557	800
5558	831
5559	761
5560	796
5561	746
5562	721
5563	769
5564	784
5565	760
5566	752
5567	698
5568	798
5569	684
5570	723
5571	739
5572	782
5573	769
5574	808
5575	885
5576	629
5577	770
5578	721
5579	767
5580	714
5581	792
5582	709
5583	720
5584	825
5585	705
5586	774
5587	855
5588	796
5589	791
5590	791
5591	803
5592	766
5593	942
5594	823
5595	795
5596	827
5597	791
5598	763
5599	882
5600	797
5601	780
5602	756
5603	853
5604	790
5605	903
5606	838
5607	908
5608	725
5609	791
5610	811
5611	812
5612	827
5613	845
5614	851
5615	756
5616	745
5617	711
5618	761
5619	792
5620	768
5621	819
5622	890
5623	751
5624	816
5625	795
5626	753
5627	850
5628	850
5629	923
5630	772
5631	857
5632	760
5633	793
5634	794
5635	795
5636	650
5637	827
5638	715
5639	783
5640	797
5641	844
5642	793
5643	752
5644	879
5645	781
5646	821
5647	701
5648	761
5649	809
5650	919
5651	876
5652	717
5653	769
5654	653
5655	758
5656	748
5657	808
5658	788
5659	770
5660	808
5661	789
5662	770
5663	708
5664	727
5665	768
5666	771
5667	762
5668	748
5669	690
5670	785
5671	760
5672	813
5673	784
5674	774
5675	752
5676	711
5677	829
5678	780
5679	700
5680	751
5681	735
5682	622
5683	673
5684	696
5685	723
5686	716
5687	708
5688	721
5689	676
5690	751
5691	740
5692	688
5693	590
5694	659
5695	581
5696	771
5697	677
5698	661
5699	719
5700	760
5701	728
5702	625
5703	676
5704	723
5705	714
5706	640
5707	695
5708	622
5709	662
5710	667
5711	607
5712	619
5713	793
5714	648
5715	718
5716	594
5717	640
5718	728
5719	672
5720	625
5721	603
5722	715
5723	568
5724	745
5725	619
5726	611
5727	669
5728	629
5729	675
5730	605
5731	605
5732	634
5733	599
5734	567
5735	554
5736	604
5737	653
5738	620
5739	569
5740	624
5741	671
5742	574
5743	533
5744	635
5745	623
5746	641
5747	601
5748	606
5749	674
5750	552
5751	663
5752	577
5753	519
5754	619
5755	608
5756	538
5757	538
5758	555
5759	624
5760	553
5761	571
5762	637
5763	646
5764	686
5765	554
5766	587
5767	619
5768	610
5769	609
5770	641
5771	693
5772	720
5773	653
5774	640
5775	643
5776	595
5777	587
5778	646
5779	694
5780	631
5781	685
5782	553
5783	604
5784	687
5785	693
5786	680
5787	668
5788	640
5789	615
5790	642
5791	699
5792	684
5793	603
5794	596
5795	646
5796	649
5797	610
5798	651
5799	613
5800	616
5801	646
5802	658
5803	616
5804	626
5805	698
5806	703
5807	687
5808	572
5809	598
5810	674
5811	592
5812	611
5813	644
5814	665
5815	574
5816	667
5817	659
5818	687
5819	604
5820	634
5821	703
5822	649
5823	667
5824	560
5825	583
5826	651
5827	669
5828	660
5829	638
5830	619
5831	643
5832	667
5833	679
5834	670
5835	667
5836	670
5837	691
5838	711
5839	707
5840	682
5841	689
5842	691
5843	756
5844	712
5845	686
5846	613
5847	718
5848	633
5849	656
5850	570
5851	690
5852	664
5853	632
5854	592
5855	737
5856	679
5857	704
5858	581
5859	649
5860	618
5861	584
5862	584
5863	640
5864	651
5865	604
5866	614
5867	586
5868	720
5869	652
5870	633
5871	667
5872	550
5873	574
5874	735
5875	661
5876	630
5877	617
5878	602
5879	654
5880	602
5881	619
5882	669
5883	581
5884	715
5885	582
5886	672
5887	599
5888	604
5889	595
5890	543
5891	716
5892	660
5893	611
5894	633
5895	621
5896	573
5897	612
5898	673
5899	615
5900	612
5901	627
5902	599
5903	611
5904	620
5905	553
5906	703
5907	566
5908	587
5909	581
5910	612
5911	629
5912	605
5913	566
5914	650
5915	570
5916	585
5917	563
5918	588
5919	632
5920	601
5921	601
5922	626
5923	649
5924	579
5925	642
5926	577
5927	582
5928	676
5929	624
5930	615
5931	702
5932	648
5933	611
5934	614
5935	598
5936	542
5937	620
5938	676
5939	610
5940	594
5941	632
5942	632
5943	583
5944	588
5945	579
5946	588
5947	624
5948	587
5949	581
5950	591
5951	558
5952	663
5953	571
5954	530
5955	595
5956	547
5957	580
5958	671
5959	613
5960	549
5961	629
5962	611
5963	622
5964	655
5965	544
5966	711
5967	644
5968	548
5969	601
5970	578
5971	592
5972	574
5973	683
5974	609
5975	630
5976	617
5977	665
5978	695
5979	531
5980	600
5981	614
5982	633
5983	622
5984	631
5985	629
5986	694
5987	634
5988	630
5989	584
5990	549
5991	571
5992	626
5993	580
5994	595
5995	611
5996	593
5997	610
5998	607
5999	671
6000	591
6001	592
6002	588
6003	681
6004	605
6005	641
6006	604
6007	563
6008	632
6009	659
6010	602
6011	540
6012	655
6013	636
6014	626
6015	630
6016	542
6017	638
6018	673
6019	726
6020	604
6021	647
6022	672
6023	632
6024	660
6025	598
6026	601
6027	733
6028	627
6029	582
6030	612
6031	682
6032	650
6033	571
6034	553
6035	604
6036	564
6037	564
6038	611
6039	606
6040	636
6041	640
6042	627
6043	634
6044	595
6045	545
6046	633
6047	591
6048	620
6049	674
6050	597
6051	594
6052	608
6053	533
6054	643
6055	572
6056	564
6057	655
6058	591
6059	648
6060	527
6061	665
6062	590
6063	636
6064	623
6065	651
6066	652
6067	576
6068	561
6069	592
6070	570
6071	638
6072	604
6073	597
6074	555
6075	633
6076	636
6077	564
6078	584
6079	575
6080	547
6081	570
6082	618
6083	564
6084	542
6085	622
6086	625
6087	626
6088	596
6089	600
6090	595
6091	616
6092	551
6093	578
6094	543
6095	603
6096	580
6097	569
6098	673
6099	496
6100	604
6101	576
6102	615
6103	549
6104	591
6105	559
6106	558
6107	558
6108	611
6109	574
6110	553
6111	621
6112	563
6113	564
6114	538
6115	619
6116	603
6117	521
6118	592
6119	573
6120	557
6121	564
6122	580
6123	596
6124	585
6125	536
6126	647
6127	509
6128	578
6129	552
6130	653
6131	613
6132	531
6133	552
6134	594
6135	553
6136	582
6137	610
6138	574
6139	558
6140	595
6141	524
6142	633
6143	452
6144	562
6145	506
6146	561
6147	657
6148	535
6149	591
6150	591
6151	605
6152	522
6153	498
6154	501
6155	594
6156	555
6157	541
6158	531
6159	545
6160	533
6161	584
6162	571
6163	616
6164	562
6165	588
6166	519
6167	569
6168	470
6169	607
6170	504
6171	597
6172	548
6173	514
6174	560
6175	553
6176	602
6177	585
6178	634
6179	540
6180	509
6181	501
6182	499
6183	562
6184	614
6185	555
6186	593
6187	512
6188	589
6189	562
6190	565
6191	584
6192	565
6193	532
6194	553
6195	519
6196	569
6197	493
6198	525
6199	541
6200	514
6201	532
6202	490
6203	536
6204	509
6205	466
6206	526
6207	573
6208	525
6209	551
6210	497
6211	517
6212	515
6213	515
6214	540
6215	581
6216	538
6217	511
6218	534
6219	518
6220	536
6221	557
6222	516
6223	500
6224	554
6225	525
6226	521
6227	531
6228	520
6229	524
6230	562
6231	550
6232	566
6233	521
6234	495
6235	503
6236	507
6237	531
6238	565
6239	545
6240	525
6241	541
6242	518
6243	565
6244	509
6245	480
6246	550
6247	460
6248	556
6249	626
6250	572
6251	563
6252	577
6253	578
6254	533
6255	586
6256	647
6257	576
6258	582
6259	557
6260	547
6261	623
6262	543
6263	468
6264	570
6265	513
6266	572
6267	593
6268	575
6269	479
6270	574
6271	548
6272	549
6273	578
6274	548
6275	652
6276	573
6277	520
6278	533
6279	531
6280	517
6281	524
6282	623
6283	572
6284	550
6285	526
6286	592
6287	555
6288	591
6289	507
6290	520
6291	564
6292	570
6293	453
6294	504
6295	556
6296	560
6297	534
6298	480
6299	578
6300	484
6301	499
6302	578
6303	516
6304	607
6305	531
6306	533
6307	532
6308	603
6309	525
6310	504
6311	565
6312	580
6313	558
6314	579
6315	649
6316	571
6317	581
6318	593
6319	573
6320	575
6321	648
6322	588
6323	602
6324	579
6325	543
6326	522
6327	521
6328	563
6329	535
6330	590
6331	568
6332	595
6333	596
6334	519
6335	565
6336	488
6337	575
6338	606
6339	657
6340	530
6341	568
6342	544
6343	512
6344	571
6345	656
6346	511
6347	690
6348	563
6349	561
6350	538
6351	536
6352	603
6353	664
6354	613
6355	635
6356	559
6357	581
6358	589
6359	535
6360	621
6361	539
6362	609
6363	621
6364	632
6365	636
6366	552
6367	623
6368	461
6369	565
6370	554
6371	579
6372	569
6373	544
6374	562
6375	562
6376	622
6377	609
6378	589
6379	573
6380	503
6381	551
6382	614
6383	586
6384	550
6385	568
6386	639
6387	599
6388	584
6389	593
6390	546
6391	571
6392	731
6393	588
6394	566
6395	646
6396	639
6397	560
6398	618
6399	574
6400	602
6401	710
6402	616
6403	620
6404	579
6405	620
6406	644
6407	634
6408	556
6409	567
6410	565
6411	634
6412	576
6413	510
6414	636
6415	646
6416	621
6417	587
6418	634
6419	528
6420	712
6421	620
6422	654
6423	628
6424	638
6425	495
6426	600
6427	629
6428	714
6429	630
6430	643
6431	676
6432	581
6433	560
6434	529
6435	592
6436	574
6437	507
6438	552
6439	645
6440	585
6441	547
6442	645
6443	584
6444	713
6445	629
6446	614
6447	607
6448	612
6449	563
6450	639
6451	524
6452	587
6453	605
6454	588
6455	479
6456	599
6457	598
6458	510
6459	489
6460	434
6461	508
6462	465
6463	539
6464	480
6465	571
6466	469
6467	434
6468	585
6469	534
6470	497
6471	486
6472	478
6473	531
6474	501
6475	495
6476	560
6477	514
6478	476
6479	544
6480	579
6481	596
6482	517
6483	560
6484	567
6485	553
6486	483
6487	612
6488	514
6489	566
6490	576
6491	520
6492	539
6493	640
6494	476
6495	562
6496	536
6497	541
6498	568
6499	582
6500	486
6501	557
6502	510
6503	550
6504	533
6505	513
6506	637
6507	607
6508	579
6509	577
6510	572
6511	547
6512	540
6513	527
6514	580
6515	533
6516	541
6517	519
6518	610
6519	517
6520	527
6521	519
6522	496
6523	584
6524	485
6525	527
6526	506
6527	583
6528	544
6529	606
6530	538
6531	545
6532	608
6533	497
6534	578
6535	506
6536	513
6537	534
6538	465
6539	484
6540	550
6541	438
6542	560
6543	434
6544	528
6545	498
6546	540
6547	457
6548	569
6549	496
6550	498
6551	481
6552	459
6553	484
6554	441
6555	488
6556	517
6557	389
6558	494
6559	499
6560	518
6561	501
6562	569
6563	471
6564	549
6565	467
6566	441
6567	503
6568	513
6569	518
6570	473
6571	480
6572	497
6573	506
6574	508
6575	482
6576	477
6577	545
6578	531
6579	477
6580	545
6581	519
6582	457
6583	530
6584	466
6585	439
6586	500
6587	492
6588	490
6589	474
6590	464
6591	535
6592	457
6593	496
6594	478
6595	469
6596	462
6597	460
6598	471
6599	424
6600	490
6601	497
6602	480
6603	473
6604	455
6605	466
6606	447
6607	485
6608	438
6609	456
6610	471
6611	472
6612	481
6613	439
6614	552
6615	405
6616	485
6617	448
6618	489
6619	497
6620	485
6621	426
6622	453
6623	421
6624	490
6625	517
6626	493
6627	498
6628	417
6629	383
6630	474
6631	449
6632	498
6633	461
6634	404
6635	462
6636	478
6637	552
6638	423
6639	526
6640	443
6641	422
6642	427
6643	406
6644	441
6645	431
6646	461
6647	456
6648	410
6649	389
6650	429
6651	429
6652	409
6653	445
6654	412
6655	455
6656	433
6657	485
6658	398
6659	412
6660	417
6661	433
6662	437
6663	449
6664	389
6665	437
6666	449
6667	472
6668	429
6669	456
6670	413
6671	495
6672	463
6673	412
6674	449
6675	446
6676	465
6677	387
6678	504
6679	441
6680	405
6681	398
6682	372
6683	486
6684	453
6685	425
6686	447
6687	435
6688	460
6689	488
6690	490
6691	454
6692	443
6693	466
6694	412
6695	550
6696	477
6697	440
6698	446
6699	518
6700	420
6701	466
6702	448
6703	568
6704	520
6705	545
6706	433
6707	468
6708	496
6709	477
6710	479
6711	469
6712	402
6713	469
6714	529
6715	492
6716	447
6717	526
6718	482
6719	493
6720	516
6721	459
6722	488
6723	521
6724	518
6725	585
6726	577
6727	541
6728	551
6729	519
6730	461
6731	590
6732	440
6733	502
6734	511
6735	479
6736	478
6737	486
6738	575
6739	560
6740	438
6741	470
6742	512
6743	500
6744	491
6745	523
6746	442
6747	412
6748	481
6749	509
6750	475
6751	510
6752	466
6753	482
6754	428
6755	483
6756	449
6757	533
6758	475
6759	492
6760	532
6761	550
6762	532
6763	505
6764	463
6765	506
6766	446
6767	509
6768	451
6769	502
6770	517
6771	518
6772	492
6773	392
6774	542
6775	503
6776	497
6777	508
6778	524
6779	467
6780	541
6781	467
6782	490
6783	510
6784	535
6785	505
6786	503
6787	437
6788	514
6789	438
6790	387
6791	496
6792	494
6793	428
6794	513
6795	488
6796	446
6797	439
6798	465
6799	456
6800	483
6801	445
6802	478
6803	453
6804	492
6805	523
6806	497
6807	449
6808	490
6809	393
6810	428
6811	496
6812	449
6813	567
6814	536
6815	433
6816	507
6817	481
6818	479
6819	414
6820	450
6821	447
6822	500
6823	444
6824	568
6825	528
6826	427
6827	446
6828	442
6829	477
6830	457
6831	423
6832	527
6833	444
6834	519
6835	492
6836	518
6837	473
6838	487
6839	478
6840	497
6841	426
6842	531
6843	531
6844	370
6845	513
6846	456
6847	601
6848	539
6849	544
6850	467
6851	537
6852	456
6853	457
6854	472
6855	487
6856	509
6857	421
6858	547
6859	497
6860	476
6861	474
6862	504
6863	460
6864	476
6865	468
6866	451
6867	504
6868	481
6869	507
6870	511
6871	471
6872	461
6873	456
6874	428
6875	492
6876	459
6877	472
6878	502
6879	517
6880	538
6881	446
6882	506
6883	492
6884	462
6885	482
6886	485
6887	530
6888	452
6889	520
6890	491
6891	507
6892	476
6893	512
6894	511
6895	553
6896	544
6897	479
6898	422
6899	531
6900	527
6901	577
6902	496
6903	511
6904	492
6905	445
6906	528
6907	595
6908	471
6909	482
6910	515
6911	519
6912	519
6913	559
6914	516
6915	520
6916	468
6917	544
6918	475
6919	483
6920	469
6921	557
6922	522
6923	540
6924	494
6925	574
6926	587
6927	549
6928	544
6929	507
6930	520
6931	530
6932	492
6933	489
6934	555
6935	497
6936	521
6937	555
6938	514
6939	524
6940	490
6941	479
6942	495
6943	530
6944	525
6945	496
6946	530
6947	514
6948	514
6949	615
6950	475
6951	467
6952	483
6953	568
6954	480
6955	488
6956	527
6957	564
6958	464
6959	505
6960	459
6961	510
6962	516
6963	495
6964	565
6965	454
6966	487
6967	447
6968	478
6969	463
6970	451
6971	531
6972	448
6973	452
6974	452
6975	540
6976	509
6977	463
6978	548
6979	525
6980	413
6981	529
6982	488
6983	451
6984	469
6985	503
6986	472
6987	422
6988	496
6989	418
6990	470
6991	480
6992	478
6993	509
6994	523
6995	454
6996	426
6997	510
6998	493
6999	492
7000	490
7001	444
7002	440
7003	506
7004	456
7005	451
7006	483
7007	459
7008	460
7009	482
7010	518
7011	432
7012	418
7013	562
7014	426
7015	442
7016	491
7017	576
7018	473
7019	493
7020	537
7021	439
7022	412
7023	533
7024	435
7025	446
7026	441
7027	432
7028	468
7029	422
7030	539
7031	442
7032	501
7033	490
7034	422
7035	474
7036	422
7037	459
7038	410
7039	488
7040	499
7041	505
7042	414
7043	442
7044	410
7045	440
7046	410
7047	499
7048	545
7049	407
7050	429
7051	416
7052	480
7053	478
7054	434
7055	457
7056	460
7057	462
7058	524
7059	434
7060	429
7061	516
7062	506
7063	460
7064	517
7065	494
7066	493
7067	484
7068	508
7069	459
7070	493
7071	513
7072	448
7073	444
7074	435
7075	502
7076	507
7077	453
7078	439
7079	529
7080	474
7081	432
7082	440
7083	476
7084	443
7085	395
7086	446
7087	483
7088	511
7089	459
7090	450
7091	451
7092	444
7093	480
7094	492
7095	445
7096	541
7097	476
7098	457
7099	394
7100	520
7101	491
7102	478
7103	456
7104	439
7105	436
7106	475
7107	467
7108	444
7109	427
7110	452
7111	478
7112	428
7113	504
7114	483
7115	453
7116	518
7117	432
7118	420
7119	437
7120	456
7121	429
7122	405
7123	522
7124	427
7125	409
7126	452
7127	408
7128	436
7129	469
7130	503
7131	417
7132	493
7133	453
7134	448
7135	445
7136	464
7137	472
7138	456
7139	486
7140	465
7141	492
7142	478
7143	469
7144	491
7145	483
7146	482
7147	459
7148	566
7149	476
7150	502
7151	497
7152	415
7153	486
7154	448
7155	419
7156	427
7157	416
7158	441
7159	428
7160	420
7161	482
7162	539
7163	485
7164	456
7165	527
7166	542
7167	487
7168	506
7169	374
7170	487
7171	470
7172	453
7173	452
7174	470
7175	427
7176	451
7177	463
7178	463
7179	485
7180	463
7181	481
7182	467
7183	522
7184	477
7185	454
7186	556
7187	419
7188	490
7189	519
7190	465
7191	559
7192	504
7193	489
7194	494
7195	513
7196	528
7197	490
7198	473
7199	425
7200	495
7201	457
7202	515
7203	466
7204	504
7205	434
7206	464
7207	492
7208	443
7209	476
7210	481
7211	566
7212	458
7213	514
7214	402
7215	480
7216	528
7217	486
7218	489
7219	414
7220	439
7221	486
7222	448
7223	481
7224	448
7225	424
7226	476
7227	460
7228	533
7229	510
7230	456
7231	384
7232	441
7233	462
7234	501
7235	384
7236	480
7237	418
7238	468
7239	453
7240	527
7241	487
7242	488
7243	449
7244	496
7245	404
7246	452
7247	504
7248	428
7249	422
7250	483
7251	499
7252	431
7253	409
7254	449
7255	456
7256	427
7257	455
7258	461
7259	381
7260	385
7261	398
7262	470
7263	423
7264	502
7265	443
7266	475
7267	413
7268	444
7269	413
7270	403
7271	408
7272	450
7273	460
7274	451
7275	402
7276	442
7277	389
7278	430
7279	385
7280	431
7281	476
7282	408
7283	425
7284	468
7285	470
7286	476
7287	412
7288	509
7289	404
7290	403
7291	373
7292	424
7293	425
7294	423
7295	401
7296	379
7297	410
7298	386
7299	407
7300	413
7301	378
7302	381
7303	399
7304	409
7305	474
7306	409
7307	418
7308	411
7309	330
7310	386
7311	406
7312	388
7313	483
7314	440
7315	421
7316	397
7317	353
7318	377
7319	372
7320	404
7321	358
7322	429
7323	380
7324	426
7325	364
7326	418
7327	329
7328	418
7329	381
7330	343
7331	365
7332	429
7333	466
7334	348
7335	476
7336	387
7337	410
7338	340
7339	428
7340	416
7341	486
7342	401
7343	369
7344	488
7345	407
7346	434
7347	418
7348	443
7349	442
7350	358
7351	407
7352	385
7353	426
7354	471
7355	439
7356	383
7357	400
7358	402
7359	407
7360	394
7361	391
7362	396
7363	470
7364	489
7365	438
7366	348
7367	489
7368	451
7369	439
7370	425
7371	392
7372	429
7373	371
7374	480
7375	427
7376	421
7377	461
7378	407
7379	434
7380	445
7381	466
7382	457
7383	452
7384	400
7385	382
7386	437
7387	463
7388	479
7389	395
7390	407
7391	395
7392	343
7393	469
7394	385
7395	432
7396	430
7397	460
7398	433
7399	425
7400	518
7401	418
7402	408
7403	423
7404	441
7405	456
7406	441
7407	455
7408	399
7409	436
7410	377
7411	482
7412	383
7413	385
7414	403
7415	396
7416	436
7417	442
7418	392
7419	403
7420	378
7421	413
7422	373
7423	387
7424	405
7425	466
7426	419
7427	424
7428	419
7429	373
7430	414
7431	371
7432	365
7433	425
7434	383
7435	322
7436	417
7437	364
7438	394
7439	368
7440	446
7441	392
7442	489
7443	353
7444	387
7445	394
7446	458
7447	413
7448	405
7449	348
7450	348
7451	442
7452	467
7453	338
7454	344
7455	340
7456	349
7457	364
7458	375
7459	378
7460	368
7461	378
7462	408
7463	346
7464	384
7465	388
7466	366
7467	385
7468	367
7469	350
7470	319
7471	339
7472	450
7473	361
7474	388
7475	345
7476	401
7477	415
7478	372
7479	380
7480	336
7481	370
7482	345
7483	364
7484	315
7485	350
7486	341
7487	360
7488	374
7489	354
7490	335
7491	339
7492	382
7493	377
7494	375
7495	394
7496	375
7497	335
7498	379
7499	320
7500	292
7501	353
7502	353
7503	290
7504	339
7505	375
7506	360
7507	414
7508	362
7509	356
7510	322
7511	411
7512	308
7513	386
7514	367
7515	350
7516	366
7517	333
7518	338
7519	455
7520	342
7521	347
7522	353
7523	375
7524	386
7525	358
7526	317
7527	386
7528	340
7529	375
7530	337
7531	320
7532	343
7533	321
7534	319
7535	399
7536	358
7537	403
7538	334
7539	316
7540	407
7541	413
7542	322
7543	357
7544	263
7545	334
7546	317
7547	357
7548	422
7549	358
7550	326
7551	365
7552	339
7553	355
7554	390
7555	356
7556	376
7557	328
7558	344
7559	297
7560	442
7561	394
7562	420
7563	346
7564	351
7565	307
7566	361
7567	453
7568	354
7569	410
7570	379
7571	378
7572	338
7573	349
7574	364
7575	308
7576	345
7577	349
7578	376
7579	344
7580	347
7581	398
7582	295
7583	336
7584	319
7585	335
7586	341
7587	423
7588	281
7589	361
7590	408
7591	375
7592	327
7593	315
7594	386
7595	300
7596	404
7597	397
7598	360
7599	337
7600	359
7601	340
7602	359
7603	276
7604	367
7605	386
7606	354
7607	379
7608	330
7609	287
7610	311
7611	384
7612	334
7613	353
7614	340
7615	350
7616	304
7617	306
7618	326
7619	283
7620	341
7621	306
7622	374
7623	349
7624	286
7625	346
7626	329
7627	359
7628	325
7629	353
7630	357
7631	366
7632	315
7633	319
7634	355
7635	365
7636	380
7637	343
7638	323
7639	319
7640	353
7641	383
7642	397
7643	323
7644	357
7645	363
7646	393
7647	382
7648	365
7649	346
7650	303
7651	340
7652	430
7653	387
7654	356
7655	395
7656	357
7657	351
7658	345
7659	379
7660	343
7661	416
7662	316
7663	403
7664	385
7665	364
7666	341
7667	340
7668	412
7669	387
7670	388
7671	402
7672	396
7673	335
7674	355
7675	418
7676	402
7677	399
7678	362
7679	371
7680	387
7681	418
7682	403
7683	406
7684	338
7685	351
7686	418
7687	363
7688	361
7689	381
7690	399
7691	359
7692	325
7693	410
7694	380
7695	390
7696	393
7697	319
7698	357
7699	446
7700	394
7701	364
7702	418
7703	406
7704	361
7705	352
7706	345
7707	447
7708	373
7709	374
7710	374
7711	375
7712	376
7713	350
7714	371
7715	408
7716	451
7717	350
7718	373
7719	361
7720	380
7721	329
7722	443
7723	395
7724	429
7725	363
7726	419
7727	351
7728	377
7729	412
7730	393
7731	417
7732	372
7733	359
7734	347
7735	384
7736	406
7737	354
7738	357
7739	376
7740	381
7741	365
7742	465
7743	420
7744	461
7745	417
7746	415
7747	425
7748	318
7749	394
7750	339
7751	396
7752	382
7753	348
7754	295
7755	335
7756	363
7757	399
7758	379
7759	395
7760	417
7761	291
7762	384
7763	367
7764	389
7765	379
7766	354
7767	347
7768	419
7769	379
7770	401
7771	389
7772	345
7773	405
7774	356
7775	405
7776	348
7777	325
7778	333
7779	414
7780	366
7781	410
7782	399
7783	372
7784	421
7785	342
7786	408
7787	316
7788	412
7789	392
7790	425
7791	371
7792	411
7793	355
7794	360
7795	416
7796	412
7797	366
7798	467
7799	439
7800	397
7801	426
7802	415
7803	386
7804	480
7805	380
7806	445
7807	412
7808	364
7809	355
7810	412
7811	373
7812	381
7813	393
7814	393
7815	354
7816	402
7817	421
7818	363
7819	441
7820	368
7821	355
7822	431
7823	392
7824	388
7825	392
7826	411
7827	422
7828	373
7829	378
7830	379
7831	424
7832	309
7833	382
7834	318
7835	319
7836	396
7837	383
7838	431
7839	409
7840	376
7841	415
7842	392
7843	451
7844	423
7845	431
7846	388
7847	424
7848	464
7849	428
7850	422
7851	374
7852	348
7853	351
7854	407
7855	385
7856	371
7857	415
7858	341
7859	390
7860	354
7861	426
7862	408
7863	311
7864	333
7865	452
7866	398
7867	377
7868	390
7869	407
7870	417
7871	437
7872	341
7873	444
7874	472
7875	427
7876	380
7877	396
7878	401
7879	403
7880	381
7881	378
7882	372
7883	363
7884	429
7885	454
7886	395
7887	338
7888	433
7889	442
7890	374
7891	430
7892	407
7893	479
7894	464
7895	493
7896	409
7897	354
7898	416
7899	463
7900	384
7901	410
7902	444
7903	491
7904	440
7905	453
7906	434
7907	468
7908	491
7909	439
7910	452
7911	445
7912	461
7913	402
7914	540
7915	465
7916	455
7917	487
7918	526
7919	537
7920	503
7921	589
7922	542
7923	542
7924	515
7925	506
7926	484
7927	539
7928	537
7929	619
7930	551
7931	552
7932	437
7933	484
7934	532
7935	542
7936	507
7937	488
7938	442
7939	519
7940	488
7941	471
7942	451
7943	515
7944	479
7945	489
7946	513
7947	466
7948	441
7949	415
7950	392
7951	422
7952	433
7953	534
7954	506
7955	530
7956	464
7957	472
7958	444
7959	393
7960	408
7961	455
7962	554
7963	553
7964	462
7965	501
7966	502
7967	465
7968	410
7969	435
7970	401
7971	399
7972	360
7973	442
7974	417
7975	370
7976	346
7977	407
7978	315
7979	379
7980	404
7981	395
7982	372
7983	421
7984	371
7985	451
7986	361
7987	402
7988	424
7989	380
7990	357
7991	380
7992	374
7993	369
7994	366
7995	409
7996	310
7997	385
7998	365
7999	355
8000	309
8001	357
8002	371
8003	391
8004	327
8005	397
8006	380
8007	342
8008	399
8009	386
8010	386
8011	406
8012	409
8013	390
8014	345
8015	385
8016	379
8017	376
8018	352
8019	389
8020	395
8021	466
8022	371
8023	440
8024	338
8025	351
8026	403
8027	406
8028	382
8029	431
8030	369
8031	437
8032	373
8033	454
8034	390
8035	424
8036	437
8037	420
8038	421
8039	458
8040	416
8041	455
8042	387
8043	409
8044	440
8045	430
8046	523
8047	423
8048	496
8049	464
8050	435
8051	515
8052	473
8053	424
8054	451
8055	436
8056	575
8057	449
8058	464
8059	558
8060	479
8061	604
8062	600
8063	456
8064	475
8065	563
8066	493
8067	609
8068	618
8069	533
8070	486
8071	526
8072	484
8073	531
8074	537
8075	532
8076	515
8077	586
8078	475
8079	461
8080	524
8081	480
8082	509
8083	487
8084	480
8085	521
8086	491
8087	430
8088	500
8089	494
8090	460
8091	488
8092	430
8093	493
8094	408
8095	483
8096	513
8097	502
8098	481
8099	409
8100	428
8101	398
8102	510
8103	538
8104	497
8105	588
8106	483
8107	589
8108	496
8109	485
8110	464
8111	527
8112	536
8113	520
8114	465
8115	508
8116	518
8117	427
8118	448
8119	486
8120	471
8121	416
8122	426
8123	421
8124	438
8125	470
8126	403
8127	493
8128	506
8129	443
8130	458
8131	455
8132	487
8133	424
8134	407
8135	408
8136	415
8137	462
8138	431
8139	397
8140	391
8141	402
8142	419
8143	478
8144	428
8145	399
8146	347
8147	402
8148	468
8149	446
8150	434
8151	349
8152	401
8153	354
8154	376
8155	432
8156	376
8157	388
8158	418
8159	373
8160	295
8161	384
8162	334
8163	389
8164	357
8165	359
8166	320
8167	386
8168	454
8169	385
8170	337
8171	440
8172	398
8173	406
8174	421
8175	429
8176	387
8177	379
8178	370
8179	356
8180	409
8181	382
8182	361
8183	327
8184	335
8185	378
8186	304
8187	356
8188	409
8189	330
8190	357
8191	389
8192	416
8193	405
8194	425
8195	349
8196	340
8197	336
8198	317
8199	386
8200	362
8201	345
8202	363
8203	344
8204	306
8205	297
8206	392
8207	372
8208	343
8209	348
8210	366
8211	385
8212	376
8213	340
8214	423
8215	344
8216	364
8217	426
8218	386
8219	415
8220	321
8221	371
8222	363
8223	329
8224	416
8225	300
8226	330
8227	299
8228	336
8229	351
8230	400
8231	382
8232	333
8233	371
8234	380
8235	388
8236	298
8237	337
8238	350
8239	287
8240	373
8241	399
8242	297
8243	319
8244	250
8245	362
8246	284
8247	300
8248	275
8249	276
8250	376
8251	393
8252	384
8253	348
8254	401
8255	373
8256	314
8257	344
8258	342
8259	313
8260	344
8261	332
8262	298
8263	346
8264	319
8265	374
8266	303
8267	350
8268	363
8269	371
8270	338
8271	339
8272	294
8273	370
8274	352
8275	330
8276	326
8277	338
8278	293
8279	285
8280	296
8281	334
8282	388
8283	352
8284	307
8285	297
8286	311
8287	363
8288	331
8289	342
8290	311
8291	338
8292	293
8293	344
8294	309
8295	388
8296	295
8297	343
8298	307
8299	340
8300	280
8301	337
8302	350
8303	329
8304	273
8305	305
8306	308
8307	340
8308	384
8309	320
8310	319
8311	282
8312	370
8313	365
8314	364
8315	358
8316	259
8317	398
8318	363
8319	370
8320	358
8321	280
8322	320
8323	319
8324	332
8325	354
8326	282
8327	375
8328	353
8329	389
8330	345
8331	299
8332	343
8333	346
8334	342
8335	410
8336	354
8337	376
8338	382
8339	384
8340	332
8341	301
8342	373
8343	343
8344	365
8345	356
8346	395
8347	344
8348	396
8349	256
8350	343
8351	335
8352	333
8353	391
8354	295
8355	313
8356	328
8357	352
8358	366
8359	318
8360	346
8361	364
8362	378
8363	322
8364	299
8365	376
8366	339
8367	345
8368	317
8369	310
8370	342
8371	347
8372	312
8373	383
8374	361
8375	313
8376	357
8377	297
8378	363
8379	329
8380	329
8381	324
8382	297
8383	324
8384	290
8385	278
8386	368
8387	354
8388	301
8389	296
8390	346
8391	380
8392	356
8393	347
8394	287
8395	400
8396	340
8397	262
8398	291
8399	329
8400	366
8401	375
8402	286
8403	323
8404	357
8405	310
8406	334
8407	360
8408	311
8409	398
8410	296
8411	334
8412	352
8413	314
8414	298
8415	334
8416	383
8417	266
8418	356
8419	301
8420	291
8421	303
8422	343
8423	278
8424	278
8425	367
8426	330
8427	393
8428	273
8429	310
8430	371
8431	353
8432	335
8433	354
8434	312
8435	325
8436	348
8437	300
8438	287
8439	364
8440	308
8441	304
8442	320
8443	305
8444	332
8445	308
8446	328
8447	280
8448	326
8449	334
8450	346
8451	348
8452	406
8453	247
8454	357
8455	381
8456	348
8457	311
8458	324
8459	303
8460	314
8461	322
8462	314
8463	299
8464	310
8465	338
8466	286
8467	359
8468	337
8469	352
8470	299
8471	290
8472	317
8473	279
8474	322
8475	298
8476	312
8477	289
8478	312
8479	287
8480	308
8481	337
8482	291
8483	310
8484	256
8485	316
8486	327
8487	331
8488	256
8489	295
8490	250
8491	283
8492	291
8493	288
8494	348
8495	306
8496	321
8497	260
8498	292
8499	378
8500	313
8501	312
8502	275
8503	284
8504	306
8505	305
8506	256
8507	264
8508	257
8509	285
8510	310
8511	255
8512	262
8513	289
8514	273
8515	264
8516	264
8517	260
8518	271
8519	305
8520	317
8521	285
8522	265
8523	228
8524	286
8525	299
8526	325
8527	316
8528	326
8529	331
8530	291
8531	250
8532	247
8533	284
8534	303
8535	284
8536	306
8537	318
8538	292
8539	350
8540	249
8541	312
8542	312
8543	295
8544	319
8545	295
8546	322
8547	308
8548	277
8549	325
8550	305
8551	329
8552	273
8553	285
8554	267
8555	264
8556	291
8557	259
8558	297
8559	345
8560	323
8561	274
8562	301
8563	287
8564	248
8565	348
8566	323
8567	306
8568	340
8569	340
8570	312
8571	308
8572	324
8573	218
8574	248
8575	291
8576	323
8577	268
8578	310
8579	266
8580	285
8581	348
8582	301
8583	305
8584	306
8585	323
8586	313
8587	252
8588	297
8589	312
8590	291
8591	328
8592	296
8593	282
8594	280
8595	280
8596	315
8597	297
8598	303
8599	319
8600	288
8601	313
8602	276
8603	238
8604	271
8605	299
8606	307
8607	270
8608	317
8609	321
8610	247
8611	347
8612	296
8613	314
8614	300
8615	286
8616	279
8617	290
8618	276
8619	317
8620	300
8621	296
8622	321
8623	250
8624	239
8625	366
8626	292
8627	267
8628	245
8629	306
8630	320
8631	271
8632	370
8633	291
8634	333
8635	305
8636	289
8637	267
8638	268
8639	301
8640	265
8641	328
8642	291
8643	229
8644	286
8645	327
8646	292
8647	285
8648	316
8649	303
8650	264
8651	332
8652	276
8653	279
8654	309
8655	287
8656	282
8657	269
8658	307
8659	269
8660	337
8661	318
8662	299
8663	321
8664	238
8665	271
8666	306
8667	299
8668	291
8669	375
8670	270
8671	283
8672	303
8673	275
8674	291
8675	250
8676	336
8677	293
8678	370
8679	263
8680	312
8681	344
8682	279
8683	299
8684	371
8685	304
8686	276
8687	307
8688	265
8689	294
8690	287
8691	304
8692	324
8693	273
8694	272
8695	355
8696	299
8697	301
8698	334
8699	299
8700	280
8701	301
8702	316
8703	302
8704	301
8705	266
8706	312
8707	265
8708	325
8709	300
8710	250
8711	268
8712	311
8713	273
8714	283
8715	299
8716	284
8717	331
8718	271
8719	281
8720	261
8721	243
8722	290
8723	270
8724	353
8725	321
8726	310
8727	255
8728	319
8729	319
8730	278
8731	311
8732	274
8733	302
8734	280
8735	225
8736	274
8737	314
8738	302
8739	277
8740	282
8741	285
8742	293
8743	311
8744	289
8745	310
8746	245
8747	248
8748	243
8749	266
8750	325
8751	294
8752	278
8753	346
8754	318
8755	325
8756	276
8757	268
8758	302
8759	320
8760	287
8761	275
8762	268
8763	321
8764	315
8765	267
8766	312
8767	330
8768	333
8769	303
8770	321
8771	263
8772	295
8773	316
8774	311
8775	299
8776	265
8777	336
8778	353
8779	269
8780	309
8781	267
8782	276
8783	270
8784	282
8785	303
8786	299
8787	289
8788	335
8789	284
8790	303
8791	263
8792	249
8793	280
8794	318
8795	285
8796	325
8797	317
8798	332
8799	281
8800	305
8801	267
8802	340
8803	263
8804	273
8805	256
8806	270
8807	267
8808	305
8809	286
8810	264
8811	298
8812	312
8813	333
8814	320
8815	229
8816	284
8817	298
8818	339
8819	281
8820	242
8821	335
8822	285
8823	238
8824	270
8825	286
8826	337
8827	316
8828	295
8829	261
8830	324
8831	309
8832	289
8833	302
8834	321
8835	293
8836	306
8837	350
8838	288
8839	300
8840	267
8841	259
8842	306
8843	247
8844	317
8845	377
8846	266
8847	315
8848	352
8849	323
8850	294
8851	370
8852	346
8853	360
8854	345
8855	361
8856	419
8857	262
8858	356
8859	341
8860	313
8861	320
8862	291
8863	324
8864	357
8865	302
8866	328
8867	368
8868	288
8869	365
8870	366
8871	325
8872	339
8873	316
8874	314
8875	306
8876	326
8877	294
8878	304
8879	297
8880	347
8881	273
8882	355
8883	365
8884	265
8885	323
8886	320
8887	307
8888	277
8889	273
8890	304
8891	268
8892	282
8893	313
8894	323
8895	265
8896	321
8897	322
8898	297
8899	294
8900	299
8901	304
8902	316
8903	316
8904	320
8905	307
8906	303
8907	311
8908	226
8909	255
8910	312
8911	302
8912	280
8913	363
8914	244
8915	321
8916	332
8917	268
8918	289
8919	321
8920	326
8921	311
8922	269
8923	281
8924	299
8925	265
8926	279
8927	381
8928	303
8929	227
8930	287
8931	294
8932	281
8933	286
8934	275
8935	280
8936	278
8937	260
8938	301
8939	325
8940	268
8941	305
8942	244
8943	292
8944	309
8945	328
8946	233
8947	325
8948	257
8949	278
8950	302
8951	274
8952	313
8953	302
8954	353
8955	291
8956	305
8957	258
8958	265
8959	276
8960	328
8961	231
8962	272
8963	301
8964	364
8965	319
8966	261
8967	324
8968	264
8969	284
8970	312
8971	286
8972	281
8973	294
8974	267
8975	320
8976	288
8977	287
8978	298
8979	308
8980	226
8981	255
8982	244
8983	243
8984	312
8985	274
8986	207
8987	320
8988	258
8989	236
8990	334
8991	311
8992	288
8993	326
8994	331
8995	283
8996	269
8997	316
8998	248
8999	294
9000	303
9001	255
9002	266
9003	282
9004	256
9005	309
9006	349
9007	279
9008	271
9009	272
9010	280
9011	296
9012	264
9013	259
9014	308
9015	289
9016	290
9017	274
9018	273
9019	333
9020	261
9021	242
9022	204
9023	285
9024	308
9025	303
9026	250
9027	262
9028	232
9029	268
9030	288
9031	309
9032	291
9033	234
9034	322
9035	307
9036	270
9037	254
9038	240
9039	251
9040	297
9041	259
9042	274
9043	261
9044	283
9045	272
9046	280
9047	205
9048	232
9049	282
9050	297
9051	248
9052	266
9053	322
9054	264
9055	256
9056	289
9057	185
9058	252
9059	261
9060	250
9061	289
9062	336
9063	325
9064	285
9065	262
9066	274
9067	227
9068	263
9069	267
9070	290
9071	240
9072	234
9073	220
9074	257
9075	277
9076	222
9077	229
9078	258
9079	241
9080	269
9081	282
9082	263
9083	311
9084	278
9085	271
9086	228
9087	236
9088	270
9089	284
9090	282
9091	269
9092	287
9093	268
9094	183
9095	240
9096	266
9097	276
9098	283
9099	271
9100	287
9101	273
9102	232
9103	269
9104	248
9105	283
9106	267
9107	238
9108	249
9109	247
9110	252
9111	247
9112	265
9113	278
9114	310
9115	289
9116	244
9117	317
9118	321
9119	253
9120	225
9121	311
9122	266
9123	322
9124	298
9125	253
9126	265
9127	306
9128	288
9129	324
9130	242
9131	252
9132	257
9133	306
9134	284
9135	274
9136	244
9137	255
9138	285
9139	283
9140	292
9141	277
9142	326
9143	265
9144	267
9145	259
9146	242
9147	274
9148	283
9149	268
9150	305
9151	331
9152	254
9153	288
9154	244
9155	273
9156	284
9157	275
9158	263
9159	304
9160	235
9161	241
9162	253
9163	274
9164	279
9165	324
9166	307
9167	272
9168	231
9169	301
9170	230
9171	309
9172	272
9173	298
9174	274
9175	245
9176	266
9177	266
9178	257
9179	231
9180	297
9181	279
9182	308
9183	267
9184	263
9185	286
9186	252
9187	285
9188	283
9189	282
9190	252
9191	305
9192	293
9193	230
9194	357
9195	264
9196	266
9197	273
9198	241
9199	254
9200	265
9201	284
9202	270
9203	241
9204	292
9205	265
9206	236
9207	285
9208	241
9209	269
9210	255
9211	293
9212	252
9213	325
9214	281
9215	292
9216	243
9217	231
9218	302
9219	243
9220	325
9221	310
9222	290
9223	276
9224	278
9225	289
9226	258
9227	278
9228	249
9229	234
9230	295
9231	205
9232	283
9233	224
9234	276
9235	303
9236	313
9237	280
9238	211
9239	242
9240	261
9241	274
9242	252
9243	262
9244	282
9245	284
9246	260
9247	263
9248	298
9249	254
9250	252
9251	341
9252	292
9253	279
9254	285
9255	279
9256	312
9257	312
9258	349
9259	297
9260	287
9261	295
9262	305
9263	307
9264	295
9265	316
9266	300
9267	289
9268	330
9269	311
9270	284
9271	301
9272	227
9273	269
9274	333
9275	303
9276	299
9277	293
9278	254
9279	265
9280	272
9281	312
9282	285
9283	253
9284	285
9285	286
9286	336
9287	307
9288	308
9289	321
9290	325
9291	234
9292	338
9293	290
9294	273
9295	273
9296	287
9297	273
9298	280
9299	305
9300	304
9301	347
9302	333
9303	295
9304	308
9305	330
9306	302
9307	313
9308	298
9309	272
9310	281
9311	284
9312	275
9313	281
9314	311
9315	312
9316	248
9317	314
9318	304
9319	337
9320	311
9321	257
9322	292
9323	271
9324	302
9325	297
9326	262
9327	338
9328	263
9329	301
9330	298
9331	305
9332	259
9333	270
9334	261
9335	368
9336	274
9337	254
9338	284
9339	267
9340	244
9341	295
9342	256
9343	374
9344	296
9345	279
9346	257
9347	318
9348	256
9349	254
9350	255
9351	281
9352	282
9353	336
9354	299
9355	251
9356	288
9357	311
9358	309
9359	298
9360	312
9361	303
9362	353
9363	248
9364	256
9365	261
9366	334
9367	212
9368	227
9369	263
9370	301
9371	268
9372	278
9373	277
9374	278
9375	325
9376	303
9377	274
9378	266
9379	287
9380	274
9381	224
9382	292
9383	287
9384	280
9385	274
9386	246
9387	266
9388	231
9389	239
9390	246
9391	268
9392	279
9393	271
9394	296
9395	280
9396	279
9397	265
9398	275
9399	292
9400	280
9401	282
9402	227
9403	372
9404	257
9405	258
9406	223
9407	233
9408	265
9409	266
9410	289
9411	288
9412	296
9413	257
9414	330
9415	253
9416	246
9417	264
9418	230
9419	262
9420	222
9421	231
9422	258
9423	259
9424	259
9425	284
9426	244
9427	292
9428	246
9429	238
9430	199
9431	257
9432	215
9433	283
9434	212
9435	251
9436	249
9437	269
9438	214
9439	248
9440	255
9441	212
9442	228
9443	227
9444	276
9445	273
9446	257
9447	243
9448	285
9449	247
9450	293
9451	239
9452	275
9453	279
9454	274
9455	281
9456	346
9457	265
9458	241
9459	284
9460	319
9461	262
9462	282
9463	235
9464	263
9465	241
9466	301
9467	288
9468	324
9469	321
9470	298
9471	250
9472	255
9473	313
9474	292
9475	256
9476	290
9477	251
9478	290

