## htsjdk.samtools.metrics.StringHeader
# CollectInsertSizeMetrics HISTOGRAM_FILE=/work/ugbogu/pipeline/data/nbl/GSE189367/results/picard/SRR17011010_insert_size_histogram.pdf MINIMUM_PCT=0.5 INPUT=/work/ugbogu/pipeline/data/nbl/GSE189367/results/star/SRR17011010.Aligned.sortedByCoord.out.bam OUTPUT=/work/ugbogu/pipeline/data/nbl/GSE189367/results/picard/SRR17011010_insert_size_metrics.txt    DEVIATIONS=10.0 METRIC_ACCUMULATION_LEVEL=[ALL_READS] INCLUDE_DUPLICATES=false ASSUME_SORTED=true STOP_AFTER=0 VERBOSITY=INFO QUIET=false VALIDATION_STRINGENCY=STRICT COMPRESSION_LEVEL=5 MAX_RECORDS_IN_RAM=500000 CREATE_INDEX=false CREATE_MD5_FILE=false USE_JDK_DEFLATER=false USE_JDK_INFLATER=false
## htsjdk.samtools.metrics.StringHeader
# Started on: Thu Apr 16 15:20:18 UTC 2026

## METRICS CLASS	picard.analysis.InsertSizeMetrics
MEDIAN_INSERT_SIZE	MODE_INSERT_SIZE	MEDIAN_ABSOLUTE_DEVIATION	MIN_INSERT_SIZE	MAX_INSERT_SIZE	MEAN_INSERT_SIZE	STANDARD_DEVIATION	READ_PAIRS	PAIR_ORIENTATION	WIDTH_OF_10_PERCENT	WIDTH_OF_20_PERCENT	WIDTH_OF_30_PERCENT	WIDTH_OF_40_PERCENT	WIDTH_OF_50_PERCENT	WIDTH_OF_60_PERCENT	WIDTH_OF_70_PERCENT	WIDTH_OF_80_PERCENT	WIDTH_OF_90_PERCENT	WIDTH_OF_95_PERCENT	WIDTH_OF_99_PERCENT	SAMPLE	LIBRARY	READ_GROUP
832	133	702	24	3119922	1386.770981	1779.737181	36791458	FR	589	1043	1251	1345	1405	1515	3811	8427	23011	63097	153961			

## HISTOGRAM	java.lang.Integer
insert_size	All_Reads.fr_count
24	3
25	1
27	1
28	7
29	6
30	7
31	3
32	7
33	41
34	56
35	457
36	397
37	517
38	493
39	545
40	528
41	586
42	527
43	625
44	521
45	623
46	680
47	686
48	625
49	833
50	886
51	989
52	903
53	976
54	864
55	945
56	1186
57	1251
58	1652
59	1761
60	1906
61	2088
62	2246
63	2479
64	2509
65	2610
66	3162
67	3876
68	4117
69	4602
70	4863
71	6733
72	5989
73	9197
74	8480
75	25671
76	10896
77	8702
78	12276
79	10671
80	10196
81	12525
82	12495
83	15961
84	15589
85	15454
86	16246
87	17502
88	19644
89	21109
90	23031
91	25232
92	27756
93	29475
94	32415
95	34754
96	37403
97	41455
98	45203
99	48485
100	50628
101	52741
102	55500
103	58717
104	64644
105	68891
106	71310
107	74758
108	76453
109	80991
110	83742
111	85358
112	88582
113	91603
114	94700
115	97422
116	100396
117	104281
118	110219
119	108803
120	112442
121	120286
122	118192
123	125383
124	126194
125	122475
126	120305
127	121223
128	121231
129	120035
130	123057
131	123617
132	124274
133	128591
134	127684
135	123047
136	128224
137	124626
138	123561
139	124202
140	125310
141	124803
142	121846
143	121980
144	119541
145	119072
146	116550
147	117384
148	117110
149	115308
150	111945
151	114618
152	111768
153	110765
154	110759
155	109237
156	106794
157	105512
158	103242
159	101234
160	101845
161	99575
162	97585
163	97042
164	95896
165	92620
166	92090
167	91229
168	90719
169	89652
170	90336
171	86144
172	85410
173	83829
174	81912
175	81807
176	81224
177	77759
178	77611
179	76724
180	75289
181	74978
182	74347
183	72115
184	70510
185	69617
186	68657
187	69401
188	68615
189	65797
190	64620
191	65280
192	64217
193	63812
194	61058
195	60599
196	59714
197	60203
198	57531
199	56196
200	56343
201	56153
202	57388
203	56466
204	53864
205	53272
206	51615
207	51109
208	51916
209	50343
210	49085
211	48949
212	49269
213	48232
214	47410
215	47606
216	45504
217	46744
218	45343
219	44694
220	43796
221	45012
222	43193
223	42777
224	42037
225	41560
226	41987
227	41931
228	40328
229	41122
230	41299
231	40452
232	39602
233	40517
234	38994
235	38346
236	38720
237	37582
238	37216
239	36222
240	36143
241	35245
242	34744
243	34642
244	33436
245	33001
246	33843
247	32404
248	33261
249	31796
250	31870
251	31455
252	31025
253	31418
254	30680
255	30112
256	30081
257	29724
258	30284
259	29440
260	29462
261	28805
262	28685
263	28226
264	28445
265	27499
266	27382
267	27216
268	27137
269	26859
270	26391
271	26285
272	25678
273	25391
274	25900
275	25784
276	25373
277	24741
278	25041
279	23953
280	23816
281	24138
282	23860
283	23335
284	23483
285	22993
286	22688
287	22623
288	21956
289	22324
290	22001
291	22029
292	22177
293	21781
294	21770
295	21545
296	21321
297	21346
298	20598
299	20372
300	19810
301	20394
302	19785
303	19949
304	19745
305	19268
306	18852
307	19069
308	18953
309	19063
310	18698
311	18895
312	18343
313	18160
314	18389
315	18074
316	17505
317	17552
318	17535
319	17323
320	17189
321	17536
322	17195
323	16770
324	16708
325	16909
326	16598
327	16485
328	16195
329	16542
330	15766
331	16270
332	16427
333	16005
334	15772
335	15559
336	16024
337	15798
338	15502
339	15289
340	15760
341	15937
342	15526
343	14769
344	15261
345	14603
346	15323
347	15302
348	14491
349	14619
350	14541
351	14304
352	14669
353	14187
354	14090
355	14532
356	13838
357	14410
358	13984
359	13765
360	14267
361	13917
362	13629
363	13628
364	13362
365	12777
366	13017
367	13592
368	13831
369	13063
370	13089
371	12945
372	12783
373	13172
374	13052
375	12284
376	13237
377	12400
378	12343
379	12254
380	12113
381	11899
382	12078
383	12218
384	12189
385	11968
386	11883
387	12072
388	11935
389	11713
390	11523
391	12004
392	11445
393	11477
394	11950
395	11725
396	11633
397	11290
398	11459
399	11272
400	11734
401	11431
402	11572
403	11242
404	10980
405	10581
406	10795
407	10672
408	10666
409	10644
410	10266
411	10906
412	10258
413	10530
414	10798
415	10475
416	10212
417	10240
418	10355
419	10355
420	10085
421	10269
422	9881
423	10107
424	10385
425	10073
426	10109
427	10209
428	10107
429	10101
430	9886
431	10487
432	9731
433	9801
434	10057
435	9765
436	9701
437	9684
438	9516
439	9537
440	9821
441	9614
442	9674
443	9877
444	9658
445	9352
446	9655
447	9712
448	9696
449	9384
450	9287
451	9291
452	9349
453	9568
454	9871
455	9564
456	9136
457	8978
458	9036
459	9143
460	8980
461	9117
462	9225
463	9025
464	8498
465	9130
466	8989
467	8821
468	8393
469	8684
470	8869
471	8974
472	8596
473	8703
474	8578
475	8361
476	8540
477	8921
478	8737
479	8511
480	8353
481	8331
482	8559
483	8151
484	8236
485	8734
486	8164
487	8514
488	8226
489	8245
490	8293
491	8450
492	8320
493	8257
494	8405
495	8219
496	8175
497	8137
498	8203
499	8534
500	8075
501	8091
502	8451
503	8469
504	8157
505	8192
506	8184
507	8405
508	8286
509	8634
510	8468
511	8425
512	8396
513	8494
514	8169
515	8117
516	8357
517	8288
518	8045
519	8483
520	8342
521	8283
522	8303
523	8022
524	8367
525	8069
526	8147
527	8124
528	7983
529	7853
530	8013
531	8008
532	8063
533	7985
534	8137
535	8327
536	8511
537	8392
538	7937
539	8248
540	8608
541	8546
542	7933
543	8503
544	8070
545	8204
546	8356
547	8257
548	8053
549	8393
550	8157
551	8151
552	8034
553	8019
554	7992
555	8088
556	7966
557	7935
558	7832
559	7893
560	7666
561	7861
562	7781
563	7747
564	7718
565	7812
566	8224
567	7795
568	7544
569	7707
570	7799
571	7695
572	7659
573	7747
574	7833
575	7742
576	7790
577	8064
578	7909
579	7798
580	7880
581	7812
582	7633
583	7584
584	7499
585	7877
586	7860
587	7608
588	7678
589	7669
590	7804
591	7699
592	7855
593	7981
594	7865
595	7616
596	7579
597	7782
598	7747
599	7559
600	7634
601	7692
602	7469
603	7435
604	7510
605	7377
606	7480
607	7471
608	7455
609	7466
610	7285
611	7430
612	7261
613	7199
614	7430
615	7497
616	7483
617	7165
618	7376
619	7364
620	7290
621	7208
622	7355
623	7369
624	7450
625	7500
626	7196
627	7356
628	7037
629	7372
630	7040
631	7187
632	7153
633	7549
634	7408
635	7377
636	7233
637	7202
638	7020
639	7094
640	6998
641	7169
642	7010
643	7089
644	7253
645	7332
646	7303
647	7271
648	6744
649	7653
650	6854
651	6988
652	7175
653	6970
654	7229
655	6952
656	7017
657	6923
658	6915
659	7073
660	7175
661	6986
662	6798
663	7118
664	7062
665	7296
666	7301
667	6712
668	7044
669	7340
670	7387
671	7057
672	7080
673	6853
674	6919
675	6898
676	7113
677	6875
678	7070
679	7103
680	7025
681	6940
682	7165
683	6891
684	7133
685	6845
686	6801
687	6687
688	6800
689	7016
690	7048
691	7295
692	7320
693	7087
694	7238
695	7288
696	6816
697	6930
698	7188
699	6805
700	7126
701	6915
702	6991
703	7105
704	6962
705	6928
706	7001
707	6978
708	7174
709	6894
710	6911
711	6784
712	6950
713	6990
714	7349
715	6973
716	6916
717	7204
718	6747
719	6767
720	6798
721	7015
722	6673
723	6546
724	6906
725	6869
726	6924
727	7059
728	6936
729	6937
730	6817
731	6911
732	6852
733	7017
734	7056
735	7061
736	6779
737	6727
738	6811
739	6705
740	6966
741	6817
742	6691
743	6661
744	6611
745	6728
746	6506
747	6677
748	6535
749	6666
750	6592
751	6790
752	6642
753	6858
754	6383
755	6546
756	6472
757	6727
758	6743
759	6648
760	6531
761	6606
762	6687
763	6544
764	6409
765	6270
766	6529
767	6865
768	6551
769	6440
770	6834
771	6771
772	6547
773	6614
774	6255
775	6322
776	6583
777	6384
778	6408
779	6319
780	6538
781	6227
782	6535
783	6413
784	6308
785	6243
786	6595
787	6528
788	6582
789	6238
790	6336
791	6375
792	6356
793	6651
794	6784
795	6510
796	6536
797	6644
798	6492
799	6335
800	6608
801	6438
802	6572
803	6717
804	6763
805	6473
806	6476
807	6387
808	6399
809	6371
810	6329
811	6270
812	6301
813	6243
814	6284
815	6496
816	6393
817	6087
818	6115
819	6410
820	6138
821	6203
822	6035
823	6097
824	6073
825	5995
826	6204
827	6041
828	6203
829	6295
830	6112
831	5918
832	6001
833	6183
834	6031
835	6142
836	6077
837	6334
838	6095
839	6232
840	5906
841	6216
842	5851
843	6046
844	6020
845	6031
846	6077
847	6022
848	5971
849	6079
850	5816
851	5587
852	5858
853	5972
854	6115
855	5893
856	6239
857	5904
858	6097
859	6101
860	6047
861	5945
862	5896
863	6089
864	5900
865	5650
866	5931
867	5864
868	6055
869	6154
870	5972
871	6045
872	5915
873	5951
874	6081
875	5975
876	5850
877	5818
878	5683
879	5782
880	6054
881	5878
882	5795
883	5511
884	5834
885	5798
886	5898
887	6019
888	5884
889	5942
890	6093
891	6002
892	5832
893	5992
894	5897
895	5992
896	5815
897	5866
898	5805
899	5737
900	5809
901	5774
902	5680
903	5672
904	5753
905	5661
906	5954
907	5629
908	5817
909	5734
910	5869
911	5678
912	5753
913	5641
914	5749
915	5937
916	5603
917	5866
918	5764
919	5997
920	5927
921	5826
922	5840
923	5562
924	6107
925	6005
926	5823
927	5784
928	5903
929	5738
930	5982
931	5806
932	5938
933	5711
934	5705
935	5880
936	5772
937	5983
938	5798
939	5917
940	5917
941	5991
942	5771
943	5916
944	5944
945	5869
946	5707
947	5935
948	5660
949	5626
950	5740
951	5776
952	5661
953	5489
954	5534
955	5942
956	5643
957	5636
958	5353
959	5511
960	5480
961	5618
962	5593
963	5680
964	5526
965	5525
966	5809
967	5531
968	5355
969	5445
970	5588
971	5707
972	5530
973	5412
974	5561
975	5650
976	5767
977	5526
978	5394
979	5650
980	5575
981	5381
982	5350
983	5475
984	5373
985	5650
986	5408
987	5367
988	5351
989	5427
990	5343
991	5450
992	5419
993	5295
994	5296
995	5332
996	5281
997	5255
998	5535
999	5504
1000	5400
1001	5381
1002	5368
1003	5075
1004	5241
1005	5365
1006	5208
1007	5205
1008	5226
1009	5264
1010	5334
1011	5357
1012	5255
1013	5447
1014	5452
1015	5214
1016	5022
1017	5305
1018	5292
1019	5519
1020	5171
1021	5099
1022	5234
1023	5275
1024	5033
1025	5266
1026	5309
1027	5193
1028	5096
1029	5207
1030	5026
1031	5325
1032	5145
1033	4951
1034	5210
1035	5184
1036	5284
1037	5096
1038	4933
1039	4705
1040	5091
1041	5069
1042	5002
1043	5053
1044	5068
1045	5249
1046	5026
1047	5124
1048	5065
1049	5174
1050	4916
1051	5188
1052	5290
1053	5076
1054	4953
1055	5055
1056	4818
1057	5111
1058	4807
1059	5188
1060	5034
1061	4910
1062	4813
1063	5012
1064	4906
1065	4814
1066	4980
1067	5078
1068	4805
1069	4846
1070	4975
1071	5143
1072	4864
1073	4880
1074	5153
1075	4822
1076	5094
1077	4957
1078	5032
1079	5240
1080	5003
1081	5054
1082	4886
1083	4895
1084	5057
1085	4869
1086	5017
1087	5053
1088	4946
1089	4953
1090	4910
1091	4905
1092	4804
1093	4831
1094	5004
1095	5045
1096	4807
1097	4992
1098	4968
1099	5047
1100	5037
1101	4840
1102	4816
1103	4829
1104	4755
1105	4791
1106	4941
1107	4850
1108	4984
1109	4997
1110	5199
1111	5049
1112	4981
1113	4927
1114	4932
1115	4941
1116	4801
1117	5044
1118	4968
1119	4859
1120	4885
1121	5114
1122	5099
1123	4955
1124	5066
1125	4788
1126	4780
1127	5080
1128	4992
1129	4862
1130	4895
1131	4557
1132	4907
1133	4823
1134	5065
1135	4799
1136	4758
1137	4816
1138	4765
1139	4855
1140	4971
1141	5125
1142	5233
1143	4988
1144	4914
1145	5140
1146	5095
1147	4806
1148	4804
1149	4858
1150	4783
1151	5067
1152	4786
1153	4801
1154	4895
1155	5115
1156	5109
1157	5128
1158	5066
1159	5206
1160	5246
1161	4974
1162	5152
1163	5217
1164	5230
1165	5120
1166	5115
1167	5025
1168	4669
1169	5034
1170	4876
1171	4771
1172	4795
1173	4830
1174	5024
1175	4731
1176	4651
1177	4771
1178	4944
1179	4791
1180	4842
1181	4896
1182	4803
1183	4883
1184	5047
1185	5046
1186	5011
1187	5003
1188	4690
1189	4597
1190	4758
1191	5002
1192	4851
1193	4986
1194	4883
1195	5095
1196	4925
1197	4839
1198	4666
1199	4907
1200	4936
1201	4909
1202	4830
1203	4913
1204	5066
1205	4868
1206	4820
1207	4809
1208	5169
1209	4926
1210	4848
1211	4722
1212	4768
1213	4944
1214	4912
1215	4963
1216	4835
1217	4903
1218	4925
1219	4861
1220	5009
1221	4627
1222	4756
1223	4969
1224	5043
1225	5044
1226	4855
1227	5290
1228	4794
1229	4954
1230	4928
1231	5107
1232	4899
1233	4968
1234	4750
1235	4976
1236	4866
1237	5078
1238	4780
1239	4756
1240	4917
1241	4804
1242	4938
1243	5000
1244	4858
1245	4897
1246	4829
1247	5054
1248	4897
1249	4941
1250	4780
1251	5177
1252	5169
1253	5145
1254	4943
1255	5111
1256	4810
1257	5349
1258	5436
1259	4938
1260	5096
1261	5171
1262	5176
1263	5208
1264	5193
1265	5373
1266	5221
1267	5234
1268	4938
1269	5360
1270	5195
1271	4934
1272	5215
1273	5028
1274	4981
1275	4958
1276	4953
1277	4833
1278	5021
1279	4885
1280	4811
1281	4777
1282	4610
1283	5033
1284	4755
1285	4798
1286	4886
1287	4792
1288	4899
1289	4667
1290	4815
1291	4914
1292	5093
1293	4756
1294	4862
1295	4560
1296	4653
1297	4770
1298	4857
1299	5074
1300	4787
1301	5242
1302	5154
1303	5223
1304	4999
1305	5271
1306	5053
1307	5106
1308	5062
1309	5309
1310	5371
1311	5304
1312	5403
1313	5239
1314	6013
1315	6215
1316	5722
1317	5771
1318	5767
1319	5762
1320	5033
1321	5205
1322	5497
1323	5226
1324	6577
1325	8114
1326	7380
1327	5806
1328	6172
1329	5798
1330	4846
1331	5426
1332	5554
1333	5747
1334	5735
1335	6275
1336	5744
1337	5764
1338	5239
1339	4850
1340	5225
1341	5352
1342	6189
1343	5527
1344	4683
1345	4767
1346	4617
1347	4639
1348	4639
1349	4453
1350	4461
1351	4526
1352	4472
1353	4366
1354	4255
1355	4325
1356	4321
1357	4405
1358	4405
1359	4305
1360	4280
1361	4324
1362	4266
1363	4378
1364	4398
1365	4085
1366	4376
1367	4117
1368	4238
1369	4233
1370	4129
1371	4122
1372	4297
1373	4400
1374	4242
1375	4038
1376	4158
1377	4180
1378	4271
1379	4342
1380	4394
1381	4358
1382	4455
1383	4465
1384	4308
1385	4151
1386	4218
1387	4331
1388	4135
1389	3945
1390	4155
1391	4194
1392	4293
1393	4157
1394	4005
1395	4010
1396	4237
1397	4115
1398	4073
1399	4105
1400	4376
1401	4271
1402	4437
1403	4156
1404	4053
1405	3993
1406	4113
1407	4164
1408	4048
1409	4035
1410	4321
1411	4099
1412	4210
1413	4123
1414	3990
1415	4040
1416	3934
1417	3947
1418	4069
1419	3983
1420	4104
1421	4200
1422	3868
1423	4179
1424	4033
1425	4042
1426	3968
1427	4039
1428	4069
1429	4236
1430	4080
1431	4243
1432	4016
1433	4015
1434	4217
1435	4179
1436	4105
1437	4220
1438	4034
1439	4068
1440	4029
1441	4045
1442	4199
1443	4025
1444	4107
1445	4082
1446	4076
1447	4278
1448	4002
1449	4019
1450	3945
1451	4057
1452	4088
1453	4065
1454	4085
1455	4062
1456	4061
1457	4065
1458	4100
1459	4103
1460	4176
1461	4131
1462	4311
1463	4234
1464	4218
1465	4147
1466	4181
1467	4096
1468	4088
1469	4153
1470	4200
1471	4156
1472	4251
1473	4222
1474	4111
1475	4341
1476	4205
1477	4271
1478	4260
1479	3956
1480	4248
1481	4080
1482	4192
1483	4417
1484	4303
1485	4271
1486	4254
1487	4176
1488	4386
1489	4160
1490	4321
1491	4429
1492	4381
1493	4567
1494	4299
1495	4401
1496	4103
1497	4449
1498	4420
1499	4688
1500	5079
1501	4412
1502	4520
1503	4263
1504	4429
1505	4429
1506	4601
1507	4714
1508	4329
1509	4342
1510	4471
1511	4422
1512	4332
1513	4216
1514	4296
1515	4319
1516	4363
1517	4277
1518	4335
1519	4398
1520	4390
1521	4264
1522	4427
1523	4619
1524	4644
1525	4759
1526	4829
1527	4335
1528	4250
1529	4430
1530	4419
1531	4537
1532	4521
1533	4510
1534	4514
1535	4540
1536	4499
1537	4524
1538	4401
1539	4700
1540	4502
1541	4422
1542	4423
1543	4230
1544	4477
1545	4499
1546	4620
1547	4564
1548	4371
1549	4542
1550	4400
1551	4609
1552	4681
1553	4527
1554	4646
1555	4538
1556	4739
1557	4391
1558	4696
1559	4333
1560	4319
1561	4542
1562	4314
1563	4329
1564	4108
1565	4268
1566	4015
1567	4544
1568	4169
1569	4294
1570	4264
1571	4279
1572	4266
1573	4463
1574	4483
1575	4427
1576	4354
1577	4138
1578	4242
1579	4425
1580	4486
1581	4048
1582	4593
1583	4223
1584	4267
1585	4600
1586	4524
1587	4379
1588	4393
1589	4332
1590	4281
1591	4126
1592	4071
1593	4232
1594	4366
1595	4032
1596	4136
1597	4025
1598	4001
1599	4182
1600	4332
1601	4420
1602	4159
1603	4232
1604	4191
1605	4137
1606	4031
1607	4194
1608	4099
1609	4104
1610	4296
1611	4051
1612	4003
1613	4066
1614	4068
1615	4373
1616	3950
1617	4227
1618	4057
1619	4088
1620	4177
1621	4158
1622	4210
1623	4137
1624	4204
1625	4266
1626	4016
1627	4197
1628	4018
1629	4179
1630	4124
1631	3941
1632	3969
1633	3904
1634	3845
1635	3988
1636	4010
1637	4044
1638	4210
1639	4213
1640	4037
1641	4181
1642	4130
1643	4138
1644	4043
1645	3977
1646	4148
1647	3982
1648	4066
1649	3939
1650	3945
1651	4029
1652	4092
1653	4045
1654	3804
1655	3893
1656	3813
1657	4024
1658	3766
1659	3930
1660	4010
1661	3980
1662	3935
1663	4055
1664	3922
1665	4210
1666	3870
1667	4012
1668	4103
1669	4030
1670	4187
1671	3917
1672	4038
1673	4066
1674	3819
1675	3803
1676	3866
1677	3856
1678	3988
1679	4139
1680	3967
1681	4023
1682	3904
1683	4002
1684	3935
1685	4097
1686	4100
1687	3924
1688	4026
1689	3802
1690	4049
1691	3986
1692	3836
1693	4034
1694	4079
1695	3878
1696	3839
1697	3982
1698	4135
1699	3796
1700	3933
1701	3916
1702	3968
1703	3922
1704	4145
1705	3983
1706	3918
1707	4087
1708	3970
1709	4081
1710	4099
1711	3918
1712	4221
1713	4091
1714	4078
1715	3935
1716	4089
1717	3926
1718	4037
1719	3884
1720	3890
1721	4082
1722	4032
1723	4006
1724	3999
1725	4097
1726	4039
1727	4061
1728	4039
1729	4171
1730	4056
1731	4258
1732	4108
1733	4012
1734	4002
1735	4050
1736	4133
1737	4047
1738	4236
1739	3857
1740	4091
1741	3873
1742	4063
1743	4087
1744	3841
1745	4179
1746	4040
1747	4017
1748	3955
1749	4017
1750	3862
1751	3945
1752	3852
1753	3941
1754	4060
1755	4138
1756	3977
1757	3705
1758	3972
1759	3963
1760	4191
1761	3840
1762	3906
1763	3831
1764	3728
1765	3758
1766	3671
1767	3697
1768	3947
1769	3983
1770	3892
1771	3938
1772	3862
1773	3941
1774	3601
1775	3811
1776	3748
1777	3655
1778	3681
1779	3665
1780	3681
1781	3636
1782	3631
1783	3516
1784	3538
1785	3545
1786	3519
1787	3641
1788	3660
1789	3536
1790	3521
1791	3501
1792	3627
1793	3450
1794	3369
1795	3475
1796	3411
1797	3567
1798	3333
1799	3521
1800	3442
1801	3457
1802	3417
1803	3464
1804	3428
1805	3510
1806	3268
1807	3592
1808	3391
1809	3437
1810	3599
1811	3521
1812	3473
1813	3400
1814	3320
1815	3333
1816	3255
1817	3644
1818	3418
1819	3268
1820	3218
1821	3307
1822	3411
1823	3323
1824	3362
1825	3518
1826	3352
1827	3205
1828	3084
1829	3387
1830	3090
1831	3288
1832	3302
1833	3337
1834	3119
1835	3310
1836	3281
1837	3245
1838	3387
1839	3216
1840	3249
1841	3186
1842	3324
1843	3349
1844	3032
1845	3348
1846	3220
1847	3190
1848	3136
1849	3358
1850	3306
1851	3211
1852	3311
1853	3311
1854	3489
1855	3344
1856	3320
1857	3316
1858	3142
1859	3191
1860	3364
1861	3125
1862	3280
1863	3432
1864	3392
1865	3296
1866	3449
1867	3404
1868	3283
1869	3330
1870	3326
1871	3398
1872	3294
1873	3360
1874	3077
1875	3368
1876	3093
1877	3183
1878	3303
1879	3125
1880	3323
1881	3295
1882	3284
1883	3377
1884	3039
1885	3239
1886	3228
1887	3367
1888	3141
1889	3179
1890	3136
1891	3259
1892	3315
1893	3256
1894	3313
1895	3116
1896	3365
1897	3485
1898	3231
1899	3333
1900	3297
1901	3370
1902	3229
1903	3255
1904	3465
1905	3281
1906	3306
1907	3244
1908	3310
1909	3544
1910	3489
1911	3408
1912	3298
1913	3390
1914	3520
1915	3291
1916	3342
1917	3392
1918	3314
1919	3444
1920	3277
1921	3188
1922	3630
1923	3194
1924	3184
1925	3341
1926	3260
1927	3198
1928	3415
1929	3229
1930	3387
1931	3277
1932	3203
1933	3070
1934	3295
1935	3167
1936	3311
1937	3251
1938	3536
1939	3450
1940	3583
1941	3450
1942	3312
1943	3261
1944	3297
1945	3366
1946	3193
1947	3562
1948	3335
1949	3275
1950	3250
1951	3257
1952	3433
1953	3480
1954	3516
1955	3299
1956	3535
1957	3462
1958	3530
1959	3421
1960	3552
1961	3685
1962	3531
1963	3634
1964	3599
1965	3480
1966	3552
1967	3540
1968	3390
1969	3411
1970	3471
1971	3651
1972	3666
1973	3492
1974	3518
1975	3711
1976	3617
1977	3689
1978	3681
1979	3805
1980	3544
1981	3796
1982	3821
1983	3667
1984	3753
1985	3610
1986	3729
1987	3600
1988	3723
1989	3631
1990	3909
1991	4062
1992	4147
1993	3888
1994	4037
1995	3876
1996	3785
1997	3712
1998	3822
1999	3888
2000	3801
2001	3961
2002	3955
2003	3813
2004	3859
2005	3594
2006	3976
2007	3735
2008	4041
2009	3979
2010	3801
2011	3859
2012	3918
2013	4078
2014	3864
2015	3929
2016	3900
2017	3803
2018	3853
2019	3913
2020	4121
2021	3833
2022	4102
2023	3892
2024	3921
2025	3729
2026	3768
2027	3819
2028	3812
2029	3733
2030	3805
2031	3808
2032	3882
2033	3848
2034	3886
2035	3754
2036	3803
2037	3570
2038	3877
2039	3769
2040	4001
2041	3785
2042	3851
2043	4019
2044	3770
2045	3771
2046	3885
2047	3694
2048	3888
2049	3599
2050	3550
2051	3722
2052	3647
2053	3826
2054	3829
2055	3855
2056	3879
2057	4094
2058	3868
2059	3705
2060	3756
2061	3851
2062	3773
2063	3763
2064	3738
2065	3572
2066	3528
2067	3578
2068	3561
2069	3798
2070	3500
2071	3784
2072	3601
2073	3732
2074	3679
2075	3540
2076	3453
2077	3513
2078	3603
2079	3544
2080	3543
2081	3428
2082	3401
2083	3424
2084	3369
2085	3360
2086	3434
2087	3214
2088	3485
2089	3324
2090	3388
2091	3400
2092	3407
2093	3113
2094	3108
2095	3470
2096	3333
2097	3306
2098	3213
2099	3364
2100	3222
2101	3352
2102	3164
2103	3079
2104	3028
2105	3177
2106	3170
2107	3070
2108	3180
2109	3190
2110	3187
2111	3174
2112	3089
2113	2911
2114	2983
2115	3242
2116	3064
2117	3057
2118	3032
2119	3251
2120	3336
2121	3048
2122	3047
2123	3172
2124	3036
2125	3059
2126	3084
2127	3061
2128	3180
2129	3297
2130	3098
2131	2912
2132	3173
2133	2964
2134	3245
2135	3371
2136	2965
2137	2974
2138	3323
2139	2996
2140	2903
2141	3063
2142	3160
2143	3222
2144	2922
2145	2898
2146	2960
2147	3036
2148	3002
2149	2810
2150	2794
2151	3005
2152	2930
2153	3004
2154	2921
2155	2905
2156	2863
2157	2933
2158	2961
2159	3100
2160	3008
2161	3155
2162	2942
2163	2967
2164	2849
2165	2965
2166	3208
2167	2913
2168	3111
2169	2935
2170	3016
2171	3009
2172	3174
2173	3065
2174	3068
2175	3127
2176	2879
2177	2864
2178	3097
2179	3035
2180	3072
2181	2947
2182	3030
2183	2894
2184	2934
2185	3172
2186	3046
2187	3076
2188	2783
2189	3020
2190	3017
2191	3064
2192	2797
2193	2918
2194	2819
2195	3069
2196	3038
2197	3075
2198	3119
2199	2894
2200	3198
2201	3050
2202	3062
2203	3161
2204	3064
2205	3325
2206	3043
2207	2950
2208	3196
2209	3225
2210	2993
2211	3281
2212	3138
2213	3076
2214	3013
2215	2977
2216	3107
2217	3052
2218	2930
2219	3088
2220	3066
2221	3050
2222	3001
2223	2922
2224	2996
2225	2890
2226	2983
2227	2885
2228	3064
2229	2939
2230	2983
2231	2916
2232	3020
2233	3168
2234	3162
2235	3283
2236	3197
2237	3026
2238	3029
2239	3145
2240	3112
2241	3132
2242	3181
2243	3034
2244	3036
2245	3138
2246	2964
2247	2975
2248	3202
2249	3033
2250	2969
2251	2928
2252	3031
2253	3034
2254	3271
2255	3132
2256	2978
2257	3150
2258	3038
2259	3236
2260	3175
2261	3147
2262	3080
2263	3038
2264	3133
2265	2856
2266	2870
2267	3037
2268	3107
2269	3062
2270	3156
2271	3052
2272	3041
2273	2978
2274	2766
2275	3038
2276	2941
2277	2947
2278	3087
2279	2990
2280	2757
2281	3235
2282	3034
2283	2886
2284	2835
2285	2790
2286	3106
2287	2784
2288	2944
2289	2864
2290	2825
2291	2969
2292	2738
2293	2863
2294	2778
2295	3044
2296	2736
2297	2735
2298	2958
2299	3108
2300	2763
2301	2972
2302	3015
2303	2855
2304	2783
2305	2807
2306	3007
2307	2926
2308	2806
2309	2684
2310	2767
2311	2925
2312	3024
2313	2808
2314	2890
2315	2809
2316	3121
2317	2983
2318	3066
2319	2796
2320	2957
2321	2849
2322	2957
2323	3103
2324	2855
2325	3004
2326	2931
2327	2873
2328	2842
2329	2855
2330	2903
2331	2755
2332	2784
2333	2727
2334	2607
2335	2778
2336	2622
2337	2892
2338	2901
2339	3006
2340	2763
2341	2883
2342	2906
2343	2891
2344	2896
2345	2620
2346	2698
2347	2711
2348	2733
2349	2653
2350	2749
2351	2755
2352	2707
2353	2656
2354	2670
2355	2853
2356	2699
2357	2679
2358	2603
2359	2845
2360	2823
2361	2714
2362	2799
2363	2496
2364	2595
2365	2777
2366	2595
2367	2682
2368	2673
2369	2506
2370	2754
2371	2722
2372	2573
2373	2719
2374	2750
2375	2750
2376	2557
2377	2583
2378	2647
2379	2622
2380	2607
2381	2540
2382	2589
2383	2654
2384	2597
2385	2468
2386	2517
2387	2537
2388	2503
2389	2504
2390	2634
2391	2470
2392	2593
2393	2498
2394	2465
2395	2501
2396	2525
2397	2410
2398	2583
2399	2571
2400	2457
2401	2499
2402	2533
2403	2280
2404	2538
2405	2587
2406	2507
2407	2431
2408	2380
2409	2412
2410	2449
2411	2341
2412	2510
2413	2385
2414	2341
2415	2426
2416	2424
2417	2577
2418	2408
2419	2324
2420	2424
2421	2368
2422	2413
2423	2443
2424	2306
2425	2232
2426	2525
2427	2497
2428	2338
2429	2493
2430	2329
2431	2306
2432	2406
2433	2303
2434	2315
2435	2343
2436	2371
2437	2184
2438	2280
2439	2519
2440	2299
2441	2296
2442	2268
2443	2307
2444	2393
2445	2389
2446	2473
2447	2372
2448	2225
2449	2357
2450	2238
2451	2432
2452	2350
2453	2452
2454	2429
2455	2300
2456	2489
2457	2529
2458	2416
2459	2278
2460	2409
2461	2437
2462	2405
2463	2377
2464	2507
2465	2325
2466	2379
2467	2260
2468	2465
2469	2375
2470	2276
2471	2350
2472	2529
2473	2414
2474	2447
2475	2435
2476	2455
2477	2417
2478	2268
2479	2441
2480	2339
2481	2370
2482	2610
2483	2605
2484	2402
2485	2544
2486	2464
2487	2495
2488	2391
2489	2261
2490	2423
2491	2476
2492	2354
2493	2413
2494	2589
2495	2519
2496	2299
2497	2424
2498	2744
2499	2407
2500	2448
2501	2486
2502	2436
2503	2565
2504	2450
2505	2645
2506	2431
2507	2450
2508	2569
2509	2389
2510	2327
2511	2378
2512	2563
2513	2398
2514	2487
2515	2401
2516	2288
2517	2293
2518	2368
2519	2340
2520	2448
2521	2319
2522	2428
2523	2305
2524	2347
2525	2469
2526	2518
2527	2311
2528	2406
2529	2497
2530	2445
2531	2493
2532	2272
2533	2374
2534	2403
2535	2413
2536	2302
2537	2349
2538	2231
2539	2327
2540	2342
2541	2366
2542	2362
2543	2237
2544	2380
2545	2490
2546	2371
2547	2395
2548	2335
2549	2409
2550	2227
2551	2368
2552	2212
2553	2443
2554	2414
2555	2393
2556	2304
2557	2244
2558	2384
2559	2411
2560	2250
2561	2477
2562	2393
2563	2429
2564	2408
2565	2348
2566	2263
2567	2392
2568	2447
2569	2381
2570	2380
2571	2314
2572	2273
2573	2238
2574	2306
2575	2366
2576	2220
2577	2243
2578	2312
2579	2438
2580	2465
2581	2243
2582	2325
2583	2293
2584	2442
2585	2384
2586	2232
2587	2345
2588	2289
2589	2231
2590	2299
2591	2366
2592	2283
2593	2488
2594	2274
2595	2284
2596	2266
2597	2164
2598	2300
2599	2321
2600	2243
2601	2293
2602	2266
2603	2349
2604	2198
2605	2206
2606	2296
2607	2271
2608	2288
2609	2202
2610	2249
2611	2303
2612	2193
2613	2371
2614	2215
2615	2331
2616	2239
2617	2367
2618	2255
2619	2326
2620	2430
2621	2326
2622	2227
2623	2305
2624	2294
2625	2324
2626	2361
2627	2362
2628	2368
2629	2455
2630	2382
2631	2487
2632	2479
2633	2488
2634	2516
2635	2547
2636	2371
2637	2535
2638	2385
2639	2699
2640	2578
2641	2381
2642	2401
2643	2620
2644	2531
2645	2558
2646	2556
2647	2456
2648	2425
2649	2429
2650	2540
2651	2489
2652	2931
2653	2626
2654	2703
2655	2507
2656	2554
2657	2483
2658	2535
2659	2474
2660	2380
2661	2539
2662	2370
2663	2557
2664	2512
2665	2556
2666	2562
2667	2706
2668	2549
2669	2634
2670	2539
2671	2744
2672	2635
2673	2461
2674	2577
2675	2829
2676	2786
2677	2673
2678	2918
2679	4660
2680	3317
2681	2590
2682	2740
2683	2730
2684	2827
2685	2693
2686	2729
2687	2679
2688	2729
2689	2669
2690	2613
2691	2685
2692	2712
2693	2767
2694	2549
2695	2532
2696	2753
2697	2553
2698	2502
2699	2591
2700	2788
2701	2902
2702	2797
2703	2822
2704	2856
2705	2728
2706	2700
2707	2838
2708	3008
2709	3020
2710	2889
2711	3113
2712	2519
2713	2363
2714	2488
2715	2408
2716	2516
2717	2550
2718	2558
2719	2535
2720	2656
2721	2632
2722	2544
2723	2462
2724	2421
2725	2395
2726	2354
2727	2277
2728	2270
2729	2545
2730	2489
2731	2616
2732	2353
2733	2485
2734	2356
2735	2221
2736	2338
2737	2369
2738	2466
2739	2557
2740	2535
2741	2319
2742	2443
2743	2372
2744	2355
2745	2408
2746	2288
2747	2399
2748	2236
2749	2351
2750	2161
2751	2321
2752	2288
2753	2264
2754	2270
2755	2335
2756	2284
2757	2364
2758	2141
2759	2327
2760	2267
2761	2465
2762	2441
2763	2141
2764	2410
2765	2355
2766	2455
2767	2395
2768	2298
2769	2206
2770	2317
2771	2359
2772	2354
2773	2250
2774	2193
2775	2260
2776	2330
2777	2298
2778	2233
2779	2236
2780	2189
2781	2226
2782	2339
2783	2131
2784	2130
2785	2256
2786	2056
2787	2149
2788	2149
2789	2113
2790	2053
2791	2140
2792	2273
2793	1955
2794	2158
2795	2073
2796	2194
2797	2094
2798	2053
2799	2100
2800	2068
2801	2136
2802	2111
2803	2087
2804	2076
2805	2024
2806	2112
2807	2146
2808	2064
2809	2138
2810	1999
2811	2140
2812	2131
2813	2167
2814	2136
2815	2152
2816	2170
2817	1961
2818	2138
2819	2146
2820	2192
2821	2108
2822	2078
2823	2228
2824	2161
2825	2216
2826	2253
2827	2087
2828	2205
2829	2219
2830	2227
2831	2046
2832	2225
2833	2113
2834	2100
2835	1901
2836	2115
2837	2204
2838	2125
2839	2041
2840	2185
2841	2186
2842	2044
2843	2136
2844	2021
2845	2002
2846	2204
2847	2207
2848	2147
2849	2153
2850	2240
2851	2159
2852	2200
2853	2164
2854	2063
2855	2197
2856	2223
2857	2287
2858	2075
2859	2211
2860	2253
2861	2260
2862	2384
2863	2465
2864	2316
2865	2151
2866	1979
2867	2192
2868	2066
2869	2157
2870	2099
2871	1989
2872	2163
2873	2175
2874	2213
2875	2061
2876	1891
2877	2006
2878	2094
2879	2074
2880	1929
2881	2131
2882	2045
2883	2245
2884	2039
2885	2035
2886	2103
2887	2135
2888	2272
2889	2094
2890	2183
2891	2155
2892	2052
2893	2285
2894	2104
2895	2150
2896	2053
2897	2203
2898	2069
2899	2032
2900	2248
2901	2076
2902	2098
2903	2159
2904	2223
2905	2118
2906	2112
2907	2085
2908	2211
2909	2118
2910	2029
2911	2288
2912	2190
2913	2063
2914	2119
2915	2031
2916	2332
2917	2264
2918	2116
2919	2195
2920	2087
2921	2096
2922	2015
2923	2005
2924	2065
2925	2100
2926	2035
2927	2077
2928	2240
2929	2076
2930	2230
2931	2136
2932	2066
2933	2195
2934	2149
2935	2127
2936	2193
2937	2190
2938	2144
2939	2119
2940	1975
2941	2128
2942	2060
2943	2092
2944	2237
2945	2031
2946	2084
2947	2228
2948	2091
2949	2096
2950	2023
2951	2079
2952	2165
2953	2122
2954	2119
2955	2281
2956	2256
2957	2193
2958	2278
2959	2152
2960	2252
2961	2096
2962	2352
2963	2046
2964	2218
2965	2163
2966	2128
2967	2146
2968	2308
2969	2158
2970	2350
2971	2169
2972	2117
2973	2284
2974	2211
2975	2323
2976	2273
2977	2421
2978	2099
2979	2210
2980	2240
2981	2073
2982	2192
2983	2234
2984	2206
2985	2177
2986	2188
2987	2147
2988	2155
2989	2144
2990	2290
2991	2112
2992	2209
2993	2290
2994	2095
2995	2167
2996	2135
2997	2131
2998	2156
2999	2217
3000	2074
3001	2187
3002	2171
3003	2109
3004	2189
3005	2097
3006	2266
3007	2108
3008	2107
3009	2183
3010	1963
3011	2263
3012	2167
3013	2141
3014	2090
3015	2093
3016	2064
3017	2058
3018	1988
3019	2087
3020	2211
3021	2087
3022	2013
3023	2168
3024	2072
3025	2112
3026	2016
3027	2069
3028	2110
3029	2058
3030	2123
3031	2144
3032	2008
3033	1903
3034	2156
3035	2090
3036	2085
3037	2271
3038	2137
3039	2042
3040	2051
3041	2064
3042	2111
3043	1998
3044	2061
3045	2220
3046	2158
3047	2153
3048	2254
3049	2261
3050	2227
3051	2334
3052	2348
3053	2276
3054	2369
3055	2381
3056	2332
3057	2180
3058	2406
3059	2306
3060	2315
3061	2264
3062	2465
3063	2206
3064	2381
3065	2205
3066	2198
3067	2177
3068	2341
3069	2358
3070	2289
3071	2410
3072	2359
3073	2306
3074	2333
3075	2387
3076	2520
3077	2339
3078	2522
3079	2532
3080	2365
3081	2347
3082	2471
3083	2371
3084	2321
3085	2368
3086	2317
3087	2401
3088	2279
3089	2295
3090	2158
3091	2322
3092	2276
3093	2211
3094	2284
3095	2389
3096	2213
3097	2374
3098	2367
3099	2311
3100	2359
3101	2283
3102	2448
3103	2355
3104	2391
3105	2442
3106	2422
3107	2317
3108	2445
3109	2183
3110	2221
3111	2278
3112	2236
3113	2305
3114	2263
3115	2279
3116	2301
3117	2149
3118	2284
3119	2137
3120	2153
3121	2217
3122	2155
3123	2084
3124	2229
3125	2507
3126	2191
3127	2266
3128	2229
3129	2165
3130	2253
3131	2162
3132	2216
3133	2164
3134	2182
3135	2182
3136	2165
3137	2277
3138	2124
3139	2122
3140	2192
3141	2207
3142	2171
3143	2058
3144	1899
3145	1987
3146	2179
3147	2199
3148	1990
3149	2166
3150	2168
3151	2068
3152	2122
3153	2011
3154	2130
3155	2126
3156	2130
3157	2069
3158	2248
3159	2183
3160	2147
3161	2148
3162	2096
3163	2031
3164	2061
3165	2266
3166	2190
3167	1999
3168	2120
3169	1990
3170	1998
3171	1971
3172	2035
3173	2119
3174	2014
3175	2056
3176	2091
3177	2006
3178	2224
3179	2037
3180	2068
3181	2107
3182	2088
3183	2179
3184	2021
3185	2042
3186	2116
3187	1990
3188	2180
3189	2274
3190	2248
3191	2151
3192	2129
3193	2131
3194	2040
3195	2185
3196	2050
3197	2208
3198	2031
3199	1894
3200	2043
3201	2074
3202	2039
3203	2110
3204	2112
3205	2082
3206	2033
3207	2014
3208	1989
3209	2128
3210	2199
3211	2189
3212	2022
3213	2069
3214	1988
3215	1971
3216	2036
3217	2066
3218	2043
3219	2079
3220	2237
3221	2170
3222	2173
3223	2086
3224	2123
3225	2029
3226	2185
3227	1961
3228	2067
3229	1899
3230	2137
3231	2036
3232	2074
3233	2199
3234	2027
3235	1906
3236	2089
3237	2038
3238	2065
3239	1959
3240	2107
3241	2071
3242	1961
3243	2043
3244	2144
3245	2083
3246	2019
3247	2088
3248	2008
3249	1938
3250	2039
3251	2054
3252	1985
3253	1870
3254	1892
3255	2050
3256	2023
3257	1901
3258	2032
3259	1950
3260	1957
3261	2035
3262	2026
3263	2007
3264	2039
3265	1861
3266	2096
3267	2013
3268	2080
3269	1869
3270	2011
3271	2046
3272	1940
3273	2143
3274	2079
3275	2000
3276	1899
3277	2071
3278	1916
3279	1973
3280	2018
3281	2077
3282	1963
3283	1938
3284	2056
3285	2105
3286	2039
3287	2109
3288	2051
3289	2103
3290	2052
3291	2057
3292	2143
3293	1964
3294	2076
3295	2121
3296	2092
3297	2026
3298	2007
3299	2209
3300	2039
3301	2161
3302	2073
3303	2200
3304	2272
3305	2239
3306	1928
3307	2085
3308	1992
3309	2067
3310	2138
3311	2136
3312	2097
3313	2086
3314	2010
3315	2131
3316	2090
3317	2079
3318	2030
3319	1931
3320	2117
3321	2139
3322	2093
3323	1974
3324	1993
3325	2101
3326	1920
3327	2076
3328	2034
3329	1915
3330	2047
3331	2014
3332	2026
3333	1994
3334	2024
3335	2104
3336	1998
3337	2119
3338	1952
3339	2013
3340	2014
3341	2005
3342	2009
3343	2124
3344	2112
3345	1971
3346	2091
3347	1992
3348	2019
3349	2006
3350	2087
3351	2140
3352	1933
3353	1872
3354	1912
3355	1924
3356	1888
3357	1943
3358	2082
3359	2124
3360	1922
3361	1853
3362	1878
3363	1932
3364	1940
3365	1901
3366	1973
3367	1821
3368	1784
3369	1795
3370	1844
3371	1892
3372	1892
3373	1913
3374	1947
3375	1972
3376	1801
3377	1839
3378	1737
3379	1837
3380	1752
3381	1831
3382	1717
3383	1935
3384	1907
3385	1774
3386	1757
3387	1854
3388	1769
3389	1903
3390	1711
3391	1836
3392	1627
3393	1830
3394	1764
3395	1860
3396	1903
3397	1849
3398	1821
3399	1732
3400	1870
3401	1747
3402	1817
3403	1725
3404	1836
3405	1870
3406	1837
3407	1994
3408	1728
3409	1916
3410	1832
3411	1846
3412	1768
3413	1837
3414	1836
3415	1937
3416	1733
3417	1743
3418	1805
3419	1918
3420	1751
3421	1865
3422	1898
3423	1831
3424	1767
3425	1901
3426	1677
3427	1812
3428	1859
3429	1844
3430	1729
3431	1713
3432	1789
3433	1871
3434	1935
3435	1928
3436	1875
3437	1819
3438	1799
3439	1814
3440	1925
3441	1825
3442	1892
3443	1852
3444	1829
3445	1765
3446	1633
3447	1694
3448	1748
3449	1711
3450	1767
3451	1875
3452	1883
3453	1775
3454	1747
3455	1775
3456	1753
3457	1675
3458	1722
3459	1823
3460	1673
3461	1778
3462	1818
3463	1761
3464	1754
3465	1759
3466	1694
3467	1767
3468	1710
3469	1727
3470	1727
3471	1527
3472	1756
3473	1618
3474	1675
3475	1647
3476	1731
3477	1666
3478	1773
3479	1639
3480	1655
3481	1525
3482	1601
3483	1761
3484	1585
3485	1563
3486	1682
3487	1706
3488	1789
3489	1593
3490	1648
3491	1688
3492	1567
3493	1708
3494	1506
3495	1752
3496	1652
3497	1564
3498	1695
3499	1425
3500	1671
3501	1637
3502	1642
3503	1580
3504	1593
3505	1659
3506	1692
3507	1730
3508	1483
3509	1751
3510	1580
3511	1632
3512	1641
3513	1707
3514	1604
3515	1597
3516	1653
3517	1579
3518	1591
3519	1673
3520	1631
3521	1615
3522	1608
3523	1607
3524	1643
3525	1624
3526	1592
3527	1659
3528	1734
3529	1684
3530	1669
3531	1487
3532	1596
3533	1547
3534	1681
3535	1576
3536	1611
3537	1673
3538	1683
3539	1636
3540	1511
3541	1522
3542	1640
3543	1660
3544	1579
3545	1659
3546	1517
3547	1562
3548	1536
3549	1554
3550	1665
3551	1670
3552	1683
3553	1566
3554	1552
3555	1614
3556	1713
3557	1686
3558	1576
3559	1632
3560	1575
3561	1859
3562	1515
3563	1614
3564	1622
3565	1645
3566	1632
3567	1576
3568	1582
3569	1574
3570	1574
3571	1702
3572	1666
3573	1620
3574	1572
3575	1729
3576	1663
3577	1652
3578	1610
3579	1704
3580	1778
3581	1666
3582	1683
3583	1619
3584	1689
3585	1891
3586	1852
3587	1699
3588	1623
3589	1803
3590	1711
3591	1785
3592	1737
3593	1806
3594	1863
3595	1806
3596	1696
3597	1694
3598	1599
3599	1631
3600	1713
3601	1618
3602	1767
3603	1683
3604	1668
3605	1754
3606	1650
3607	1748
3608	1670
3609	1788
3610	1769
3611	1739
3612	1745
3613	1663
3614	1668
3615	1735
3616	1778
3617	1812
3618	1742
3619	1844
3620	1672
3621	1664
3622	1629
3623	1601
3624	1674
3625	1650
3626	1610
3627	1656
3628	1744
3629	1687
3630	1641
3631	1555
3632	1701
3633	1719
3634	1614
3635	1653
3636	1574
3637	1692
3638	1802
3639	1752
3640	1646
3641	1728
3642	1640
3643	1635
3644	1711
3645	1782
3646	1738
3647	1626
3648	1681
3649	1673
3650	1701
3651	1608
3652	1677
3653	1640
3654	1557
3655	1595
3656	1680
3657	1593
3658	1612
3659	1587
3660	1705
3661	1512
3662	1587
3663	1654
3664	1731
3665	1686
3666	1638
3667	1801
3668	1698
3669	1637
3670	1650
3671	1720
3672	1568
3673	1727
3674	1694
3675	1807
3676	1608
3677	1689
3678	1761
3679	1758
3680	1732
3681	1695
3682	1745
3683	1753
3684	1768
3685	1624
3686	1726
3687	1699
3688	1615
3689	1668
3690	1765
3691	1712
3692	1762
3693	1724
3694	1659
3695	1676
3696	1731
3697	1778
3698	1684
3699	1949
3700	1943
3701	1773
3702	1714
3703	1767
3704	1934
3705	1890
3706	1769
3707	1709
3708	1781
3709	1718
3710	1929
3711	1698
3712	1904
3713	1739
3714	1731
3715	1776
3716	1980
3717	1892
3718	1830
3719	1679
3720	1613
3721	1633
3722	1682
3723	1737
3724	1685
3725	1912
3726	1968
3727	1775
3728	1953
3729	1748
3730	1607
3731	1628
3732	1675
3733	1526
3734	1627
3735	1768
3736	1669
3737	1681
3738	1783
3739	1527
3740	1634
3741	1647
3742	1558
3743	1610
3744	1696
3745	1607
3746	1739
3747	1675
3748	1592
3749	1690
3750	1763
3751	1699
3752	1622
3753	1672
3754	1714
3755	1657
3756	1688
3757	1722
3758	1709
3759	1811
3760	1692
3761	1867
3762	1463
3763	1577
3764	1726
3765	1708
3766	1638
3767	1666
3768	1741
3769	1658
3770	1505
3771	1628
3772	1726
3773	1781
3774	1579
3775	1720
3776	1587
3777	1650
3778	1479
3779	1553
3780	1548
3781	1623
3782	1667
3783	1572
3784	1750
3785	1639
3786	1784
3787	1620
3788	1792
3789	1463
3790	1564
3791	1706
3792	1546
3793	1611
3794	1636
3795	1429
3796	1563
3797	1480
3798	1508
3799	1532
3800	1625
3801	1664
3802	1654
3803	1521
3804	1600
3805	1469
3806	1522
3807	1580
3808	1532
3809	1410
3810	1521
3811	1509
3812	1514
3813	1473
3814	1530
3815	1521
3816	1549
3817	1402
3818	1584
3819	1531
3820	1448
3821	1519
3822	1381
3823	1465
3824	1393
3825	1412
3826	1444
3827	1482
3828	1523
3829	1392
3830	1337
3831	1492
3832	1476
3833	1336
3834	1480
3835	1422
3836	1355
3837	1407
3838	1420
3839	1258
3840	1405
3841	1424
3842	1442
3843	1387
3844	1441
3845	1314
3846	1313
3847	1399
3848	1393
3849	1355
3850	1394
3851	1498
3852	1420
3853	1436
3854	1394
3855	1356
3856	1391
3857	1408
3858	1341
3859	1423
3860	1492
3861	1344
3862	1450
3863	1424
3864	1292
3865	1383
3866	1480
3867	1380
3868	1475
3869	1415
3870	1339
3871	1432
3872	1487
3873	1454
3874	1481
3875	1329
3876	1454
3877	1367
3878	1479
3879	1497
3880	1419
3881	1459
3882	1462
3883	1491
3884	1479
3885	1398
3886	1402
3887	1487
3888	1360
3889	1468
3890	1372
3891	1449
3892	1414
3893	1485
3894	1490
3895	1434
3896	1496
3897	1464
3898	1498
3899	1628
3900	1594
3901	1383
3902	1540
3903	1531
3904	1575
3905	1493
3906	1505
3907	1360
3908	1473
3909	1486
3910	1519
3911	1561
3912	1580
3913	1502
3914	1394
3915	1494
3916	1433
3917	1594
3918	1466
3919	1557
3920	1512
3921	1601
3922	1563
3923	1586
3924	1661
3925	1476
3926	1478
3927	1491
3928	1494
3929	1521
3930	1588
3931	1649
3932	1605
3933	1584
3934	1592
3935	1488
3936	1522
3937	1491
3938	1614
3939	1445
3940	1488
3941	1535
3942	1515
3943	1541
3944	1614
3945	1683
3946	1476
3947	1564
3948	1537
3949	1670
3950	1494
3951	1492
3952	1508
3953	1535
3954	1619
3955	1507
3956	1549
3957	1602
3958	1604
3959	1554
3960	1560
3961	1603
3962	1461
3963	1415
3964	1392
3965	1600
3966	1430
3967	1470
3968	1390
3969	1524
3970	1415
3971	1504
3972	1533
3973	1509
3974	1684
3975	1488
3976	1499
3977	1565
3978	1447
3979	1425
3980	1385
3981	1551
3982	1533
3983	1542
3984	1463
3985	1452
3986	1516
3987	1582
3988	1545
3989	1507
3990	1348
3991	1536
3992	1420
3993	1522
3994	1384
3995	1415
3996	1419
3997	1443
3998	1399
3999	1569
4000	1589
4001	1508
4002	1530
4003	1405
4004	1384
4005	1506
4006	1352
4007	1458
4008	1527
4009	1652
4010	1418
4011	1514
4012	1477
4013	1412
4014	1423
4015	1470
4016	1324
4017	1381
4018	1501
4019	1486
4020	1543
4021	1430
4022	1462
4023	1498
4024	1512
4025	1505
4026	1399
4027	1591
4028	1521
4029	1440
4030	1460
4031	1510
4032	1527
4033	1462
4034	1505
4035	1411
4036	1491
4037	1453
4038	1383
4039	1446
4040	1462
4041	1448
4042	1625
4043	1479
4044	1417
4045	1371
4046	1530
4047	1466
4048	1500
4049	1283
4050	1506
4051	1482
4052	1399
4053	1432
4054	1450
4055	1459
4056	1480
4057	1503
4058	1405
4059	1390
4060	1379
4061	1438
4062	1415
4063	1551
4064	1401
4065	1447
4066	1532
4067	1399
4068	1439
4069	1451
4070	1479
4071	1451
4072	1469
4073	1451
4074	1424
4075	1494
4076	1442
4077	1446
4078	1398
4079	1625
4080	1379
4081	1491
4082	1460
4083	1290
4084	1404
4085	1407
4086	1464
4087	1493
4088	1391
4089	1477
4090	1605
4091	1385
4092	1315
4093	1450
4094	1410
4095	1302
4096	1484
4097	1456
4098	1514
4099	1414
4100	1407
4101	1415
4102	1507
4103	1366
4104	1477
4105	1488
4106	1395
4107	1292
4108	1397
4109	1470
4110	1355
4111	1404
4112	1392
4113	1420
4114	1452
4115	1517
4116	1579
4117	1528
4118	1431
4119	1446
4120	1420
4121	1456
4122	1631
4123	1518
4124	1493
4125	1570
4126	1366
4127	1579
4128	1451
4129	1513
4130	1510
4131	1417
4132	1531
4133	1419
4134	1380
4135	1496
4136	1450
4137	1420
4138	1449
4139	1507
4140	1419
4141	1512
4142	1375
4143	1342
4144	1364
4145	1440
4146	1331
4147	1493
4148	1498
4149	1406
4150	1479
4151	1351
4152	1435
4153	1399
4154	1508
4155	1382
4156	1381
4157	1449
4158	1310
4159	1431
4160	1412
4161	1382
4162	1412
4163	1400
4164	1364
4165	1354
4166	1326
4167	1326
4168	1351
4169	1398
4170	1358
4171	1462
4172	1432
4173	1511
4174	1402
4175	1335
4176	1294
4177	1445
4178	1312
4179	1462
4180	1279
4181	1543
4182	1449
4183	1580
4184	1406
4185	1391
4186	1352
4187	1436
4188	1342
4189	1265
4190	1435
4191	1368
4192	1410
4193	1369
4194	1266
4195	1316
4196	1385
4197	1427
4198	1347
4199	1300
4200	1349
4201	1416
4202	1332
4203	1463
4204	1331
4205	1514
4206	1315
4207	1272
4208	1366
4209	1331
4210	1401
4211	1322
4212	1283
4213	1413
4214	1331
4215	1256
4216	1298
4217	1235
4218	1392
4219	1271
4220	1308
4221	1273
4222	1386
4223	1287
4224	1446
4225	1369
4226	1383
4227	1337
4228	1393
4229	1482
4230	1323
4231	1369
4232	1425
4233	1425
4234	1426
4235	1397
4236	1384
4237	1376
4238	1359
4239	1327
4240	1277
4241	1417
4242	1325
4243	1472
4244	1527
4245	1394
4246	1317
4247	1346
4248	1312
4249	1224
4250	1453
4251	1373
4252	1374
4253	1356
4254	1292
4255	1327
4256	1322
4257	1348
4258	1277
4259	1334
4260	1314
4261	1305
4262	1273
4263	1390
4264	1330
4265	1323
4266	1397
4267	1544
4268	1361
4269	1439
4270	1388
4271	1402
4272	1458
4273	1389
4274	1469
4275	1373
4276	1471
4277	1577
4278	1481
4279	1458
4280	1373
4281	1450
4282	1383
4283	1399
4284	1373
4285	1400
4286	1394
4287	1446
4288	1404
4289	1380
4290	1363
4291	1352
4292	1350
4293	1383
4294	1484
4295	1486
4296	1523
4297	1417
4298	1370
4299	1360
4300	1469
4301	1527
4302	1383
4303	1368
4304	1431
4305	1475
4306	1399
4307	1322
4308	1582
4309	1339
4310	1505
4311	1429
4312	1403
4313	1422
4314	1311
4315	1558
4316	1309
4317	1424
4318	1340
4319	1317
4320	1267
4321	1427
4322	1364
4323	1256
4324	1390
4325	1354
4326	1454
4327	1365
4328	1405
4329	1239
4330	1253
4331	1302
4332	1229
4333	1309
4334	1370
4335	1368
4336	1287
4337	1213
4338	1256
4339	1257
4340	1229
4341	1369
4342	1251
4343	1241
4344	1265
4345	1234
4346	1248
4347	1230
4348	1189
4349	1244
4350	1277
4351	1398
4352	1211
4353	1340
4354	1223
4355	1269
4356	1202
4357	1224
4358	1215
4359	1312
4360	1147
4361	1339
4362	1234
4363	1240
4364	1218
4365	1300
4366	1265
4367	1197
4368	1297
4369	1187
4370	1300
4371	1304
4372	1244
4373	1226
4374	1162
4375	1159
4376	1251
4377	1246
4378	1319
4379	1240
4380	1143
4381	1164
4382	1281
4383	1202
4384	1340
4385	1130
4386	1226
4387	1170
4388	1138
4389	1165
4390	1133
4391	1183
4392	1189
4393	1215
4394	1250
4395	1157
4396	1130
4397	1256
4398	1199
4399	1211
4400	1099
4401	1154
4402	1165
4403	1221
4404	1253
4405	1206
4406	1202
4407	1286
4408	1234
4409	1183
4410	1142
4411	1354
4412	1268
4413	1171
4414	1107
4415	1164
4416	1234
4417	1257
4418	1166
4419	1248
4420	1271
4421	1083
4422	1273
4423	1246
4424	1281
4425	1203
4426	1313
4427	1117
4428	1122
4429	1141
4430	1220
4431	1130
4432	1101
4433	1196
4434	1125
4435	1055
4436	1151
4437	1166
4438	1158
4439	1197
4440	1184
4441	1162
4442	1164
4443	1084
4444	1179
4445	1177
4446	1107
4447	1058
4448	1089
4449	1111
4450	1167
4451	1229
4452	1098
4453	1068
4454	1124
4455	1126
4456	1186
4457	1175
4458	1175
4459	1220
4460	1130
4461	1214
4462	1057
4463	1133
4464	1077
4465	1064
4466	1180
4467	1062
4468	1107
4469	1081
4470	1131
4471	1134
4472	1204
4473	1061
4474	1032
4475	1075
4476	1057
4477	1118
4478	1078
4479	1032
4480	1038
4481	1051
4482	1257
4483	1080
4484	1142
4485	1110
4486	1031
4487	1179
4488	1150
4489	1179
4490	1134
4491	1130
4492	1177
4493	1116
4494	1119
4495	1199
4496	1130
4497	1170
4498	1148
4499	1213
4500	1127
4501	1132
4502	1114
4503	1198
4504	1231
4505	1152
4506	1135
4507	1150
4508	1277
4509	1302
4510	1231
4511	1163
4512	1219
4513	1255
4514	1248
4515	1151
4516	1142
4517	1182
4518	1170
4519	1146
4520	1145
4521	1207
4522	1205
4523	1127
4524	1183
4525	1196
4526	1218
4527	1093
4528	1216
4529	1117
4530	1228
4531	1200
4532	1105
4533	1134
4534	1243
4535	1163
4536	1111
4537	1145
4538	1143
4539	1239
4540	1119
4541	1030
4542	1134
4543	1112
4544	1163
4545	1136
4546	1148
4547	1200
4548	1220
4549	1120
4550	1246
4551	1101
4552	1033
4553	1166
4554	1038
4555	1155
4556	1185
4557	1136
4558	1039
4559	1078
4560	1098
4561	1091
4562	1163
4563	1122
4564	1063
4565	1090
4566	1098
4567	1046
4568	1047
4569	1136
4570	1166
4571	1065
4572	1116
4573	1051
4574	1053
4575	1173
4576	1009
4577	1138
4578	1054
4579	1157
4580	1079
4581	1010
4582	1019
4583	1041
4584	1059
4585	1116
4586	1039
4587	1079
4588	1154
4589	1098
4590	1139
4591	1082
4592	961
4593	1077
4594	1107
4595	1107
4596	1080
4597	1075
4598	1140
4599	1113
4600	1121
4601	1232
4602	1003
4603	1056
4604	1129
4605	1143
4606	1046
4607	1208
4608	1103
4609	1166
4610	1123
4611	1214
4612	1198
4613	1129
4614	1012
4615	1117
4616	1179
4617	1136
4618	1147
4619	1226
4620	1247
4621	1267
4622	1245
4623	1260
4624	1058
4625	1268
4626	1240
4627	1163
4628	1314
4629	1256
4630	1230
4631	1271
4632	1232
4633	1408
4634	1148
4635	1182
4636	1296
4637	1123
4638	1241
4639	1210
4640	1163
4641	1265
4642	1226
4643	1214
4644	1220
4645	1186
4646	1280
4647	1129
4648	1241
4649	1334
4650	1263
4651	1332
4652	1204
4653	1207
4654	1295
4655	1230
4656	1205
4657	1118
4658	1131
4659	1125
4660	1239
4661	1214
4662	1287
4663	1176
4664	1228
4665	1276
4666	1199
4667	1128
4668	1397
4669	1234
4670	1255
4671	1223
4672	1211
4673	1231
4674	1348
4675	1206
4676	1281
4677	1201
4678	1120
4679	1309
4680	1257
4681	1272
4682	1138
4683	1176
4684	1155
4685	1235
4686	1155
4687	1133
4688	1209
4689	1269
4690	1235
4691	1070
4692	1276
4693	1257
4694	1220
4695	1217
4696	1164
4697	1130
4698	1103
4699	1135
4700	1140
4701	1230
4702	1227
4703	1183
4704	1106
4705	1209
4706	1242
4707	1239
4708	1128
4709	1013
4710	1196
4711	1114
4712	1075
4713	1112
4714	1244
4715	1080
4716	1106
4717	1120
4718	1211
4719	1110
4720	1141
4721	1062
4722	1143
4723	1197
4724	1021
4725	1240
4726	1109
4727	1147
4728	1083
4729	1146
4730	1157
4731	1109
4732	1190
4733	1153
4734	1116
4735	1025
4736	1142
4737	1011
4738	1096
4739	1121
4740	1154
4741	1162
4742	1144
4743	1186
4744	1092
4745	1199
4746	1129
4747	1115
4748	1245
4749	1213
4750	1299
4751	1219
4752	1219
4753	1192
4754	1154
4755	1234
4756	1285
4757	1357
4758	1202
4759	1216
4760	1264
4761	1200
4762	1111
4763	1316
4764	1107
4765	1258
4766	1210
4767	1323
4768	1205
4769	1415
4770	1364
4771	1319
4772	1344
4773	1198
4774	1233
4775	1217
4776	1403
4777	1297
4778	1316
4779	1298
4780	1275
4781	1234
4782	1289
4783	1325
4784	1356
4785	1291
4786	1251
4787	1317
4788	1136
4789	1108
4790	1179
4791	1130
4792	1272
4793	1264
4794	1351
4795	1236
4796	1295
4797	1150
4798	1222
4799	1182
4800	1289
4801	1271
4802	1260
4803	1219
4804	1253
4805	1205
4806	1220
4807	1268
4808	1175
4809	1216
4810	1368
4811	1365
4812	1200
4813	1243
4814	1375
4815	1392
4816	1324
4817	1382
4818	1334
4819	1356
4820	1440
4821	1306
4822	1277
4823	1241
4824	1300
4825	1466
4826	1234
4827	1183
4828	1243
4829	1244
4830	1356
4831	1253
4832	1266
4833	1225
4834	1250
4835	1167
4836	1174
4837	1108
4838	1379
4839	1310
4840	1313
4841	1138
4842	1193
4843	1205
4844	1115
4845	1188
4846	1182
4847	1190
4848	1118
4849	1168
4850	1120
4851	1138
4852	1113
4853	1140
4854	1189
4855	1122
4856	1059
4857	1200
4858	1154
4859	1129
4860	1131
4861	1128
4862	1252
4863	1167
4864	1046
4865	1082
4866	1090
4867	1091
4868	1036
4869	1050
4870	1097
4871	1041
4872	1003
4873	1120
4874	1100
4875	1057
4876	1140
4877	1103
4878	1064
4879	1103
4880	1102
4881	1135
4882	1108
4883	1109
4884	1019
4885	1116
4886	1012
4887	1021
4888	1155
4889	1165
4890	1148
4891	1020
4892	1110
4893	1153
4894	1076
4895	981
4896	1006
4897	1056
4898	1088
4899	1039
4900	1013
4901	998
4902	1079
4903	1042
4904	999
4905	1120
4906	1094
4907	1097
4908	1147
4909	1147
4910	1020
4911	1169
4912	1091
4913	1023
4914	1121
4915	1030
4916	1132
4917	1043
4918	985
4919	1103
4920	1027
4921	978
4922	1127
4923	1121
4924	1008
4925	1049
4926	943
4927	1027
4928	1050
4929	996
4930	1116
4931	1038
4932	1027
4933	1105
4934	1126
4935	1180
4936	1103
4937	1141
4938	1181
4939	1167
4940	1219
4941	1136
4942	1086
4943	1137
4944	1126
4945	1167
4946	970
4947	1141
4948	1159
4949	1095
4950	1171
4951	1139
4952	1100
4953	1110
4954	1096
4955	1139
4956	1082
4957	1114
4958	1139
4959	1027
4960	961
4961	1103
4962	1143
4963	1177
4964	1036
4965	1175
4966	1056
4967	1189
4968	1123
4969	1066
4970	1101
4971	1087
4972	1142
4973	963
4974	1099
4975	1088
4976	1015
4977	1106
4978	1023
4979	1067
4980	1056
4981	1106
4982	1092
4983	1057
4984	1037
4985	1094
4986	1106
4987	1090
4988	1030
4989	1106
4990	1019
4991	1082
4992	1092
4993	979
4994	970
4995	1053
4996	1099
4997	966
4998	1030
4999	1013
5000	966
5001	1015
5002	1005
5003	987
5004	1061
5005	1103
5006	992
5007	1069
5008	1012
5009	945
5010	1058
5011	1071
5012	1124
5013	1044
5014	1009
5015	1004
5016	961
5017	1091
5018	1036
5019	1044
5020	994
5021	1001
5022	1070
5023	957
5024	1183
5025	965
5026	1121
5027	995
5028	1132
5029	1032
5030	1044
5031	1124
5032	1025
5033	1019
5034	896
5035	877
5036	986
5037	925
5038	976
5039	1068
5040	921
5041	1027
5042	905
5043	939
5044	925
5045	961
5046	950
5047	940
5048	1050
5049	978
5050	930
5051	889
5052	964
5053	986
5054	978
5055	1009
5056	1055
5057	992
5058	1037
5059	981
5060	933
5061	916
5062	915
5063	1012
5064	950
5065	936
5066	969
5067	993
5068	1059
5069	951
5070	992
5071	980
5072	960
5073	993
5074	955
5075	969
5076	900
5077	965
5078	990
5079	985
5080	993
5081	1054
5082	959
5083	893
5084	939
5085	968
5086	1029
5087	884
5088	1028
5089	983
5090	1026
5091	951
5092	963
5093	1073
5094	1040
5095	994
5096	901
5097	975
5098	1011
5099	912
5100	936
5101	956
5102	971
5103	996
5104	956
5105	987
5106	971
5107	912
5108	958
5109	946
5110	980
5111	923
5112	936
5113	873
5114	935
5115	923
5116	920
5117	898
5118	971
5119	955
5120	915
5121	919
5122	953
5123	949
5124	923
5125	938
5126	926
5127	939
5128	874
5129	859
5130	973
5131	971
5132	1062
5133	1027
5134	899
5135	884
5136	864
5137	946
5138	938
5139	895
5140	932
5141	824
5142	1018
5143	956
5144	947
5145	947
5146	891
5147	901
5148	938
5149	834
5150	837
5151	1008
5152	829
5153	886
5154	1008
5155	889
5156	927
5157	967
5158	961
5159	907
5160	908
5161	830
5162	891
5163	816
5164	1000
5165	993
5166	946
5167	1001
5168	854
5169	877
5170	860
5171	923
5172	962
5173	977
5174	945
5175	883
5176	850
5177	848
5178	854
5179	842
5180	956
5181	889
5182	952
5183	906
5184	978
5185	889
5186	982
5187	863
5188	915
5189	936
5190	908
5191	951
5192	892
5193	928
5194	968
5195	920
5196	995
5197	995
5198	968
5199	930
5200	946
5201	920
5202	934
5203	861
5204	839
5205	970
5206	948
5207	861
5208	868
5209	904
5210	908
5211	880
5212	872
5213	819
5214	998
5215	930
5216	950
5217	882
5218	851
5219	985
5220	950
5221	966
5222	896
5223	862
5224	857
5225	959
5226	960
5227	958
5228	947
5229	918
5230	968
5231	1013
5232	918
5233	943
5234	952
5235	946
5236	1054
5237	920
5238	879
5239	857
5240	1001
5241	995
5242	929
5243	955
5244	934
5245	1003
5246	967
5247	936
5248	904
5249	938
5250	948
5251	920
5252	1011
5253	853
5254	952
5255	970
5256	881
5257	979
5258	907
5259	964
5260	920
5261	870
5262	881
5263	900
5264	912
5265	1026
5266	879
5267	912
5268	845
5269	892
5270	844
5271	1005
5272	842
5273	921
5274	850
5275	833
5276	864
5277	886
5278	856
5279	815
5280	847
5281	829
5282	959
5283	839
5284	890
5285	962
5286	887
5287	859
5288	835
5289	817
5290	875
5291	832
5292	875
5293	850
5294	860
5295	931
5296	869
5297	870
5298	876
5299	1012
5300	929
5301	959
5302	936
5303	875
5304	884
5305	1036
5306	840
5307	848
5308	935
5309	1027
5310	879
5311	864
5312	933
5313	938
5314	945
5315	935
5316	974
5317	940
5318	963
5319	903
5320	888
5321	872
5322	1004
5323	838
5324	1008
5325	905
5326	982
5327	953
5328	982
5329	993
5330	888
5331	952
5332	954
5333	880
5334	849
5335	936
5336	1018
5337	892
5338	867
5339	937
5340	885
5341	925
5342	1003
5343	836
5344	850
5345	827
5346	913
5347	888
5348	912
5349	846
5350	853
5351	896
5352	951
5353	926
5354	960
5355	950
5356	1023
5357	1100
5358	904
5359	866
5360	864
5361	930
5362	1008
5363	881
5364	925
5365	985
5366	908
5367	885
5368	1025
5369	892
5370	885
5371	972
5372	960
5373	923
5374	1016
5375	965
5376	939
5377	957
5378	973
5379	1033
5380	951
5381	1018
5382	1016
5383	936
5384	863
5385	906
5386	1015
5387	1095
5388	969
5389	939
5390	1011
5391	1075
5392	1050
5393	1111
5394	1022
5395	934
5396	1030
5397	983
5398	1035
5399	907
5400	1016
5401	989
5402	964
5403	1017
5404	970
5405	898
5406	1070
5407	1050
5408	1014
5409	999
5410	962
5411	1041
5412	979
5413	924
5414	969
5415	1010
5416	938
5417	960
5418	951
5419	1188
5420	1005
5421	1030
5422	1125
5423	969
5424	1013
5425	996
5426	1042
5427	1000
5428	1085
5429	1026
5430	962
5431	928
5432	893
5433	959
5434	1056
5435	1024
5436	929
5437	1009
5438	1031
5439	1008
5440	1026
5441	1039
5442	979
5443	1063
5444	1078
5445	1061
5446	1095
5447	1009
5448	998
5449	894
5450	982
5451	993
5452	1069
5453	1077
5454	1076
5455	1031
5456	973
5457	1164
5458	1098
5459	1000
5460	1016
5461	977
5462	1029
5463	962
5464	1146
5465	1022
5466	1081
5467	1023
5468	879
5469	1111
5470	1111
5471	1084
5472	1052
5473	1047
5474	1034
5475	1154
5476	1162
5477	1574
5478	1127
5479	1174
5480	1126
5481	1095
5482	1093
5483	1004
5484	998
5485	1060
5486	1089
5487	1047
5488	1069
5489	1114
5490	1000
5491	1041
5492	1120
5493	1123
5494	1083
5495	963
5496	1074
5497	968
5498	987
5499	1018
5500	1036
5501	1030
5502	1088
5503	1052
5504	1021
5505	1003
5506	1054
5507	928
5508	934
5509	1019
5510	939
5511	958
5512	1092
5513	967
5514	1016
5515	1048
5516	945
5517	979
5518	1074
5519	964
5520	997
5521	1023
5522	975
5523	933
5524	1036
5525	1045
5526	987
5527	1064
5528	1007
5529	1038
5530	977
5531	1069
5532	1027
5533	953
5534	997
5535	1069
5536	960
5537	1044
5538	1014
5539	972
5540	1041
5541	1029
5542	1028
5543	1017
5544	1082
5545	1032
5546	1059
5547	993
5548	990
5549	937
5550	1041
5551	1090
5552	1035
5553	1093
5554	990
5555	955
5556	1092
5557	1057
5558	1027
5559	1132
5560	1002
5561	916
5562	1027
5563	1027
5564	946
5565	981
5566	916
5567	1074
5568	926
5569	1025
5570	966
5571	954
5572	962
5573	1005
5574	973
5575	1004
5576	922
5577	879
5578	1016
5579	1015
5580	940
5581	1013
5582	903
5583	959
5584	1034
5585	928
5586	999
5587	1007
5588	1029
5589	1037
5590	1034
5591	974
5592	936
5593	1006
5594	1067
5595	990
5596	997
5597	989
5598	1016
5599	1021
5600	1058
5601	1029
5602	1054
5603	1022
5604	1045
5605	1110
5606	1060
5607	1039
5608	1058
5609	970
5610	989
5611	1020
5612	1067
5613	1082
5614	949
5615	1059
5616	1006
5617	940
5618	987
5619	1095
5620	1012
5621	1083
5622	1023
5623	992
5624	1016
5625	1047
5626	957
5627	1001
5628	994
5629	1042
5630	1033
5631	1044
5632	1100
5633	1043
5634	1066
5635	956
5636	920
5637	933
5638	989
5639	1032
5640	923
5641	1005
5642	999
5643	966
5644	1027
5645	992
5646	941
5647	963
5648	985
5649	1017
5650	1015
5651	1088
5652	1017
5653	930
5654	925
5655	934
5656	958
5657	1052
5658	1010
5659	1113
5660	1015
5661	1005
5662	969
5663	928
5664	977
5665	987
5666	940
5667	962
5668	912
5669	939
5670	903
5671	944
5672	913
5673	1044
5674	912
5675	1000
5676	1035
5677	1026
5678	950
5679	975
5680	1075
5681	998
5682	887
5683	840
5684	934
5685	1018
5686	890
5687	985
5688	874
5689	1025
5690	998
5691	975
5692	916
5693	917
5694	802
5695	869
5696	967
5697	897
5698	937
5699	956
5700	984
5701	931
5702	879
5703	867
5704	949
5705	1056
5706	889
5707	959
5708	828
5709	968
5710	875
5711	833
5712	844
5713	870
5714	818
5715	884
5716	974
5717	893
5718	872
5719	842
5720	882
5721	896
5722	836
5723	829
5724	862
5725	910
5726	898
5727	943
5728	906
5729	864
5730	845
5731	855
5732	944
5733	859
5734	817
5735	815
5736	837
5737	881
5738	917
5739	853
5740	943
5741	915
5742	900
5743	813
5744	861
5745	938
5746	889
5747	789
5748	872
5749	886
5750	859
5751	813
5752	836
5753	772
5754	855
5755	881
5756	807
5757	875
5758	764
5759	814
5760	842
5761	839
5762	847
5763	955
5764	905
5765	900
5766	851
5767	857
5768	940
5769	883
5770	855
5771	809
5772	843
5773	860
5774	872
5775	766
5776	888
5777	806
5778	729
5779	780
5780	873
5781	759
5782	879
5783	831
5784	838
5785	857
5786	932
5787	878
5788	792
5789	832
5790	786
5791	866
5792	845
5793	946
5794	924
5795	852
5796	800
5797	850
5798	833
5799	874
5800	879
5801	843
5802	795
5803	835
5804	815
5805	793
5806	824
5807	947
5808	868
5809	808
5810	863
5811	755
5812	867
5813	781
5814	807
5815	738
5816	783
5817	899
5818	783
5819	822
5820	845
5821	826
5822	881
5823	802
5824	810
5825	795
5826	884
5827	923
5828	904
5829	848
5830	940
5831	929
5832	964
5833	1000
5834	938
5835	936
5836	934
5837	952
5838	852
5839	910
5840	854
5841	974
5842	944
5843	813
5844	948
5845	903
5846	927
5847	914
5848	790
5849	844
5850	902
5851	899
5852	851
5853	977
5854	928
5855	904
5856	893
5857	836
5858	818
5859	922
5860	1010
5861	908
5862	888
5863	833
5864	830
5865	844
5866	926
5867	856
5868	906
5869	887
5870	861
5871	983
5872	849
5873	841
5874	905
5875	874
5876	844
5877	852
5878	820
5879	903
5880	897
5881	907
5882	832
5883	845
5884	881
5885	943
5886	882
5887	920
5888	838
5889	913
5890	828
5891	810
5892	878
5893	880
5894	851
5895	760
5896	901
5897	863
5898	814
5899	836
5900	816
5901	919
5902	794
5903	938
5904	893
5905	850
5906	860
5907	800
5908	846
5909	885
5910	816
5911	777
5912	786
5913	807
5914	836
5915	799
5916	852
5917	800
5918	868
5919	804
5920	765
5921	765
5922	836
5923	798
5924	820
5925	874
5926	784
5927	748
5928	858
5929	810
5930	804
5931	796
5932	887
5933	787
5934	713
5935	816
5936	799
5937	736
5938	760
5939	783
5940	799
5941	803
5942	758
5943	741
5944	839
5945	845
5946	722
5947	798
5948	828
5949	847
5950	689
5951	716
5952	770
5953	736
5954	747
5955	670
5956	767
5957	810
5958	875
5959	726
5960	787
5961	796
5962	735
5963	745
5964	835
5965	755
5966	798
5967	795
5968	827
5969	794
5970	803
5971	786
5972	874
5973	786
5974	819
5975	847
5976	720
5977	823
5978	770
5979	870
5980	803
5981	822
5982	778
5983	748
5984	764
5985	757
5986	782
5987	755
5988	851
5989	763
5990	707
5991	849
5992	827
5993	766
5994	805
5995	842
5996	776
5997	791
5998	832
5999	832
6000	800
6001	829
6002	844
6003	800
6004	837
6005	784
6006	880
6007	720
6008	814
6009	818
6010	731
6011	782
6012	848
6013	819
6014	858
6015	771
6016	853
6017	827
6018	790
6019	863
6020	716
6021	815
6022	786
6023	789
6024	869
6025	887
6026	863
6027	877
6028	745
6029	818
6030	890
6031	788
6032	759
6033	816
6034	837
6035	698
6036	771
6037	831
6038	892
6039	881
6040	796
6041	792
6042	686
6043	740
6044	788
6045	771
6046	781
6047	885
6048	766
6049	779
6050	787
6051	737
6052	809
6053	745
6054	781
6055	768
6056	704
6057	786
6058	864
6059	820
6060	708
6061	778
6062	734
6063	708
6064	856
6065	733
6066	822
6067	759
6068	718
6069	707
6070	811
6071	782
6072	667
6073	832
6074	822
6075	734
6076	843
6077	724
6078	767
6079	784
6080	770
6081	774
6082	807
6083	724
6084	802
6085	821
6086	785
6087	842
6088	794
6089	739
6090	794
6091	795
6092	803
6093	847
6094	720
6095	784
6096	771
6097	723
6098	868
6099	771
6100	762
6101	810
6102	852
6103	718
6104	767
6105	776
6106	707
6107	804
6108	733
6109	817
6110	806
6111	818
6112	829
6113	865
6114	731
6115	825
6116	794
6117	703
6118	867
6119	731
6120	745
6121	788
6122	712
6123	866
6124	766
6125	733
6126	750
6127	825
6128	820
6129	725
6130	806
6131	742
6132	834
6133	790
6134	765
6135	884
6136	750
6137	819
6138	754
6139	791
6140	778
6141	722
6142	787
6143	727
6144	800
6145	739
6146	753
6147	708
6148	720
6149	750
6150	686
6151	712
6152	739
6153	736
6154	733
6155	716
6156	723
6157	739
6158	734
6159	766
6160	706
6161	741
6162	729
6163	731
6164	647
6165	771
6166	655
6167	701
6168	693
6169	661
6170	680
6171	736
6172	762
6173	616
6174	761
6175	710
6176	711
6177	705
6178	702
6179	714
6180	654
6181	696
6182	670
6183	753
6184	762
6185	678
6186	621
6187	699
6188	606
6189	710
6190	721
6191	715
6192	704
6193	747
6194	685
6195	633
6196	695
6197	729
6198	727
6199	706
6200	680
6201	663
6202	725
6203	755
6204	648
6205	669
6206	748
6207	646
6208	684
6209	685
6210	710
6211	715
6212	711
6213	699
6214	644
6215	632
6216	744
6217	737
6218	674
6219	698
6220	683
6221	681
6222	644
6223	696
6224	711
6225	812
6226	691
6227	787
6228	641
6229	688
6230	659
6231	730
6232	700
6233	794
6234	644
6235	730
6236	647
6237	712
6238	717
6239	701
6240	706
6241	745
6242	673
6243	844
6244	727
6245	789
6246	746
6247	727
6248	747
6249	725
6250	702
6251	661
6252	719
6253	699
6254	732
6255	667
6256	700
6257	750
6258	770
6259	815
6260	700
6261	682
6262	720
6263	718
6264	749
6265	715
6266	695
6267	741
6268	735
6269	729
6270	752
6271	757
6272	746
6273	691
6274	794
6275	779
6276	688
6277	724
6278	765
6279	628
6280	722
6281	785
6282	748
6283	817
6284	795
6285	694
6286	742
6287	775
6288	689
6289	646
6290	722
6291	666
6292	731
6293	725
6294	660
6295	660
6296	760
6297	715
6298	741
6299	662
6300	778
6301	679
6302	733
6303	787
6304	749
6305	629
6306	691
6307	749
6308	727
6309	671
6310	702
6311	733
6312	666
6313	629
6314	665
6315	657
6316	843
6317	732
6318	740
6319	677
6320	695
6321	763
6322	766
6323	684
6324	797
6325	817
6326	687
6327	688
6328	794
6329	748
6330	689
6331	682
6332	820
6333	714
6334	641
6335	677
6336	748
6337	687
6338	690
6339	764
6340	723
6341	768
6342	795
6343	815
6344	808
6345	749
6346	787
6347	719
6348	799
6349	689
6350	792
6351	810
6352	728
6353	731
6354	790
6355	756
6356	703
6357	807
6358	757
6359	855
6360	708
6361	754
6362	742
6363	716
6364	807
6365	762
6366	787
6367	691
6368	841
6369	747
6370	690
6371	698
6372	763
6373	750
6374	830
6375	776
6376	733
6377	731
6378	797
6379	838
6380	744
6381	743
6382	844
6383	798
6384	821
6385	766
6386	830
6387	844
6388	798
6389	841
6390	819
6391	791
6392	790
6393	879
6394	865
6395	824
6396	852
6397	758
6398	750
6399	787
6400	863
6401	856
6402	748
6403	861
6404	777
6405	755
6406	745
6407	906
6408	674
6409	837
6410	755
6411	818
6412	813
6413	808
6414	865
6415	776
6416	819
6417	841
6418	889
6419	839
6420	810
6421	746
6422	791
6423	813
6424	831
6425	784
6426	776
6427	884
6428	857
6429	819
6430	800
6431	791
6432	799
6433	845
6434	736
6435	789
6436	798
6437	845
6438	799
6439	833
6440	908
6441	845
6442	829
6443	761
6444	875
6445	882
6446	809
6447	872
6448	746
6449	772
6450	768
6451	715
6452	793
6453	889
6454	760
6455	764
6456	779
6457	817
6458	759
6459	783
6460	726
6461	777
6462	738
6463	744
6464	747
6465	827
6466	878
6467	875
6468	856
6469	811
6470	760
6471	872
6472	818
6473	808
6474	914
6475	715
6476	838
6477	863
6478	795
6479	820
6480	857
6481	852
6482	784
6483	748
6484	787
6485	877
6486	737
6487	779
6488	842
6489	835
6490	846
6491	917
6492	799
6493	801
6494	889
6495	831
6496	870
6497	943
6498	893
6499	818
6500	799
6501	758
6502	879
6503	822
6504	788
6505	844
6506	781
6507	800
6508	817
6509	866
6510	946
6511	807
6512	892
6513	736
6514	807
6515	847
6516	747
6517	755
6518	766
6519	788
6520	854
6521	818
6522	878
6523	903
6524	945
6525	801
6526	857
6527	829
6528	790
6529	827
6530	775
6531	814
6532	815
6533	809
6534	796
6535	852
6536	789
6537	757
6538	804
6539	819
6540	782
6541	827
6542	733
6543	771
6544	745
6545	802
6546	715
6547	744
6548	819
6549	746
6550	757
6551	722
6552	791
6553	760
6554	639
6555	775
6556	763
6557	824
6558	809
6559	772
6560	793
6561	776
6562	717
6563	856
6564	720
6565	756
6566	851
6567	848
6568	650
6569	711
6570	744
6571	682
6572	783
6573	688
6574	718
6575	745
6576	682
6577	750
6578	655
6579	708
6580	707
6581	666
6582	700
6583	692
6584	686
6585	686
6586	677
6587	662
6588	680
6589	719
6590	626
6591	653
6592	675
6593	719
6594	683
6595	722
6596	683
6597	711
6598	666
6599	659
6600	673
6601	676
6602	738
6603	695
6604	638
6605	713
6606	766
6607	705
6608	663
6609	669
6610	658
6611	710
6612	704
6613	631
6614	710
6615	711
6616	687
6617	627
6618	725
6619	587
6620	605
6621	815
6622	771
6623	659
6624	660
6625	636
6626	627
6627	648
6628	638
6629	671
6630	632
6631	634
6632	681
6633	600
6634	636
6635	631
6636	586
6637	687
6638	643
6639	558
6640	640
6641	578
6642	586
6643	581
6644	620
6645	631
6646	555
6647	622
6648	662
6649	583
6650	642
6651	593
6652	557
6653	610
6654	695
6655	659
6656	666
6657	599
6658	655
6659	665
6660	635
6661	697
6662	581
6663	635
6664	701
6665	592
6666	594
6667	606
6668	639
6669	654
6670	672
6671	590
6672	561
6673	680
6674	624
6675	582
6676	589
6677	556
6678	679
6679	688
6680	679
6681	533
6682	618
6683	639
6684	575
6685	666
6686	670
6687	542
6688	586
6689	671
6690	631
6691	590
6692	608
6693	587
6694	583
6695	571
6696	623
6697	620
6698	579
6699	721
6700	695
6701	582
6702	660
6703	562
6704	709
6705	688
6706	688
6707	632
6708	632
6709	638
6710	658
6711	650
6712	677
6713	633
6714	628
6715	703
6716	698
6717	650
6718	702
6719	707
6720	673
6721	711
6722	678
6723	768
6724	736
6725	811
6726	750
6727	840
6728	680
6729	624
6730	659
6731	661
6732	712
6733	621
6734	695
6735	754
6736	670
6737	631
6738	746
6739	651
6740	705
6741	665
6742	654
6743	669
6744	644
6745	681
6746	629
6747	613
6748	770
6749	723
6750	613
6751	692
6752	607
6753	592
6754	682
6755	624
6756	640
6757	705
6758	586
6759	644
6760	657
6761	702
6762	651
6763	593
6764	684
6765	689
6766	706
6767	689
6768	686
6769	711
6770	646
6771	650
6772	738
6773	742
6774	602
6775	618
6776	618
6777	548
6778	616
6779	597
6780	594
6781	695
6782	717
6783	657
6784	618
6785	602
6786	636
6787	661
6788	655
6789	595
6790	607
6791	682
6792	636
6793	668
6794	648
6795	592
6796	546
6797	590
6798	653
6799	630
6800	679
6801	673
6802	648
6803	641
6804	668
6805	605
6806	614
6807	728
6808	653
6809	680
6810	659
6811	674
6812	652
6813	715
6814	710
6815	729
6816	648
6817	654
6818	655
6819	649
6820	661
6821	619
6822	673
6823	694
6824	656
6825	685
6826	585
6827	659
6828	675
6829	695
6830	705
6831	674
6832	661
6833	723
6834	689
6835	712
6836	822
6837	717
6838	657
6839	621
6840	670
6841	687
6842	654
6843	760
6844	668
6845	766
6846	665
6847	748
6848	730
6849	802
6850	648
6851	717
6852	692
6853	721
6854	727
6855	706
6856	662
6857	724
6858	682
6859	671
6860	718
6861	770
6862	723
6863	673
6864	693
6865	650
6866	673
6867	717
6868	693
6869	640
6870	616
6871	646
6872	650
6873	622
6874	699
6875	726
6876	791
6877	767
6878	702
6879	678
6880	612
6881	642
6882	659
6883	671
6884	756
6885	654
6886	753
6887	688
6888	700
6889	828
6890	652
6891	697
6892	737
6893	705
6894	694
6895	720
6896	668
6897	702
6898	632
6899	752
6900	677
6901	708
6902	731
6903	671
6904	699
6905	632
6906	662
6907	688
6908	706
6909	660
6910	697
6911	643
6912	637
6913	667
6914	676
6915	768
6916	767
6917	734
6918	684
6919	650
6920	620
6921	755
6922	634
6923	716
6924	641
6925	646
6926	656
6927	651
6928	695
6929	729
6930	609
6931	667
6932	592
6933	655
6934	705
6935	681
6936	671
6937	672
6938	630
6939	651
6940	638
6941	763
6942	712
6943	636
6944	689
6945	651
6946	632
6947	637
6948	696
6949	707
6950	699
6951	638
6952	722
6953	684
6954	723
6955	633
6956	654
6957	700
6958	707
6959	697
6960	711
6961	657
6962	707
6963	603
6964	657
6965	652
6966	744
6967	763
6968	715
6969	580
6970	692
6971	662
6972	653
6973	709
6974	655
6975	652
6976	666
6977	653
6978	663
6979	606
6980	603
6981	645
6982	630
6983	693
6984	707
6985	658
6986	678
6987	592
6988	663
6989	634
6990	675
6991	660
6992	578
6993	711
6994	722
6995	584
6996	626
6997	599
6998	603
6999	622
7000	714
7001	641
7002	614
7003	702
7004	696
7005	658
7006	673
7007	725
7008	628
7009	708
7010	605
7011	638
7012	576
7013	619
7014	713
7015	574
7016	690
7017	679
7018	592
7019	642
7020	628
7021	587
7022	627
7023	590
7024	565
7025	588
7026	595
7027	637
7028	619
7029	657
7030	644
7031	621
7032	630
7033	559
7034	641
7035	652
7036	528
7037	599
7038	634
7039	568
7040	651
7041	698
7042	620
7043	528
7044	675
7045	649
7046	633
7047	595
7048	652
7049	571
7050	581
7051	618
7052	644
7053	616
7054	594
7055	667
7056	591
7057	658
7058	648
7059	587
7060	553
7061	612
7062	597
7063	628
7064	523
7065	653
7066	669
7067	636
7068	614
7069	586
7070	576
7071	658
7072	625
7073	610
7074	600
7075	713
7076	586
7077	648
7078	645
7079	588
7080	572
7081	582
7082	686
7083	597
7084	621
7085	546
7086	682
7087	608
7088	666
7089	573
7090	596
7091	663
7092	639
7093	507
7094	620
7095	643
7096	717
7097	633
7098	644
7099	655
7100	670
7101	670
7102	640
7103	673
7104	666
7105	608
7106	581
7107	588
7108	689
7109	704
7110	637
7111	614
7112	609
7113	562
7114	567
7115	627
7116	584
7117	650
7118	670
7119	666
7120	691
7121	601
7122	636
7123	626
7124	676
7125	617
7126	634
7127	660
7128	639
7129	684
7130	790
7131	616
7132	606
7133	681
7134	635
7135	689
7136	693
7137	628
7138	710
7139	674
7140	704
7141	710
7142	626
7143	644
7144	670
7145	654
7146	599
7147	660
7148	751
7149	776
7150	664
7151	654
7152	674
7153	721
7154	706
7155	664
7156	640
7157	625
7158	710
7159	701
7160	721
7161	750
7162	698
7163	601
7164	669
7165	636
7166	643
7167	735
7168	746
7169	643
7170	686
7171	705
7172	667
7173	780
7174	627
7175	663
7176	735
7177	748
7178	680
7179	710
7180	702
7181	705
7182	693
7183	692
7184	684
7185	710
7186	690
7187	617
7188	687
7189	703
7190	636
7191	678
7192	588
7193	610
7194	707
7195	688
7196	720
7197	660
7198	716
7199	694
7200	783
7201	637
7202	632
7203	645
7204	589
7205	676
7206	677
7207	736
7208	683
7209	602
7210	623
7211	718
7212	613
7213	679
7214	680
7215	687
7216	619
7217	577
7218	750
7219	613
7220	618
7221	670
7222	702
7223	659
7224	644
7225	558
7226	705
7227	690
7228	612
7229	651
7230	677
7231	604
7232	613
7233	631
7234	659
7235	691
7236	688
7237	637
7238	681
7239	745
7240	612
7241	643
7242	653
7243	673
7244	583
7245	612
7246	554
7247	695
7248	587
7249	642
7250	641
7251	697
7252	613
7253	618
7254	593
7255	587
7256	641
7257	637
7258	670
7259	611
7260	645
7261	626
7262	643
7263	573
7264	642
7265	574
7266	578
7267	555
7268	595
7269	611
7270	523
7271	672
7272	623
7273	612
7274	657
7275	595
7276	565
7277	598
7278	542
7279	588
7280	612
7281	601
7282	553
7283	579
7284	574
7285	609
7286	645
7287	650
7288	624
7289	565
7290	586
7291	601
7292	538
7293	574
7294	524
7295	552
7296	532
7297	521
7298	527
7299	548
7300	588
7301	607
7302	498
7303	556
7304	549
7305	502
7306	587
7307	570
7308	590
7309	609
7310	621
7311	568
7312	620
7313	523
7314	565
7315	580
7316	506
7317	564
7318	540
7319	589
7320	586
7321	591
7322	504
7323	563
7324	602
7325	584
7326	634
7327	626
7328	581
7329	589
7330	603
7331	596
7332	602
7333	594
7334	524
7335	638
7336	585
7337	573
7338	613
7339	594
7340	645
7341	615
7342	554
7343	573
7344	614
7345	659
7346	607
7347	542
7348	625
7349	628
7350	583
7351	587
7352	654
7353	583
7354	619
7355	556
7356	623
7357	556
7358	616
7359	482
7360	628
7361	606
7362	607
7363	625
7364	579
7365	590
7366	599
7367	619
7368	544
7369	498
7370	612
7371	600
7372	642
7373	661
7374	550
7375	538
7376	582
7377	646
7378	531
7379	624
7380	525
7381	589
7382	592
7383	513
7384	531
7385	573
7386	601
7387	570
7388	578
7389	597
7390	572
7391	535
7392	494
7393	609
7394	564
7395	590
7396	568
7397	535
7398	655
7399	569
7400	575
7401	706
7402	595
7403	616
7404	618
7405	606
7406	594
7407	621
7408	528
7409	600
7410	628
7411	547
7412	570
7413	538
7414	547
7415	534
7416	509
7417	583
7418	566
7419	548
7420	582
7421	618
7422	552
7423	535
7424	567
7425	570
7426	501
7427	608
7428	549
7429	560
7430	529
7431	490
7432	489
7433	558
7434	530
7435	603
7436	507
7437	541
7438	470
7439	650
7440	542
7441	564
7442	498
7443	498
7444	649
7445	581
7446	497
7447	493
7448	512
7449	563
7450	503
7451	529
7452	650
7453	552
7454	578
7455	525
7456	519
7457	510
7458	526
7459	535
7460	500
7461	509
7462	525
7463	507
7464	457
7465	432
7466	469
7467	494
7468	562
7469	541
7470	526
7471	501
7472	481
7473	561
7474	495
7475	555
7476	521
7477	510
7478	570
7479	467
7480	467
7481	452
7482	493
7483	518
7484	559
7485	519
7486	506
7487	500
7488	564
7489	519
7490	493
7491	517
7492	504
7493	537
7494	453
7495	527
7496	484
7497	456
7498	537
7499	461
7500	487
7501	503
7502	480
7503	466
7504	514
7505	481
7506	507
7507	543
7508	510
7509	501
7510	472
7511	497
7512	517
7513	465
7514	549
7515	511
7516	502
7517	469
7518	487
7519	534
7520	524
7521	572
7522	512
7523	562
7524	457
7525	478
7526	534
7527	525
7528	486
7529	503
7530	555
7531	535
7532	619
7533	433
7534	439
7535	490
7536	523
7537	575
7538	527
7539	566
7540	523
7541	435
7542	593
7543	524
7544	522
7545	463
7546	500
7547	469
7548	474
7549	476
7550	525
7551	474
7552	459
7553	501
7554	493
7555	452
7556	515
7557	504
7558	509
7559	515
7560	508
7561	569
7562	552
7563	457
7564	503
7565	452
7566	533
7567	516
7568	586
7569	564
7570	544
7571	502
7572	573
7573	472
7574	534
7575	508
7576	490
7577	536
7578	527
7579	605
7580	552
7581	463
7582	589
7583	462
7584	503
7585	477
7586	520
7587	442
7588	550
7589	455
7590	446
7591	447
7592	502
7593	451
7594	482
7595	495
7596	494
7597	518
7598	506
7599	442
7600	493
7601	554
7602	438
7603	468
7604	488
7605	538
7606	430
7607	518
7608	487
7609	493
7610	454
7611	475
7612	460
7613	375
7614	473
7615	476
7616	458
7617	455
7618	431
7619	495
7620	408
7621	445
7622	467
7623	500
7624	400
7625	454
7626	418
7627	475
7628	458
7629	431
7630	454
7631	438
7632	449
7633	428
7634	358
7635	453
7636	482
7637	399
7638	430
7639	505
7640	439
7641	522
7642	475
7643	431
7644	489
7645	379
7646	491
7647	477
7648	459
7649	444
7650	456
7651	446
7652	503
7653	455
7654	463
7655	467
7656	551
7657	433
7658	453
7659	550
7660	468
7661	489
7662	538
7663	497
7664	547
7665	479
7666	532
7667	476
7668	476
7669	555
7670	496
7671	495
7672	463
7673	489
7674	504
7675	577
7676	530
7677	519
7678	546
7679	543
7680	518
7681	596
7682	461
7683	460
7684	534
7685	467
7686	486
7687	509
7688	480
7689	426
7690	472
7691	538
7692	560
7693	483
7694	502
7695	516
7696	485
7697	459
7698	518
7699	518
7700	515
7701	487
7702	549
7703	491
7704	506
7705	453
7706	533
7707	498
7708	422
7709	525
7710	464
7711	433
7712	497
7713	548
7714	521
7715	498
7716	509
7717	544
7718	577
7719	539
7720	517
7721	531
7722	487
7723	501
7724	491
7725	519
7726	482
7727	569
7728	499
7729	497
7730	586
7731	501
7732	630
7733	523
7734	536
7735	550
7736	570
7737	545
7738	451
7739	576
7740	514
7741	527
7742	564
7743	537
7744	562
7745	502
7746	535
7747	559
7748	530
7749	483
7750	490
7751	526
7752	499
7753	611
7754	516
7755	507
7756	564
7757	517
7758	445
7759	550
7760	604
7761	519
7762	438
7763	467
7764	526
7765	493
7766	523
7767	516
7768	495
7769	587
7770	535
7771	503
7772	496
7773	493
7774	486
7775	569
7776	589
7777	562
7778	506
7779	575
7780	477
7781	564
7782	580
7783	532
7784	499
7785	493
7786	524
7787	480
7788	520
7789	529
7790	505
7791	566
7792	548
7793	531
7794	542
7795	538
7796	564
7797	472
7798	480
7799	534
7800	525
7801	580
7802	534
7803	527
7804	529
7805	603
7806	560
7807	535
7808	520
7809	604
7810	562
7811	515
7812	587
7813	593
7814	461
7815	519
7816	530
7817	485
7818	537
7819	492
7820	463
7821	493
7822	449
7823	499
7824	497
7825	490
7826	545
7827	543
7828	496
7829	586
7830	485
7831	492
7832	508
7833	487
7834	585
7835	517
7836	494
7837	548
7838	487
7839	448
7840	500
7841	454
7842	503
7843	495
7844	531
7845	498
7846	544
7847	497
7848	537
7849	496
7850	500
7851	534
7852	577

