## htsjdk.samtools.metrics.StringHeader
# CollectInsertSizeMetrics HISTOGRAM_FILE=/work/ugbogu/pipeline/data/nbl/GSE189367/results/picard/SRR17010981_insert_size_histogram.pdf MINIMUM_PCT=0.5 INPUT=/work/ugbogu/pipeline/data/nbl/GSE189367/results/star/SRR17010981.Aligned.sortedByCoord.out.bam OUTPUT=/work/ugbogu/pipeline/data/nbl/GSE189367/results/picard/SRR17010981_insert_size_metrics.txt    DEVIATIONS=10.0 METRIC_ACCUMULATION_LEVEL=[ALL_READS] INCLUDE_DUPLICATES=false ASSUME_SORTED=true STOP_AFTER=0 VERBOSITY=INFO QUIET=false VALIDATION_STRINGENCY=STRICT COMPRESSION_LEVEL=5 MAX_RECORDS_IN_RAM=500000 CREATE_INDEX=false CREATE_MD5_FILE=false USE_JDK_DEFLATER=false USE_JDK_INFLATER=false
## htsjdk.samtools.metrics.StringHeader
# Started on: Fri Apr 10 07:37:38 UTC 2026

## METRICS CLASS	picard.analysis.InsertSizeMetrics
MEDIAN_INSERT_SIZE	MODE_INSERT_SIZE	MEDIAN_ABSOLUTE_DEVIATION	MIN_INSERT_SIZE	MAX_INSERT_SIZE	MEAN_INSERT_SIZE	STANDARD_DEVIATION	READ_PAIRS	PAIR_ORIENTATION	WIDTH_OF_10_PERCENT	WIDTH_OF_20_PERCENT	WIDTH_OF_30_PERCENT	WIDTH_OF_40_PERCENT	WIDTH_OF_50_PERCENT	WIDTH_OF_60_PERCENT	WIDTH_OF_70_PERCENT	WIDTH_OF_80_PERCENT	WIDTH_OF_90_PERCENT	WIDTH_OF_95_PERCENT	WIDTH_OF_99_PERCENT	SAMPLE	LIBRARY	READ_GROUP
1060	124	917	27	2814890	1748.20683	2270.510449	23138929	FR	687	1293	1595	1745	1835	1933	4681	10705	33867	153313	267541			

## HISTOGRAM	java.lang.Integer
insert_size	All_Reads.fr_count
27	2
28	4
29	1
30	6
31	13
32	6
33	11
34	27
35	246
36	175
37	210
38	215
39	285
40	305
41	317
42	285
43	352
44	303
45	375
46	314
47	390
48	357
49	349
50	381
51	502
52	466
53	448
54	545
55	523
56	613
57	635
58	720
59	716
60	767
61	877
62	924
63	916
64	924
65	1060
66	1117
67	1423
68	1638
69	1742
70	2021
71	2055
72	2062
73	2542
74	2669
75	4765
76	3882
77	3432
78	4343
79	4418
80	4521
81	5272
82	5263
83	5912
84	6437
85	6137
86	6762
87	7506
88	8192
89	8634
90	9666
91	10521
92	11673
93	12361
94	14061
95	15545
96	16578
97	18693
98	19346
99	21186
100	22524
101	23265
102	24139
103	26205
104	29262
105	32075
106	32659
107	34535
108	34298
109	36516
110	38055
111	39351
112	40610
113	42897
114	44741
115	45771
116	46942
117	48632
118	50088
119	50179
120	51750
121	54926
122	55353
123	60499
124	61827
125	59336
126	56538
127	57493
128	56403
129	57453
130	58899
131	58172
132	57000
133	57463
134	58609
135	58122
136	60016
137	58769
138	59573
139	59117
140	58122
141	59042
142	58766
143	58820
144	56983
145	57650
146	56639
147	56759
148	58151
149	57562
150	55591
151	58017
152	56372
153	55947
154	55076
155	55698
156	54858
157	55862
158	53539
159	51998
160	52364
161	52946
162	50820
163	51291
164	49998
165	49126
166	49444
167	48527
168	48927
169	48474
170	48460
171	46940
172	47358
173	45867
174	45395
175	45434
176	44735
177	43842
178	44749
179	44825
180	43891
181	42694
182	42022
183	41968
184	40487
185	39853
186	39980
187	39715
188	39581
189	38386
190	37671
191	38284
192	37562
193	36869
194	36241
195	36154
196	36035
197	35787
198	34993
199	34524
200	34002
201	34485
202	34652
203	34053
204	32812
205	33255
206	32622
207	32271
208	32257
209	31786
210	30784
211	30776
212	30771
213	30830
214	30039
215	30180
216	29605
217	29719
218	29655
219	28899
220	29144
221	29484
222	28893
223	28378
224	28478
225	27789
226	28229
227	28302
228	27673
229	27706
230	28358
231	26742
232	26931
233	28232
234	26840
235	27235
236	27193
237	26235
238	25808
239	25931
240	25078
241	24744
242	24524
243	24197
244	23741
245	23578
246	23335
247	22557
248	23604
249	22710
250	22793
251	22393
252	22841
253	22118
254	22262
255	21615
256	22311
257	21459
258	21294
259	21010
260	21413
261	21118
262	20882
263	21199
264	21035
265	20654
266	20117
267	20179
268	20219
269	19533
270	19850
271	19752
272	19530
273	19394
274	19231
275	19108
276	19060
277	18481
278	18296
279	18408
280	18357
281	18519
282	18828
283	18357
284	17752
285	17619
286	17728
287	17260
288	17316
289	17383
290	16721
291	16924
292	16936
293	16439
294	16452
295	16523
296	16405
297	16263
298	16162
299	15939
300	15824
301	16048
302	15615
303	15509
304	15597
305	15153
306	15318
307	15489
308	15268
309	15136
310	14644
311	14900
312	14719
313	14590
314	14221
315	13753
316	13829
317	13799
318	13835
319	13721
320	13400
321	13745
322	13363
323	13451
324	13369
325	13211
326	12991
327	12718
328	12965
329	12954
330	12797
331	12692
332	12602
333	12252
334	12328
335	12319
336	12381
337	12573
338	12584
339	12242
340	11879
341	12283
342	12175
343	11762
344	11815
345	11761
346	11741
347	12026
348	11519
349	11599
350	11548
351	11452
352	11998
353	11686
354	11329
355	11452
356	11290
357	10975
358	10982
359	10729
360	10957
361	10858
362	10748
363	10585
364	10670
365	10530
366	10767
367	10306
368	10462
369	10358
370	10088
371	10132
372	10128
373	9823
374	9677
375	9554
376	9461
377	9797
378	9481
379	9582
380	9478
381	9541
382	9306
383	9272
384	9540
385	9187
386	9318
387	9277
388	9116
389	8669
390	9144
391	8787
392	8842
393	8657
394	8770
395	8887
396	8809
397	8423
398	8433
399	8309
400	8144
401	8490
402	7984
403	8114
404	8208
405	8371
406	7983
407	7799
408	7997
409	8029
410	7918
411	7764
412	8019
413	7729
414	7655
415	7395
416	7498
417	7515
418	7828
419	7474
420	7360
421	7430
422	7122
423	7150
424	7567
425	7097
426	7290
427	6957
428	7585
429	7199
430	6967
431	7258
432	6806
433	6949
434	6539
435	7241
436	6690
437	6684
438	6732
439	7004
440	6853
441	7005
442	6728
443	6647
444	6806
445	6530
446	6522
447	6727
448	6483
449	6564
450	6406
451	6474
452	6611
453	6499
454	6817
455	6470
456	6254
457	6317
458	6068
459	6371
460	6246
461	6241
462	6089
463	6158
464	6235
465	6061
466	6032
467	5730
468	5630
469	5928
470	5934
471	6027
472	5964
473	5652
474	5609
475	5596
476	5473
477	5685
478	5752
479	5558
480	5571
481	5834
482	5706
483	5576
484	5632
485	5583
486	5309
487	5326
488	5474
489	5596
490	5250
491	5415
492	5266
493	5295
494	5338
495	5127
496	5325
497	5078
498	5108
499	5569
500	5229
501	5093
502	5208
503	5076
504	5175
505	5280
506	5139
507	5222
508	5205
509	5321
510	5464
511	5320
512	5295
513	5087
514	5036
515	5044
516	5333
517	5007
518	4969
519	5016
520	5240
521	5091
522	4980
523	4820
524	5145
525	4881
526	4679
527	4895
528	4893
529	4672
530	4557
531	4825
532	4956
533	5043
534	4882
535	4872
536	5281
537	5086
538	4772
539	4909
540	4933
541	4990
542	4687
543	5031
544	5042
545	4946
546	5027
547	4785
548	4736
549	4818
550	4779
551	4701
552	4882
553	4830
554	4395
555	4982
556	4824
557	4935
558	4978
559	4828
560	4644
561	4807
562	4618
563	4663
564	4571
565	4571
566	4663
567	4686
568	4845
569	4562
570	4458
571	4567
572	4577
573	4598
574	4583
575	4819
576	4706
577	4656
578	4494
579	4500
580	4624
581	4295
582	4400
583	4593
584	4392
585	4524
586	4631
587	4768
588	4392
589	4648
590	4307
591	4406
592	4804
593	4494
594	4423
595	4502
596	4629
597	4521
598	4400
599	4711
600	4162
601	4480
602	4375
603	4176
604	4231
605	4345
606	4413
607	4428
608	4428
609	4240
610	4425
611	4045
612	4153
613	4366
614	4516
615	4533
616	4445
617	4094
618	4432
619	4589
620	4382
621	4159
622	4312
623	4144
624	4516
625	4900
626	4771
627	4384
628	4424
629	4244
630	4102
631	4156
632	4102
633	4079
634	4382
635	4390
636	4255
637	4259
638	4264
639	4250
640	4171
641	4059
642	4062
643	4215
644	4200
645	4089
646	4190
647	4097
648	4330
649	4437
650	4042
651	4135
652	4013
653	4066
654	4081
655	4293
656	4264
657	4227
658	4107
659	4237
660	4291
661	4183
662	4493
663	4250
664	4232
665	4129
666	4079
667	4071
668	4297
669	4361
670	4323
671	4057
672	4113
673	4229
674	4078
675	4066
676	3988
677	3956
678	4060
679	4101
680	3956
681	4208
682	4388
683	4465
684	4334
685	4297
686	4117
687	4058
688	3933
689	3920
690	4285
691	4116
692	4229
693	4280
694	4285
695	4285
696	4138
697	4036
698	4169
699	4188
700	4218
701	4267
702	4219
703	4500
704	4154
705	4082
706	4077
707	4101
708	4181
709	4198
710	4290
711	4291
712	4172
713	4303
714	3824
715	4220
716	4097
717	4088
718	4046
719	3994
720	4025
721	4032
722	4029
723	4199
724	4177
725	3978
726	3947
727	4057
728	3953
729	3766
730	4044
731	3900
732	3859
733	4159
734	4132
735	4351
736	4153
737	4172
738	4118
739	3706
740	3922
741	3988
742	4107
743	3849
744	3870
745	3885
746	3950
747	3997
748	4016
749	3826
750	4141
751	3899
752	4000
753	4019
754	3771
755	3910
756	4001
757	3815
758	4084
759	4049
760	3960
761	3898
762	4210
763	3986
764	3930
765	3938
766	4045
767	3989
768	3884
769	3703
770	3872
771	3801
772	4001
773	3877
774	4009
775	4018
776	3920
777	3947
778	3839
779	3912
780	3920
781	4031
782	4113
783	3576
784	3941
785	3871
786	3983
787	4094
788	4087
789	3731
790	3772
791	4115
792	3944
793	4115
794	4128
795	3678
796	3955
797	3807
798	3787
799	3642
800	3789
801	3720
802	3916
803	4088
804	4036
805	3857
806	3999
807	4175
808	4034
809	3704
810	3666
811	3998
812	3853
813	3742
814	3942
815	3947
816	3855
817	3806
818	3845
819	4047
820	3811
821	4120
822	3797
823	3859
824	3964
825	3750
826	4059
827	4095
828	3979
829	3898
830	4563
831	4002
832	4417
833	4134
834	4107
835	4511
836	4608
837	4934
838	4404
839	4764
840	4110
841	4546
842	4295
843	4361
844	4552
845	4475
846	4247
847	4234
848	4571
849	4238
850	4439
851	4281
852	4334
853	4299
854	4014
855	4479
856	4268
857	4151
858	4218
859	4344
860	4675
861	4314
862	4536
863	4745
864	4406
865	4263
866	4718
867	4536
868	4339
869	4963
870	4692
871	4821
872	4718
873	5002
874	5187
875	4924
876	4750
877	4831
878	4483
879	4690
880	5040
881	4452
882	4702
883	4970
884	4740
885	4767
886	4330
887	4597
888	4772
889	4267
890	4262
891	4333
892	4274
893	4356
894	4754
895	4163
896	3945
897	4145
898	3987
899	4268
900	4176
901	3949
902	4403
903	4728
904	4537
905	4439
906	4458
907	4402
908	4112
909	4130
910	4154
911	4209
912	4125
913	3886
914	4285
915	4389
916	3934
917	4603
918	4407
919	4348
920	4842
921	4282
922	4233
923	4367
924	4343
925	4071
926	3825
927	4298
928	3869
929	4013
930	4010
931	3965
932	4021
933	4024
934	4009
935	4132
936	4018
937	4055
938	3895
939	4004
940	4040
941	4180
942	3910
943	3970
944	4016
945	3890
946	3730
947	3896
948	3998
949	3791
950	3919
951	3800
952	3825
953	3871
954	3815
955	3849
956	3795
957	3771
958	3648
959	3550
960	3766
961	3598
962	3776
963	3979
964	3587
965	3697
966	3650
967	3938
968	3611
969	3667
970	3838
971	3855
972	3697
973	3703
974	3822
975	3728
976	3576
977	3414
978	3764
979	3615
980	3721
981	3646
982	3457
983	3661
984	3662
985	3477
986	3230
987	3631
988	3561
989	3358
990	3463
991	3556
992	3505
993	3709
994	3489
995	3365
996	3515
997	3403
998	3683
999	3780
1000	3401
1001	3370
1002	3377
1003	3314
1004	3356
1005	3506
1006	3341
1007	3439
1008	3375
1009	3382
1010	3285
1011	3330
1012	3457
1013	3517
1014	3420
1015	3223
1016	3217
1017	3271
1018	3185
1019	3352
1020	3186
1021	3044
1022	3373
1023	3366
1024	3258
1025	3393
1026	3139
1027	3171
1028	3293
1029	3032
1030	3017
1031	3141
1032	3152
1033	3251
1034	3284
1035	3132
1036	3345
1037	3353
1038	2956
1039	3228
1040	3195
1041	3288
1042	3318
1043	3122
1044	3303
1045	3399
1046	3218
1047	3278
1048	3206
1049	3102
1050	3243
1051	3125
1052	3368
1053	3172
1054	3216
1055	3082
1056	3021
1057	3215
1058	3242
1059	3081
1060	3023
1061	2995
1062	3027
1063	3402
1064	3103
1065	3074
1066	3126
1067	3110
1068	3149
1069	3038
1070	3003
1071	3223
1072	2851
1073	3038
1074	2942
1075	3254
1076	2923
1077	2985
1078	2816
1079	2888
1080	3068
1081	3211
1082	2914
1083	2971
1084	2810
1085	2900
1086	2979
1087	2723
1088	3028
1089	3072
1090	3082
1091	2898
1092	2788
1093	2976
1094	2869
1095	2922
1096	2852
1097	2774
1098	2848
1099	2872
1100	2827
1101	2932
1102	2801
1103	2870
1104	2907
1105	3046
1106	2947
1107	2971
1108	2832
1109	3155
1110	2888
1111	3040
1112	2871
1113	2952
1114	2886
1115	2828
1116	2999
1117	2921
1118	2901
1119	2903
1120	2931
1121	2868
1122	2926
1123	3064
1124	2725
1125	2795
1126	3016
1127	3294
1128	2943
1129	2900
1130	2900
1131	2899
1132	2837
1133	3103
1134	2846
1135	2843
1136	2962
1137	2743
1138	2752
1139	2647
1140	2692
1141	2882
1142	2747
1143	2806
1144	2858
1145	2810
1146	2944
1147	2845
1148	2924
1149	2878
1150	2946
1151	2925
1152	2858
1153	2999
1154	2825
1155	2800
1156	2835
1157	2717
1158	2824
1159	3082
1160	2800
1161	2843
1162	2958
1163	2850
1164	2931
1165	3017
1166	2887
1167	2799
1168	2936
1169	2838
1170	3003
1171	2863
1172	2915
1173	3031
1174	3086
1175	2918
1176	2860
1177	2904
1178	2830
1179	2841
1180	2893
1181	2733
1182	2808
1183	2814
1184	2729
1185	2957
1186	3010
1187	2846
1188	2874
1189	2992
1190	2862
1191	3111
1192	2777
1193	2833
1194	2819
1195	2784
1196	3005
1197	2899
1198	2886
1199	2829
1200	2735
1201	2705
1202	2818
1203	2828
1204	2985
1205	3015
1206	2830
1207	2893
1208	2996
1209	2834
1210	3024
1211	2996
1212	2885
1213	2981
1214	2640
1215	2853
1216	2997
1217	2997
1218	2833
1219	2915
1220	2904
1221	2992
1222	2785
1223	2982
1224	2875
1225	2980
1226	3057
1227	2880
1228	2965
1229	2868
1230	2796
1231	2719
1232	2914
1233	2731
1234	2921
1235	2946
1236	3065
1237	2946
1238	2831
1239	2988
1240	2936
1241	2933
1242	2911
1243	3039
1244	2866
1245	2880
1246	2847
1247	3193
1248	2864
1249	3006
1250	2971
1251	3019
1252	2927
1253	3125
1254	2940
1255	3462
1256	2979
1257	3198
1258	3179
1259	3178
1260	3154
1261	3180
1262	3015
1263	3049
1264	2948
1265	3287
1266	3175
1267	2993
1268	2740
1269	3092
1270	3026
1271	3071
1272	2894
1273	2980
1274	2905
1275	2755
1276	2822
1277	2841
1278	2779
1279	2969
1280	2657
1281	2764
1282	2911
1283	2869
1284	2783
1285	2793
1286	2858
1287	2856
1288	2721
1289	2783
1290	2644
1291	2735
1292	2542
1293	2536
1294	2718
1295	2603
1296	2804
1297	2670
1298	2747
1299	2883
1300	2606
1301	2558
1302	2730
1303	2729
1304	2713
1305	2762
1306	2839
1307	2726
1308	2667
1309	2698
1310	2868
1311	2793
1312	2675
1313	2730
1314	2674
1315	2685
1316	2766
1317	2758
1318	2739
1319	2744
1320	2760
1321	2765
1322	2915
1323	2875
1324	2792
1325	2697
1326	2857
1327	2932
1328	2690
1329	2637
1330	2617
1331	2698
1332	2540
1333	2603
1334	2910
1335	2631
1336	2650
1337	2611
1338	2494
1339	2567
1340	2682
1341	2562
1342	2626
1343	2645
1344	2522
1345	2505
1346	2694
1347	2767
1348	2633
1349	2569
1350	2656
1351	2556
1352	2632
1353	2673
1354	2739
1355	2740
1356	2738
1357	2657
1358	2756
1359	2412
1360	2598
1361	2667
1362	2622
1363	2534
1364	2617
1365	2635
1366	2633
1367	2439
1368	2632
1369	2783
1370	2615
1371	2574
1372	2512
1373	2673
1374	2721
1375	2503
1376	2443
1377	2621
1378	2560
1379	2631
1380	2496
1381	2404
1382	2581
1383	2455
1384	2652
1385	2435
1386	2494
1387	2718
1388	2567
1389	2527
1390	2445
1391	2635
1392	2533
1393	2358
1394	2407
1395	2544
1396	2592
1397	2492
1398	2428
1399	2503
1400	2613
1401	2317
1402	2533
1403	2366
1404	2389
1405	2343
1406	2570
1407	2476
1408	2499
1409	2627
1410	2489
1411	2378
1412	2642
1413	2466
1414	2481
1415	2430
1416	2476
1417	2355
1418	2373
1419	2491
1420	2540
1421	2495
1422	2394
1423	2440
1424	2443
1425	2673
1426	2659
1427	2704
1428	2373
1429	2578
1430	2463
1431	2561
1432	2600
1433	2605
1434	2463
1435	2522
1436	2521
1437	2481
1438	2297
1439	2630
1440	2407
1441	2637
1442	2397
1443	2577
1444	2562
1445	2451
1446	2625
1447	2707
1448	2582
1449	2762
1450	2433
1451	2464
1452	2611
1453	2442
1454	2446
1455	2562
1456	2677
1457	2495
1458	2493
1459	2628
1460	2642
1461	2658
1462	2508
1463	2477
1464	2511
1465	2662
1466	2531
1467	2594
1468	2783
1469	2543
1470	2914
1471	2754
1472	2644
1473	2828
1474	2584
1475	2715
1476	2654
1477	2615
1478	2656
1479	2539
1480	2673
1481	2350
1482	2606
1483	2784
1484	2779
1485	2720
1486	2814
1487	2506
1488	2662
1489	2473
1490	2709
1491	2680
1492	2939
1493	2746
1494	2717
1495	2712
1496	2687
1497	2615
1498	2596
1499	2879
1500	2880
1501	2769
1502	2594
1503	2773
1504	2613
1505	2597
1506	2832
1507	2966
1508	2693
1509	2602
1510	2641
1511	2622
1512	2590
1513	2630
1514	2555
1515	2640
1516	2720
1517	2618
1518	2497
1519	2661
1520	2440
1521	2768
1522	2481
1523	2677
1524	2632
1525	2926
1526	2796
1527	2736
1528	2505
1529	2525
1530	2712
1531	2572
1532	2852
1533	2711
1534	2676
1535	2647
1536	2802
1537	2702
1538	2517
1539	2757
1540	2693
1541	2743
1542	2722
1543	2572
1544	2982
1545	2678
1546	3042
1547	2644
1548	2426
1549	2499
1550	2574
1551	2717
1552	2752
1553	2693
1554	2590
1555	2773
1556	2875
1557	2844
1558	3007
1559	3022
1560	2923
1561	2732
1562	2723
1563	2804
1564	2748
1565	2754
1566	2748
1567	2860
1568	3061
1569	2780
1570	2635
1571	2781
1572	2569
1573	2509
1574	2732
1575	2647
1576	2553
1577	2405
1578	2516
1579	2571
1580	2653
1581	2815
1582	2661
1583	2809
1584	2701
1585	2739
1586	2851
1587	2638
1588	2701
1589	2693
1590	2565
1591	2687
1592	2545
1593	2815
1594	2592
1595	2660
1596	2912
1597	2746
1598	2817
1599	2679
1600	2633
1601	2712
1602	2593
1603	2754
1604	2875
1605	2900
1606	2961
1607	2828
1608	2451
1609	2767
1610	2558
1611	2546
1612	2569
1613	2655
1614	2629
1615	2471
1616	2556
1617	2507
1618	2400
1619	2581
1620	2465
1621	2505
1622	2642
1623	2507
1624	2424
1625	2557
1626	2545
1627	2570
1628	2633
1629	2844
1630	2707
1631	2447
1632	2625
1633	2548
1634	2529
1635	2480
1636	2518
1637	2439
1638	2551
1639	2889
1640	2887
1641	2762
1642	2548
1643	2660
1644	2676
1645	2896
1646	2533
1647	2523
1648	2621
1649	2625
1650	2550
1651	2515
1652	2521
1653	2651
1654	2509
1655	2343
1656	2476
1657	2738
1658	2545
1659	2538
1660	2407
1661	2413
1662	2601
1663	2537
1664	2374
1665	2351
1666	2452
1667	2517
1668	2517
1669	2490
1670	2591
1671	2646
1672	2639
1673	2546
1674	2646
1675	2637
1676	2510
1677	2506
1678	2700
1679	2570
1680	2678
1681	2521
1682	2610
1683	2654
1684	2507
1685	2792
1686	2449
1687	2400
1688	2703
1689	2482
1690	2338
1691	2700
1692	2504
1693	2357
1694	2451
1695	2481
1696	2484
1697	2511
1698	2495
1699	2483
1700	2573
1701	2437
1702	2644
1703	2469
1704	2374
1705	2641
1706	2526
1707	2540
1708	2493
1709	2563
1710	2627
1711	2480
1712	2728
1713	2636
1714	2550
1715	2589
1716	2706
1717	2433
1718	2459
1719	2550
1720	2402
1721	2347
1722	2503
1723	2465
1724	2535
1725	2467
1726	2525
1727	2446
1728	2684
1729	2530
1730	2619
1731	2613
1732	2690
1733	2629
1734	2572
1735	2524
1736	2548
1737	2459
1738	2561
1739	2412
1740	2366
1741	2488
1742	2169
1743	2324
1744	2289
1745	2392
1746	2326
1747	2476
1748	2397
1749	2408
1750	2464
1751	2479
1752	2602
1753	2364
1754	2739
1755	2714
1756	2536
1757	2531
1758	2375
1759	2559
1760	2428
1761	2415
1762	2378
1763	2365
1764	2453
1765	2296
1766	2161
1767	2384
1768	2269
1769	2368
1770	2398
1771	2450
1772	2353
1773	2463
1774	2387
1775	2468
1776	2360
1777	2371
1778	2315
1779	2296
1780	2340
1781	2522
1782	2285
1783	2250
1784	2400
1785	2340
1786	2153
1787	2293
1788	2319
1789	2256
1790	2312
1791	2551
1792	2281
1793	2338
1794	2445
1795	2200
1796	2294
1797	2452
1798	2078
1799	2281
1800	2268
1801	2313
1802	2279
1803	2268
1804	2213
1805	2195
1806	2347
1807	2302
1808	2383
1809	2166
1810	2300
1811	2222
1812	2142
1813	2185
1814	2149
1815	2137
1816	2362
1817	2167
1818	2240
1819	2181
1820	2254
1821	2211
1822	2186
1823	2260
1824	2293
1825	2258
1826	2427
1827	2289
1828	2193
1829	2105
1830	2019
1831	2452
1832	2275
1833	2119
1834	2155
1835	2176
1836	2193
1837	2062
1838	2115
1839	2145
1840	2404
1841	2197
1842	2437
1843	2068
1844	2193
1845	2298
1846	2171
1847	2132
1848	2247
1849	1987
1850	2075
1851	2214
1852	2174
1853	2177
1854	2266
1855	2210
1856	2157
1857	2268
1858	2245
1859	2206
1860	2280
1861	2463
1862	2370
1863	2388
1864	2193
1865	2290
1866	2172
1867	2436
1868	2111
1869	2277
1870	2220
1871	2101
1872	2212
1873	2204
1874	2218
1875	2261
1876	2167
1877	2282
1878	2204
1879	2208
1880	2094
1881	2041
1882	2047
1883	2105
1884	1990
1885	2115
1886	1962
1887	2164
1888	2068
1889	1979
1890	1974
1891	1898
1892	2152
1893	2141
1894	2175
1895	1974
1896	2206
1897	2112
1898	1999
1899	2233
1900	2084
1901	2186
1902	2183
1903	2091
1904	2174
1905	2058
1906	2033
1907	2171
1908	2001
1909	2129
1910	2125
1911	2206
1912	2063
1913	2136
1914	2163
1915	2152
1916	2084
1917	2077
1918	2049
1919	1896
1920	2100
1921	2192
1922	2189
1923	2130
1924	1934
1925	2134
1926	2141
1927	2079
1928	2050
1929	2119
1930	2088
1931	2001
1932	2124
1933	2002
1934	2112
1935	2105
1936	2085
1937	2021
1938	1990
1939	2054
1940	2181
1941	1878
1942	2080
1943	2170
1944	2197
1945	2014
1946	2051
1947	1907
1948	2036
1949	2023
1950	1901
1951	2174
1952	1913
1953	2130
1954	1980
1955	1987
1956	2059
1957	2101
1958	1948
1959	2038
1960	2085
1961	2172
1962	2114
1963	2116
1964	2100
1965	2092
1966	2079
1967	2029
1968	1993
1969	1934
1970	2076
1971	2027
1972	1983
1973	1962
1974	2111
1975	2180
1976	2153
1977	2165
1978	2308
1979	2232
1980	2195
1981	2166
1982	2353
1983	2326
1984	2175
1985	2144
1986	2095
1987	2140
1988	2034
1989	2253
1990	2347
1991	2082
1992	2301
1993	2184
1994	2314
1995	2187
1996	2286
1997	2188
1998	2283
1999	2081
2000	2411
2001	2206
2002	2327
2003	2360
2004	2226
2005	2328
2006	2268
2007	2401
2008	2521
2009	2334
2010	2290
2011	2259
2012	2313
2013	2357
2014	2355
2015	2476
2016	2297
2017	2268
2018	2511
2019	2301
2020	2486
2021	2634
2022	2321
2023	2494
2024	2476
2025	2366
2026	2280
2027	2500
2028	2390
2029	2436
2030	2407
2031	2258
2032	2284
2033	2258
2034	2329
2035	2270
2036	2263
2037	2256
2038	2290
2039	2509
2040	2701
2041	2368
2042	2230
2043	2348
2044	2495
2045	2254
2046	2459
2047	2419
2048	2271
2049	2191
2050	2363
2051	2457
2052	2231
2053	2318
2054	2290
2055	2356
2056	2390
2057	2467
2058	2698
2059	2437
2060	2265
2061	2479
2062	2324
2063	2410
2064	2358
2065	2217
2066	2362
2067	2308
2068	2303
2069	2316
2070	2192
2071	2107
2072	2311
2073	2158
2074	2168
2075	2057
2076	2161
2077	2231
2078	2205
2079	2254
2080	2170
2081	2113
2082	2208
2083	2026
2084	2207
2085	2179
2086	2356
2087	2154
2088	2274
2089	2252
2090	2173
2091	2114
2092	2201
2093	2007
2094	1955
2095	1921
2096	2027
2097	2202
2098	1949
2099	1909
2100	1985
2101	2005
2102	2173
2103	1995
2104	2138
2105	2108
2106	2037
2107	2003
2108	1791
2109	2107
2110	2024
2111	2165
2112	1951
2113	2124
2114	1859
2115	2028
2116	2133
2117	2015
2118	1964
2119	1986
2120	1968
2121	2127
2122	1955
2123	1962
2124	2102
2125	2089
2126	1766
2127	1887
2128	1826
2129	1993
2130	1858
2131	1878
2132	1967
2133	1744
2134	1923
2135	1923
2136	1845
2137	1915
2138	1847
2139	1896
2140	1834
2141	1943
2142	1886
2143	1886
2144	1865
2145	1839
2146	1904
2147	1841
2148	1842
2149	1798
2150	1947
2151	1877
2152	1776
2153	1828
2154	1773
2155	1768
2156	1889
2157	1781
2158	1953
2159	1730
2160	1687
2161	2012
2162	1979
2163	1982
2164	1973
2165	2018
2166	2109
2167	1939
2168	2002
2169	2207
2170	2117
2171	2283
2172	2107
2173	1838
2174	2224
2175	2035
2176	1827
2177	1950
2178	1969
2179	1891
2180	1903
2181	2123
2182	2011
2183	1836
2184	1960
2185	2132
2186	2027
2187	1877
2188	1933
2189	1954
2190	1813
2191	1779
2192	1902
2193	1927
2194	1776
2195	1882
2196	1883
2197	2053
2198	1895
2199	1972
2200	2006
2201	1996
2202	1896
2203	2114
2204	2083
2205	2026
2206	1910
2207	1987
2208	2017
2209	2190
2210	1896
2211	1985
2212	2078
2213	1775
2214	1917
2215	1916
2216	2004
2217	1911
2218	1640
2219	2008
2220	1713
2221	1906
2222	1898
2223	1923
2224	1961
2225	1822
2226	2127
2227	2289
2228	2318
2229	1759
2230	1996
2231	1697
2232	1677
2233	1896
2234	1868
2235	1904
2236	1956
2237	1888
2238	2067
2239	2010
2240	2033
2241	1905
2242	1857
2243	1970
2244	2086
2245	1929
2246	1819
2247	1971
2248	2082
2249	1926
2250	1840
2251	2018
2252	1903
2253	1830
2254	1875
2255	1853
2256	1865
2257	1906
2258	1955
2259	2039
2260	1979
2261	2038
2262	1885
2263	1831
2264	1943
2265	1849
2266	1727
2267	1767
2268	1803
2269	1768
2270	1922
2271	1875
2272	1896
2273	1831
2274	1820
2275	1829
2276	1877
2277	1957
2278	1992
2279	1884
2280	1875
2281	1964
2282	1979
2283	1950
2284	1789
2285	1838
2286	1806
2287	2021
2288	1853
2289	1902
2290	1886
2291	1838
2292	1683
2293	1800
2294	1854
2295	1903
2296	1917
2297	1887
2298	1825
2299	1940
2300	1812
2301	1975
2302	1926
2303	1694
2304	1962
2305	1750
2306	1778
2307	1762
2308	1897
2309	1873
2310	1913
2311	1878
2312	1879
2313	1641
2314	1793
2315	1927
2316	1789
2317	1799
2318	1679
2319	1728
2320	1830
2321	1803
2322	1757
2323	1772
2324	1756
2325	1741
2326	1871
2327	1816
2328	1867
2329	1893
2330	1671
2331	1711
2332	1776
2333	1647
2334	1764
2335	1901
2336	1744
2337	1775
2338	1862
2339	1629
2340	1771
2341	1767
2342	1706
2343	1624
2344	1810
2345	1559
2346	1720
2347	1761
2348	1859
2349	1756
2350	1725
2351	1651
2352	1730
2353	1449
2354	1589
2355	1795
2356	1769
2357	1685
2358	1652
2359	1713
2360	1674
2361	1701
2362	1870
2363	1750
2364	1682
2365	1651
2366	1636
2367	1615
2368	1807
2369	1700
2370	1628
2371	1816
2372	1827
2373	1691
2374	1798
2375	1672
2376	1624
2377	1669
2378	1544
2379	1676
2380	1662
2381	1788
2382	1641
2383	1691
2384	1663
2385	1730
2386	1651
2387	1664
2388	1589
2389	1476
2390	1604
2391	1656
2392	1785
2393	1635
2394	1633
2395	1702
2396	1482
2397	1520
2398	1629
2399	1830
2400	1805
2401	1827
2402	1679
2403	1656
2404	1713
2405	1932
2406	1795
2407	1725
2408	1705
2409	1542
2410	1588
2411	1658
2412	1591
2413	1601
2414	1376
2415	1564
2416	1714
2417	1644
2418	1464
2419	1398
2420	1511
2421	1568
2422	1480
2423	1667
2424	1759
2425	1557
2426	1594
2427	1556
2428	1575
2429	1638
2430	1499
2431	1407
2432	1532
2433	1524
2434	1569
2435	1453
2436	1523
2437	1367
2438	1450
2439	1464
2440	1440
2441	1436
2442	1363
2443	1487
2444	1504
2445	1635
2446	1483
2447	1444
2448	1387
2449	1329
2450	1530
2451	1583
2452	1395
2453	1486
2454	1598
2455	1395
2456	1479
2457	1588
2458	1396
2459	1540
2460	1392
2461	1477
2462	1388
2463	1454
2464	1546
2465	1373
2466	1377
2467	1389
2468	1418
2469	1412
2470	1453
2471	1484
2472	1395
2473	1654
2474	1458
2475	1409
2476	1453
2477	1411
2478	1437
2479	1481
2480	1480
2481	1527
2482	1566
2483	1582
2484	1501
2485	1307
2486	1484
2487	1574
2488	1348
2489	1503
2490	1564
2491	1426
2492	1453
2493	1378
2494	1501
2495	1440
2496	1519
2497	1482
2498	1509
2499	1368
2500	1535
2501	1416
2502	1569
2503	1392
2504	1388
2505	1599
2506	1431
2507	1474
2508	1393
2509	1558
2510	1547
2511	1408
2512	1554
2513	1538
2514	1582
2515	1486
2516	1496
2517	1495
2518	1476
2519	1522
2520	1454
2521	1610
2522	1569
2523	1553
2524	1630
2525	1485
2526	1574
2527	1524
2528	1505
2529	1564
2530	1548
2531	1654
2532	1739
2533	1608
2534	1550
2535	1591
2536	1549
2537	1549
2538	1502
2539	1571
2540	1576
2541	1653
2542	1657
2543	1513
2544	1539
2545	1594
2546	1758
2547	1660
2548	1576
2549	1572
2550	1519
2551	1617
2552	1584
2553	1568
2554	1454
2555	1519
2556	1526
2557	1613
2558	1542
2559	1579
2560	1597
2561	1626
2562	1606
2563	1758
2564	1696
2565	1586
2566	1558
2567	1442
2568	1781
2569	1687
2570	1623
2571	1732
2572	1763
2573	1678
2574	1684
2575	1692
2576	1622
2577	1590
2578	1544
2579	1559
2580	1648
2581	1634
2582	1718
2583	1684
2584	1663
2585	1572
2586	1538
2587	1693
2588	1548
2589	1584
2590	1568
2591	1504
2592	1470
2593	1719
2594	1502
2595	1577
2596	1408
2597	1517
2598	1578
2599	1478
2600	1515
2601	1406
2602	1457
2603	1605
2604	1526
2605	1505
2606	1504
2607	1542
2608	1466
2609	1469
2610	1475
2611	1493
2612	1522
2613	1423
2614	1501
2615	1399
2616	1491
2617	1446
2618	1566
2619	1509
2620	1515
2621	1564
2622	1613
2623	1540
2624	1575
2625	1520
2626	1584
2627	1533
2628	1635
2629	1533
2630	1731
2631	1451
2632	1512
2633	1762
2634	1692
2635	1509
2636	1541
2637	1557
2638	1544
2639	1741
2640	1598
2641	1577
2642	1602
2643	1648
2644	1511
2645	1660
2646	1495
2647	1665
2648	1570
2649	1544
2650	1364
2651	1645
2652	1744
2653	1664
2654	1891
2655	1537
2656	1764
2657	1541
2658	1552
2659	1453
2660	1519
2661	1453
2662	1537
2663	1574
2664	1589
2665	1572
2666	1562
2667	1401
2668	1687
2669	1714
2670	1667
2671	1478
2672	1458
2673	1536
2674	1504
2675	1606
2676	1549
2677	1670
2678	1702
2679	1950
2680	1679
2681	1494
2682	1661
2683	1433
2684	1753
2685	1760
2686	1823
2687	1562
2688	1614
2689	1531
2690	1466
2691	1652
2692	1549
2693	1479
2694	1417
2695	1553
2696	1649
2697	1522
2698	1522
2699	1624
2700	1648
2701	1685
2702	1559
2703	1595
2704	1596
2705	1598
2706	1427
2707	1664
2708	1623
2709	1648
2710	1666
2711	1736
2712	1779
2713	1648
2714	1611
2715	1636
2716	1571
2717	1594
2718	1927
2719	1665
2720	1740
2721	1672
2722	1686
2723	1570
2724	1528
2725	1530
2726	1508
2727	1594
2728	1582
2729	1576
2730	1700
2731	1624
2732	1453
2733	1446
2734	1595
2735	1569
2736	1546
2737	1493
2738	1561
2739	1669
2740	1573
2741	1578
2742	1547
2743	1461
2744	1402
2745	1558
2746	1493
2747	1574
2748	1381
2749	1519
2750	1307
2751	1533
2752	1456
2753	1294
2754	1468
2755	1334
2756	1479
2757	1622
2758	1366
2759	1499
2760	1517
2761	1557
2762	1642
2763	1576
2764	1592
2765	1677
2766	1556
2767	1687
2768	1715
2769	1802
2770	1761
2771	1553
2772	1511
2773	1680
2774	1508
2775	1538
2776	1632
2777	1492
2778	1640
2779	1546
2780	1415
2781	1441
2782	1304
2783	1413
2784	1431
2785	1416
2786	1388
2787	1287
2788	1364
2789	1356
2790	1461
2791	1395
2792	1394
2793	1401
2794	1465
2795	1250
2796	1369
2797	1327
2798	1400
2799	1352
2800	1290
2801	1306
2802	1341
2803	1319
2804	1384
2805	1415
2806	1356
2807	1404
2808	1442
2809	1445
2810	1344
2811	1438
2812	1487
2813	1538
2814	1455
2815	1492
2816	1541
2817	1421
2818	1557
2819	1615
2820	1382
2821	1592
2822	1669
2823	1432
2824	1424
2825	1334
2826	1285
2827	1448
2828	1494
2829	1336
2830	1324
2831	1264
2832	1304
2833	1321
2834	1359
2835	1323
2836	1269
2837	1338
2838	1347
2839	1465
2840	1458
2841	1438
2842	1364
2843	1367
2844	1285
2845	1352
2846	1453
2847	1402
2848	1355
2849	1322
2850	1207
2851	1396
2852	1320
2853	1327
2854	1329
2855	1348
2856	1554
2857	1332
2858	1425
2859	1277
2860	1383
2861	1508
2862	1545
2863	1499
2864	1351
2865	1491
2866	1306
2867	1497
2868	1334
2869	1407
2870	1467
2871	1360
2872	1235
2873	1287
2874	1413
2875	1404
2876	1305
2877	1385
2878	1392
2879	1361
2880	1286
2881	1335
2882	1362
2883	1456
2884	1325
2885	1392
2886	1460
2887	1461
2888	1348
2889	1348
2890	1430
2891	1413
2892	1467
2893	1434
2894	1513
2895	1416
2896	1323
2897	1230
2898	1380
2899	1405
2900	1440
2901	1566
2902	1549
2903	1476
2904	1434
2905	1385
2906	1437
2907	1304
2908	1358
2909	1391
2910	1323
2911	1279
2912	1388
2913	1327
2914	1335
2915	1363
2916	1206
2917	1256
2918	1272
2919	1425
2920	1386
2921	1351
2922	1307
2923	1299
2924	1331
2925	1364
2926	1430
2927	1299
2928	1296
2929	1339
2930	1314
2931	1417
2932	1388
2933	1369
2934	1375
2935	1385
2936	1401
2937	1288
2938	1251
2939	1282
2940	1313
2941	1341
2942	1429
2943	1308
2944	1314
2945	1307
2946	1367
2947	1288
2948	1412
2949	1176
2950	1253
2951	1368
2952	1489
2953	1195
2954	1422
2955	1359
2956	1495
2957	1317
2958	1339
2959	1260
2960	1271
2961	1416
2962	1390
2963	1338
2964	1455
2965	1302
2966	1314
2967	1448
2968	1340
2969	1292
2970	1340
2971	1295
2972	1281
2973	1433
2974	1207
2975	1464
2976	1444
2977	1336
2978	1307
2979	1390
2980	1338
2981	1307
2982	1335
2983	1369
2984	1379
2985	1293
2986	1415
2987	1490
2988	1404
2989	1336
2990	1330
2991	1329
2992	1296
2993	1443
2994	1352
2995	1178
2996	1433
2997	1234
2998	1445
2999	1268
3000	1371
3001	1199
3002	1332
3003	1426
3004	1354
3005	1513
3006	1500
3007	1384
3008	1498
3009	1362
3010	1285
3011	1279
3012	1416
3013	1378
3014	1463
3015	1353
3016	1374
3017	1379
3018	1435
3019	1366
3020	1435
3021	1262
3022	1337
3023	1521
3024	1414
3025	1416
3026	1224
3027	1475
3028	1349
3029	1187
3030	1403
3031	1316
3032	1200
3033	1364
3034	1295
3035	1276
3036	1283
3037	1375
3038	1200
3039	1336
3040	1351
3041	1311
3042	1205
3043	1423
3044	1247
3045	1353
3046	1452
3047	1465
3048	1338
3049	1318
3050	1303
3051	1398
3052	1352
3053	1434
3054	1414
3055	1529
3056	1355
3057	1305
3058	1612
3059	1439
3060	1446
3061	1412
3062	1509
3063	1386
3064	1458
3065	1381
3066	1252
3067	1410
3068	1317
3069	1337
3070	1322
3071	1474
3072	1456
3073	1380
3074	1536
3075	1409
3076	1496
3077	1481
3078	1428
3079	1483
3080	1437
3081	1340
3082	1425
3083	1340
3084	1335
3085	1373
3086	1329
3087	1361
3088	1387
3089	1385
3090	1405
3091	1247
3092	1347
3093	1327
3094	1378
3095	1407
3096	1347
3097	1496
3098	1353
3099	1410
3100	1369
3101	1302
3102	1399
3103	1417
3104	1460
3105	1545
3106	1349
3107	1426
3108	1424
3109	1473
3110	1418
3111	1427
3112	1337
3113	1306
3114	1585
3115	1443
3116	1546
3117	1507
3118	1380
3119	1278
3120	1330
3121	1295
3122	1372
3123	1384
3124	1465
3125	1437
3126	1386
3127	1478
3128	1270
3129	1367
3130	1345
3131	1303
3132	1453
3133	1236
3134	1140
3135	1439
3136	1384
3137	1384
3138	1415
3139	1359
3140	1426
3141	1429
3142	1476
3143	1471
3144	1321
3145	1493
3146	1488
3147	1363
3148	1361
3149	1309
3150	1306
3151	1377
3152	1302
3153	1312
3154	1175
3155	1281
3156	1269
3157	1277
3158	1246
3159	1260
3160	1410
3161	1359
3162	1228
3163	1366
3164	1283
3165	1363
3166	1272
3167	1346
3168	1346
3169	1474
3170	1271
3171	1431
3172	1242
3173	1441
3174	1441
3175	1465
3176	1281
3177	1420
3178	1331
3179	1347
3180	1348
3181	1224
3182	1310
3183	1306
3184	1197
3185	1408
3186	1325
3187	1286
3188	1198
3189	1328
3190	1317
3191	1271
3192	1335
3193	1317
3194	1300
3195	1397
3196	1267
3197	1230
3198	1210
3199	1278
3200	1206
3201	1323
3202	1342
3203	1197
3204	1293
3205	1431
3206	1315
3207	1376
3208	1310
3209	1208
3210	1248
3211	1289
3212	1270
3213	1277
3214	1189
3215	1310
3216	1308
3217	1186
3218	1331
3219	1423
3220	1317
3221	1284
3222	1343
3223	1479
3224	1379
3225	1385
3226	1338
3227	1321
3228	1332
3229	1322
3230	1312
3231	1326
3232	1193
3233	1312
3234	1220
3235	1250
3236	1357
3237	1296
3238	1344
3239	1336
3240	1261
3241	1332
3242	1197
3243	1295
3244	1270
3245	1395
3246	1369
3247	1202
3248	1251
3249	1337
3250	1252
3251	1325
3252	1336
3253	1217
3254	1341
3255	1279
3256	1230
3257	1340
3258	1265
3259	1263
3260	1380
3261	1122
3262	1057
3263	1158
3264	1182
3265	1259
3266	1188
3267	1340
3268	1293
3269	1280
3270	1312
3271	1161
3272	1178
3273	1204
3274	1162
3275	1304
3276	1186
3277	1201
3278	1294
3279	1208
3280	1198
3281	1163
3282	1251
3283	1366
3284	1197
3285	1344
3286	1341
3287	1226
3288	1326
3289	1289
3290	1262
3291	1186
3292	1236
3293	1305
3294	1278
3295	1215
3296	1240
3297	1172
3298	1196
3299	1320
3300	1290
3301	1233
3302	1134
3303	1275
3304	1337
3305	1315
3306	1105
3307	1287
3308	1188
3309	1286
3310	1209
3311	1252
3312	1281
3313	1394
3314	1349
3315	1355
3316	1360
3317	1393
3318	1329
3319	1361
3320	1267
3321	1396
3322	1433
3323	1137
3324	1262
3325	1300
3326	1248
3327	1213
3328	1318
3329	1201
3330	1155
3331	1164
3332	1321
3333	1236
3334	1183
3335	1343
3336	1232
3337	1203
3338	1288
3339	1187
3340	1285
3341	1329
3342	1345
3343	1275
3344	1262
3345	1215
3346	1238
3347	1261
3348	1293
3349	1310
3350	1182
3351	1385
3352	1265
3353	1296
3354	1325
3355	1189
3356	1299
3357	1097
3358	1270
3359	1291
3360	1355
3361	1237
3362	1262
3363	1259
3364	1162
3365	1228
3366	1280
3367	1146
3368	1017
3369	1164
3370	1165
3371	1167
3372	1140
3373	1087
3374	1103
3375	1013
3376	1075
3377	1142
3378	1161
3379	1117
3380	1120
3381	1058
3382	1171
3383	1137
3384	1255
3385	1269
3386	1145
3387	1117
3388	1033
3389	1196
3390	1187
3391	1129
3392	1202
3393	1014
3394	1116
3395	1089
3396	1083
3397	1199
3398	1038
3399	1087
3400	1102
3401	1179
3402	1137
3403	1273
3404	1138
3405	1074
3406	1169
3407	1108
3408	1197
3409	1149
3410	1229
3411	1084
3412	1145
3413	1157
3414	1062
3415	1005
3416	1201
3417	1078
3418	1178
3419	1001
3420	1069
3421	1178
3422	1219
3423	1102
3424	1121
3425	1059
3426	1121
3427	1119
3428	1044
3429	1138
3430	1078
3431	1044
3432	1157
3433	1025
3434	1235
3435	1194
3436	1227
3437	1030
3438	1176
3439	1230
3440	1195
3441	1127
3442	1225
3443	1254
3444	1323
3445	1133
3446	1193
3447	1125
3448	1137
3449	1102
3450	1208
3451	1015
3452	1223
3453	1035
3454	1163
3455	1165
3456	1031
3457	1296
3458	1059
3459	1137
3460	1059
3461	1061
3462	1196
3463	1246
3464	1127
3465	1149
3466	1038
3467	1099
3468	1102
3469	1025
3470	1183
3471	1061
3472	1134
3473	1090
3474	1040
3475	1118
3476	1168
3477	1059
3478	1091
3479	1104
3480	1105
3481	1176
3482	986
3483	1144
3484	995
3485	1132
3486	1084
3487	1035
3488	1179
3489	1156
3490	1006
3491	1092
3492	1069
3493	1087
3494	1034
3495	964
3496	1101
3497	1056
3498	923
3499	1058
3500	1158
3501	1166
3502	1176
3503	1088
3504	1179
3505	1161
3506	1090
3507	1124
3508	1076
3509	1098
3510	1222
3511	1106
3512	1095
3513	1050
3514	1065
3515	981
3516	1085
3517	1039
3518	1109
3519	977
3520	1119
3521	1061
3522	1146
3523	1094
3524	1087
3525	1053
3526	1124
3527	1010
3528	1073
3529	1091
3530	1107
3531	1043
3532	1069
3533	1116
3534	1012
3535	1104
3536	1031
3537	1077
3538	927
3539	1148
3540	1157
3541	1131
3542	1257
3543	1007
3544	1041
3545	1003
3546	1125
3547	1192
3548	974
3549	1128
3550	981
3551	1023
3552	1030
3553	1063
3554	1018
3555	1108
3556	1026
3557	1098
3558	1086
3559	1124
3560	987
3561	1022
3562	998
3563	1091
3564	1080
3565	1057
3566	1165
3567	1036
3568	1065
3569	1037
3570	1128
3571	1127
3572	1010
3573	1256
3574	1240
3575	1074
3576	1104
3577	1103
3578	1042
3579	1097
3580	999
3581	1137
3582	1103
3583	1063
3584	1050
3585	1177
3586	1092
3587	990
3588	1038
3589	1136
3590	1038
3591	1112
3592	1040
3593	1024
3594	1161
3595	1107
3596	1001
3597	1087
3598	1108
3599	1021
3600	1090
3601	1157
3602	1199
3603	1202
3604	1054
3605	1074
3606	1008
3607	1118
3608	1163
3609	1010
3610	1149
3611	1061
3612	1146
3613	1027
3614	976
3615	1068
3616	978
3617	999
3618	1120
3619	995
3620	1071
3621	948
3622	1022
3623	1088
3624	1044
3625	1110
3626	1089
3627	1123
3628	1097
3629	967
3630	979
3631	1139
3632	1043
3633	1111
3634	1036
3635	1127
3636	1099
3637	1025
3638	1072
3639	1092
3640	1058
3641	951
3642	1049
3643	1028
3644	1203
3645	940
3646	1040
3647	1000
3648	1125
3649	1021
3650	1042
3651	1031
3652	998
3653	995
3654	974
3655	1085
3656	1033
3657	1131
3658	1058
3659	1026
3660	966
3661	1017
3662	1053
3663	967
3664	1013
3665	1049
3666	1066
3667	1084
3668	1040
3669	1084
3670	1152
3671	1104
3672	1097
3673	1073
3674	1105
3675	1153
3676	1196
3677	1035
3678	1134
3679	1156
3680	1064
3681	1157
3682	1190
3683	1356
3684	1085
3685	1122
3686	1240
3687	1105
3688	1166
3689	1102
3690	1077
3691	1091
3692	1024
3693	1124
3694	1084
3695	1169
3696	1125
3697	1084
3698	1296
3699	1176
3700	1247
3701	1142
3702	1192
3703	1166
3704	1153
3705	1159
3706	1097
3707	1163
3708	1119
3709	1158
3710	1134
3711	1175
3712	1174
3713	1018
3714	1101
3715	1139
3716	1243
3717	1179
3718	1325
3719	1201
3720	1191
3721	1090
3722	1047
3723	1139
3724	1055
3725	1195
3726	1157
3727	1241
3728	1251
3729	1158
3730	1203
3731	1171
3732	1286
3733	1078
3734	1072
3735	1102
3736	1187
3737	1336
3738	1262
3739	1179
3740	1129
3741	1036
3742	1231
3743	1158
3744	1135
3745	1185
3746	1317
3747	1318
3748	1345
3749	1241
3750	1125
3751	1175
3752	1266
3753	1048
3754	1247
3755	1188
3756	1267
3757	1377
3758	1223
3759	1279
3760	1102
3761	1113
3762	1139
3763	1104
3764	1323
3765	1249
3766	1111
3767	1158
3768	1080
3769	1281
3770	1269
3771	1234
3772	1267
3773	1162
3774	1169
3775	1162
3776	1123
3777	1214
3778	1123
3779	1042
3780	1099
3781	1099
3782	1231
3783	1133
3784	1219
3785	1207
3786	1267
3787	1214
3788	1289
3789	1093
3790	1239
3791	1098
3792	1085
3793	1308
3794	1142
3795	1088
3796	1200
3797	1117
3798	1103
3799	1190
3800	1248
3801	1240
3802	1237
3803	1122
3804	1187
3805	1085
3806	1195
3807	1103
3808	1114
3809	984
3810	1149
3811	1008
3812	1019
3813	1013
3814	1062
3815	1208
3816	1058
3817	1112
3818	1035
3819	1207
3820	1028
3821	1160
3822	1103
3823	884
3824	1038
3825	1023
3826	1182
3827	1026
3828	1034
3829	960
3830	1042
3831	937
3832	971
3833	1017
3834	895
3835	1018
3836	1046
3837	989
3838	1003
3839	875
3840	1125
3841	959
3842	895
3843	982
3844	988
3845	876
3846	1005
3847	962
3848	877
3849	990
3850	993
3851	1007
3852	971
3853	958
3854	962
3855	1030
3856	909
3857	992
3858	1044
3859	994
3860	1017
3861	965
3862	1035
3863	1005
3864	1047
3865	974
3866	829
3867	886
3868	868
3869	975
3870	924
3871	967
3872	980
3873	876
3874	920
3875	1023
3876	994
3877	915
3878	961
3879	900
3880	1004
3881	1002
3882	931
3883	951
3884	935
3885	948
3886	982
3887	968
3888	934
3889	1082
3890	852
3891	889
3892	933
3893	894
3894	953
3895	966
3896	1022
3897	1081
3898	1138
3899	1138
3900	1039
3901	1034
3902	979
3903	987
3904	1104
3905	966
3906	1073
3907	938
3908	970
3909	1027
3910	1045
3911	953
3912	963
3913	956
3914	1017
3915	1027
3916	901
3917	1074
3918	1056
3919	1064
3920	992
3921	992
3922	1013
3923	942
3924	1012
3925	1057
3926	1052
3927	940
3928	1073
3929	1021
3930	1061
3931	966
3932	928
3933	1059
3934	917
3935	994
3936	984
3937	1051
3938	1112
3939	970
3940	864
3941	1009
3942	1047
3943	945
3944	1086
3945	1026
3946	958
3947	1089
3948	1039
3949	899
3950	1003
3951	1015
3952	1081
3953	999
3954	1081
3955	1063
3956	1054
3957	1076
3958	1082
3959	1061
3960	1073
3961	1107
3962	1081
3963	974
3964	1021
3965	1016
3966	1119
3967	967
3968	1234
3969	989
3970	1026
3971	1017
3972	1086
3973	1054
3974	1173
3975	1131
3976	1089
3977	1059
3978	1131
3979	1007
3980	1061
3981	1143
3982	1103
3983	1002
3984	1006
3985	1100
3986	1110
3987	1112
3988	1102
3989	1017
3990	1087
3991	1007
3992	953
3993	978
3994	969
3995	966
3996	1025
3997	941
3998	953
3999	1303
4000	1077
4001	1231
4002	1185
4003	994
4004	959
4005	1084
4006	871
4007	963
4008	1041
4009	930
4010	980
4011	954
4012	1051
4013	1089
4014	1023
4015	1109
4016	1044
4017	1087
4018	960
4019	1048
4020	1104
4021	1166
4022	958
4023	1041
4024	1070
4025	1183
4026	1125
4027	1161
4028	1171
4029	1066
4030	1169
4031	1141
4032	1373
4033	1174
4034	1253
4035	1505
4036	1042
4037	1218
4038	1043
4039	991
4040	1102
4041	1094
4042	1039
4043	1008
4044	1081
4045	1113
4046	1051
4047	1050
4048	1209
4049	1078
4050	1119
4051	1186
4052	1148
4053	1161
4054	1232
4055	1136
4056	1059
4057	1099
4058	1077
4059	1053
4060	1070
4061	1061
4062	1062
4063	1010
4064	1016
4065	1132
4066	1117
4067	1310
4068	1087
4069	1029
4070	1011
4071	997
4072	1034
4073	934
4074	968
4075	1048
4076	1091
4077	1074
4078	1070
4079	1043
4080	1035
4081	1052
4082	1036
4083	1026
4084	1046
4085	1079
4086	1058
4087	934
4088	938
4089	1004
4090	915
4091	927
4092	958
4093	984
4094	994
4095	967
4096	932
4097	1011
4098	1088
4099	967
4100	1014
4101	867
4102	946
4103	1001
4104	945
4105	963
4106	967
4107	887
4108	923
4109	970
4110	940
4111	1006
4112	1020
4113	968
4114	1022
4115	950
4116	883
4117	994
4118	1015
4119	990
4120	913
4121	1103
4122	1173
4123	888
4124	968
4125	999
4126	1021
4127	1033
4128	1084
4129	1046
4130	945
4131	1019
4132	950
4133	960
4134	986
4135	1005
4136	866
4137	964
4138	946
4139	930
4140	1027
4141	852
4142	938
4143	950
4144	874
4145	956
4146	926
4147	939
4148	950
4149	827
4150	835
4151	1014
4152	874
4153	952
4154	975
4155	907
4156	845
4157	1023
4158	885
4159	877
4160	961
4161	1064
4162	900
4163	961
4164	988
4165	952
4166	907
4167	906
4168	946
4169	877
4170	892
4171	870
4172	880
4173	843
4174	872
4175	847
4176	845
4177	921
4178	852
4179	878
4180	943
4181	957
4182	874
4183	843
4184	796
4185	981
4186	959
4187	901
4188	906
4189	926
4190	951
4191	958
4192	869
4193	824
4194	726
4195	794
4196	799
4197	832
4198	836
4199	910
4200	882
4201	905
4202	849
4203	937
4204	870
4205	1090
4206	938
4207	916
4208	890
4209	939
4210	865
4211	851
4212	858
4213	946
4214	904
4215	1029
4216	823
4217	875
4218	873
4219	807
4220	853
4221	844
4222	856
4223	955
4224	844
4225	880
4226	881
4227	924
4228	918
4229	897
4230	853
4231	843
4232	803
4233	913
4234	941
4235	751
4236	995
4237	874
4238	867
4239	943
4240	850
4241	819
4242	875
4243	889
4244	827
4245	902
4246	898
4247	868
4248	934
4249	865
4250	982
4251	899
4252	852
4253	885
4254	891
4255	902
4256	888
4257	876
4258	893
4259	824
4260	965
4261	861
4262	822
4263	953
4264	798
4265	977
4266	915
4267	906
4268	878
4269	956
4270	1003
4271	941
4272	1011
4273	1004
4274	834
4275	843
4276	929
4277	946
4278	930
4279	1063
4280	875
4281	856
4282	940
4283	897
4284	983
4285	977
4286	994
4287	863
4288	818
4289	938
4290	967
4291	961
4292	856
4293	939
4294	944
4295	962
4296	837
4297	852
4298	927
4299	874
4300	1010
4301	862
4302	933
4303	946
4304	938
4305	943
4306	840
4307	930
4308	862
4309	898
4310	924
4311	826
4312	896
4313	863
4314	874
4315	813
4316	878
4317	865
4318	817
4319	937
4320	939
4321	792
4322	792
4323	908
4324	809
4325	922
4326	884
4327	825
4328	941
4329	935
4330	936
4331	883
4332	831
4333	841
4334	846
4335	811
4336	807
4337	818
4338	959
4339	877
4340	884
4341	859
4342	787
4343	1051
4344	827
4345	887
4346	881
4347	894
4348	844
4349	817
4350	794
4351	766
4352	768
4353	823
4354	941
4355	886
4356	829
4357	876
4358	811
4359	847
4360	819
4361	824
4362	843
4363	815
4364	878
4365	909
4366	821
4367	790
4368	852
4369	813
4370	777
4371	797
4372	836
4373	800
4374	787
4375	834
4376	867
4377	760
4378	709
4379	779
4380	770
4381	909
4382	811
4383	786
4384	748
4385	850
4386	810
4387	753
4388	844
4389	778
4390	744
4391	680
4392	830
4393	865
4394	748
4395	715
4396	830
4397	825
4398	709
4399	814
4400	851
4401	672
4402	798
4403	770
4404	850
4405	781
4406	750
4407	670
4408	797
4409	784
4410	713
4411	808
4412	711
4413	751
4414	691
4415	760
4416	744
4417	777
4418	788
4419	767
4420	784
4421	798
4422	715
4423	704
4424	799
4425	879
4426	781
4427	704
4428	696
4429	699
4430	721
4431	746
4432	840
4433	774
4434	746
4435	738
4436	763
4437	751
4438	765
4439	711
4440	690
4441	606
4442	737
4443	790
4444	727
4445	810
4446	755
4447	733
4448	735
4449	765
4450	718
4451	719
4452	745
4453	687
4454	645
4455	707
4456	748
4457	726
4458	658
4459	855
4460	701
4461	643
4462	790
4463	723
4464	788
4465	807
4466	822
4467	696
4468	725
4469	772
4470	703
4471	677
4472	749
4473	675
4474	760
4475	804
4476	655
4477	706
4478	652
4479	721
4480	655
4481	697
4482	736
4483	760
4484	652
4485	782
4486	784
4487	701
4488	715
4489	723
4490	753
4491	641
4492	702
4493	766
4494	749
4495	860
4496	695
4497	709
4498	758
4499	758
4500	723
4501	758
4502	739
4503	648
4504	777
4505	688
4506	745
4507	687
4508	810
4509	823
4510	730
4511	734
4512	804
4513	759
4514	778
4515	783
4516	760
4517	806
4518	761
4519	814
4520	733
4521	729
4522	719
4523	700
4524	889
4525	717
4526	695
4527	694
4528	780
4529	768
4530	649
4531	690
4532	687
4533	788
4534	801
4535	683
4536	842
4537	690
4538	818
4539	723
4540	678
4541	700
4542	792
4543	761
4544	643
4545	735
4546	708
4547	673
4548	716
4549	706
4550	644
4551	754
4552	717
4553	736
4554	703
4555	755
4556	635
4557	632
4558	770
4559	743
4560	703
4561	670
4562	649
4563	674
4564	677
4565	664
4566	726
4567	710
4568	686
4569	710
4570	642
4571	657
4572	751
4573	712
4574	660
4575	751
4576	797
4577	632
4578	732
4579	697
4580	646
4581	669
4582	677
4583	694
4584	714
4585	670
4586	673
4587	747
4588	677
4589	804
4590	665
4591	714
4592	780
4593	721
4594	852
4595	710
4596	687
4597	645
4598	693
4599	737
4600	770
4601	752
4602	615
4603	774
4604	674
4605	746
4606	639
4607	744
4608	670
4609	695
4610	644
4611	676
4612	789
4613	775
4614	738
4615	748
4616	711
4617	743
4618	772
4619	781
4620	718
4621	785
4622	686
4623	769
4624	757
4625	691
4626	767
4627	797
4628	761
4629	779
4630	842
4631	824
4632	756
4633	820
4634	809
4635	804
4636	833
4637	820
4638	896
4639	750
4640	725
4641	799
4642	768
4643	811
4644	849
4645	793
4646	774
4647	814
4648	779
4649	765
4650	688
4651	828
4652	711
4653	666
4654	683
4655	780
4656	763
4657	801
4658	762
4659	768
4660	784
4661	774
4662	799
4663	827
4664	823
4665	710
4666	809
4667	717
4668	865
4669	754
4670	836
4671	759
4672	792
4673	813
4674	733
4675	797
4676	832
4677	762
4678	747
4679	695
4680	814
4681	750
4682	816
4683	816
4684	816
4685	845
4686	807
4687	823
4688	775
4689	727
4690	784
4691	848
4692	777
4693	771
4694	639
4695	783
4696	675
4697	791
4698	767
4699	768
4700	726
4701	781
4702	713
4703	743
4704	709
4705	814
4706	823
4707	727
4708	791
4709	769
4710	730
4711	668
4712	697
4713	707
4714	676
4715	825
4716	793
4717	857
4718	838
4719	723
4720	679
4721	771
4722	741
4723	693
4724	684
4725	782
4726	770
4727	680
4728	733
4729	785
4730	763
4731	772
4732	672
4733	802
4734	782
4735	773
4736	736
4737	816
4738	721
4739	728
4740	771
4741	806
4742	835
4743	728
4744	716
4745	736
4746	815
4747	663
4748	793
4749	749
4750	739
4751	760
4752	765
4753	697
4754	719
4755	703
4756	666
4757	793
4758	870
4759	754
4760	835
4761	769
4762	737
4763	729
4764	810
4765	771
4766	792
4767	806
4768	724
4769	935
4770	874
4771	688
4772	934
4773	788
4774	666
4775	721
4776	853
4777	855
4778	775
4779	761
4780	794
4781	898
4782	905
4783	705
4784	950
4785	964
4786	761
4787	850
4788	782
4789	676
4790	688
4791	691
4792	787
4793	881
4794	735
4795	806
4796	761
4797	757
4798	882
4799	858
4800	922
4801	733
4802	758
4803	786
4804	817
4805	825
4806	692
4807	747
4808	742
4809	804
4810	730
4811	717
4812	735
4813	718
4814	865
4815	773
4816	717
4817	755
4818	830
4819	786
4820	873
4821	834
4822	842
4823	856
4824	829
4825	892
4826	903
4827	929
4828	886
4829	881
4830	935
4831	876
4832	755
4833	774
4834	723
4835	841
4836	841
4837	754
4838	879
4839	841
4840	908
4841	954
4842	971
4843	894
4844	933
4845	1001
4846	1034
4847	818
4848	817
4849	638
4850	818
4851	781
4852	757
4853	910
4854	686
4855	828
4856	679
4857	767
4858	815
4859	731
4860	824
4861	733
4862	749
4863	797
4864	691
4865	763
4866	770
4867	869
4868	662
4869	823
4870	667
4871	705
4872	742
4873	667
4874	717
4875	773
4876	698
4877	700
4878	735
4879	648
4880	733
4881	666
4882	726
4883	740
4884	698
4885	719
4886	625
4887	755
4888	779
4889	658
4890	754
4891	737
4892	618
4893	701
4894	734
4895	728
4896	693
4897	670
4898	681
4899	721
4900	645
4901	670
4902	628
4903	725
4904	678
4905	734
4906	777
4907	733
4908	753
4909	770
4910	697
4911	647
4912	673
4913	811
4914	728
4915	753
4916	758
4917	620
4918	714
4919	721
4920	725
4921	715
4922	725
4923	712
4924	732
4925	676
4926	670
4927	702
4928	634
4929	607
4930	705
4931	760
4932	735
4933	722
4934	676
4935	705
4936	797
4937	636
4938	747
4939	702
4940	835
4941	706
4942	637
4943	684
4944	673
4945	660
4946	690
4947	694
4948	757
4949	684
4950	793
4951	607
4952	645
4953	757
4954	653
4955	727
4956	646
4957	711
4958	713
4959	717
4960	731
4961	818
4962	766
4963	762
4964	723
4965	625
4966	769
4967	720
4968	816
4969	711
4970	802
4971	833
4972	703
4973	746
4974	629
4975	728
4976	700
4977	742
4978	720
4979	810
4980	641
4981	661
4982	687
4983	679
4984	696
4985	677
4986	696
4987	755
4988	743
4989	654
4990	683
4991	660
4992	686
4993	756
4994	644
4995	697
4996	630
4997	669
4998	650
4999	619
5000	698
5001	679
5002	777
5003	663
5004	691
5005	724
5006	674
5007	799
5008	642
5009	664
5010	782
5011	757
5012	698
5013	733
5014	658
5015	667
5016	639
5017	657
5018	739
5019	620
5020	611
5021	632
5022	677
5023	639
5024	721
5025	670
5026	611
5027	666
5028	788
5029	625
5030	596
5031	721
5032	663
5033	739
5034	663
5035	721
5036	735
5037	628
5038	722
5039	676
5040	600
5041	668
5042	576
5043	605
5044	524
5045	649
5046	569
5047	629
5048	728
5049	648
5050	567
5051	528
5052	553
5053	591
5054	648
5055	637
5056	552
5057	601
5058	719
5059	658
5060	627
5061	681
5062	642
5063	523
5064	703
5065	621
5066	600
5067	708
5068	672
5069	724
5070	615
5071	583
5072	593
5073	726
5074	630
5075	620
5076	668
5077	569
5078	628
5079	696
5080	659
5081	610
5082	647
5083	710
5084	629
5085	661
5086	660
5087	663
5088	630
5089	674
5090	769
5091	644
5092	590
5093	676
5094	626
5095	664
5096	642
5097	615
5098	689
5099	664
5100	643
5101	703
5102	621
5103	642
5104	658
5105	647
5106	619
5107	621
5108	641
5109	594
5110	574
5111	643
5112	602
5113	601
5114	640
5115	579
5116	592
5117	580
5118	632
5119	630
5120	555
5121	579
5122	647
5123	544
5124	627
5125	707
5126	633
5127	682
5128	624
5129	501
5130	552
5131	641
5132	611
5133	557
5134	647
5135	624
5136	558
5137	587
5138	590
5139	598
5140	635
5141	708
5142	657
5143	637
5144	619
5145	663
5146	583
5147	633
5148	566
5149	574
5150	554
5151	622
5152	582
5153	619
5154	660
5155	614
5156	581
5157	680
5158	607
5159	645
5160	571
5161	580
5162	578
5163	579
5164	584
5165	652
5166	627
5167	717
5168	570
5169	610
5170	667
5171	549
5172	622
5173	658
5174	591
5175	587
5176	682
5177	552
5178	713
5179	592
5180	608
5181	659
5182	607
5183	682
5184	608
5185	604
5186	586
5187	669
5188	626
5189	595
5190	650
5191	600
5192	660
5193	625
5194	657
5195	572
5196	595
5197	554
5198	677
5199	644
5200	644
5201	626
5202	659
5203	559
5204	636
5205	565
5206	574
5207	656
5208	552
5209	604
5210	626
5211	585
5212	569
5213	575
5214	594
5215	650
5216	718
5217	574
5218	590
5219	585
5220	640
5221	584
5222	599
5223	599
5224	552
5225	565
5226	601
5227	642
5228	638
5229	659
5230	639
5231	608
5232	602
5233	598
5234	620
5235	659
5236	652
5237	679
5238	672
5239	630
5240	587
5241	626
5242	687
5243	635
5244	661
5245	623
5246	581
5247	616
5248	583
5249	641
5250	618
5251	628
5252	722
5253	560
5254	638
5255	658
5256	573
5257	612
5258	637
5259	493
5260	588
5261	581
5262	652
5263	565
5264	594
5265	637
5266	546
5267	582
5268	610
5269	609
5270	596
5271	610
5272	676
5273	596
5274	594
5275	605
5276	587
5277	556
5278	546
5279	652
5280	557
5281	583
5282	506
5283	524
5284	650
5285	663
5286	620
5287	569
5288	589
5289	574
5290	549
5291	558
5292	554
5293	594
5294	629
5295	617
5296	597
5297	599
5298	588
5299	532
5300	647
5301	556
5302	636
5303	554
5304	559
5305	550
5306	652
5307	626
5308	556
5309	621
5310	624
5311	552
5312	596
5313	470
5314	620
5315	575
5316	635
5317	623
5318	572
5319	572
5320	662
5321	611
5322	565
5323	633
5324	518
5325	614
5326	624
5327	513
5328	587
5329	618
5330	617
5331	632
5332	679
5333	580
5334	612
5335	591
5336	624
5337	585
5338	586
5339	700
5340	553
5341	589
5342	558
5343	637
5344	597
5345	626
5346	592
5347	592
5348	560
5349	609
5350	552
5351	692
5352	670
5353	627
5354	618
5355	598
5356	536
5357	622
5358	621
5359	644
5360	633
5361	616
5362	659
5363	621
5364	660
5365	635
5366	703
5367	746
5368	626
5369	731
5370	559
5371	537
5372	646
5373	671
5374	742
5375	677
5376	670
5377	611
5378	784
5379	727
5380	573
5381	677
5382	735
5383	641
5384	616
5385	659
5386	678
5387	686
5388	754
5389	600
5390	552
5391	693
5392	684
5393	666
5394	645
5395	633
5396	759
5397	708
5398	669
5399	633
5400	807
5401	599
5402	725
5403	593
5404	734
5405	700
5406	776
5407	680
5408	702
5409	664
5410	630
5411	631
5412	641
5413	737
5414	696
5415	649
5416	650
5417	745
5418	678
5419	840
5420	700
5421	719
5422	651
5423	659
5424	691
5425	634
5426	693
5427	672
5428	613
5429	655
5430	673
5431	639
5432	797
5433	626
5434	639
5435	731
5436	676
5437	676
5438	795
5439	629
5440	649
5441	656
5442	705
5443	642
5444	733
5445	774
5446	703
5447	848
5448	714
5449	702
5450	730
5451	797
5452	622
5453	632
5454	625
5455	682
5456	715
5457	658
5458	676
5459	664
5460	719
5461	573
5462	657
5463	638
5464	772
5465	656
5466	645
5467	621
5468	687
5469	741
5470	738
5471	746
5472	651
5473	700
5474	658
5475	773
5476	733
5477	878
5478	784
5479	701
5480	685
5481	679
5482	604
5483	778
5484	710
5485	640
5486	678
5487	668
5488	627
5489	771
5490	810
5491	680
5492	717
5493	671
5494	678
5495	658
5496	690
5497	631
5498	631
5499	639
5500	588
5501	639
5502	716
5503	812
5504	617
5505	627
5506	719
5507	665
5508	765
5509	624
5510	730
5511	568
5512	672
5513	612
5514	582
5515	694
5516	705
5517	614
5518	514
5519	683
5520	604
5521	649
5522	623
5523	604
5524	707
5525	634
5526	546
5527	605
5528	571
5529	623
5530	547
5531	665
5532	698
5533	685
5534	634
5535	666
5536	650
5537	606
5538	621
5539	614
5540	643
5541	597
5542	547
5543	589
5544	685
5545	635
5546	662
5547	603
5548	634
5549	579
5550	665
5551	663
5552	586
5553	814
5554	564
5555	708
5556	645
5557	716
5558	521
5559	579
5560	627
5561	693
5562	643
5563	626
5564	616
5565	623
5566	596
5567	653
5568	635
5569	566
5570	648
5571	675
5572	725
5573	623
5574	737
5575	726
5576	777
5577	601
5578	556
5579	568
5580	561
5581	779
5582	571
5583	662
5584	495
5585	553
5586	616
5587	558
5588	647
5589	619
5590	656
5591	607
5592	671
5593	615
5594	739
5595	610
5596	649
5597	616
5598	759
5599	623
5600	693
5601	732
5602	712
5603	743
5604	707
5605	758
5606	702
5607	756
5608	737
5609	710
5610	698
5611	902
5612	674
5613	683
5614	744
5615	712
5616	692
5617	713
5618	685
5619	838
5620	618
5621	808
5622	677
5623	630
5624	630
5625	733
5626	665
5627	674
5628	599
5629	726
5630	724
5631	635
5632	682
5633	805
5634	767
5635	717
5636	688
5637	719
5638	639
5639	656
5640	617
5641	618
5642	696
5643	661
5644	699
5645	643
5646	744
5647	628
5648	651
5649	670
5650	627
5651	684
5652	593
5653	670
5654	590
5655	636
5656	638
5657	700
5658	589
5659	692
5660	651
5661	666
5662	803
5663	721
5664	695
5665	709
5666	713
5667	704
5668	722
5669	569
5670	633
5671	653
5672	708
5673	710
5674	773
5675	703
5676	603
5677	715
5678	702
5679	641
5680	734
5681	697
5682	652
5683	646
5684	636
5685	693
5686	601
5687	740
5688	622
5689	750
5690	708
5691	622
5692	709
5693	607
5694	667
5695	619
5696	646
5697	622
5698	731
5699	617
5700	626
5701	586
5702	704
5703	608
5704	606
5705	598
5706	600
5707	577
5708	496
5709	655
5710	594
5711	612
5712	701
5713	644
5714	534
5715	731
5716	668
5717	530
5718	635
5719	620
5720	645
5721	670
5722	722
5723	639
5724	591
5725	622
5726	644
5727	597
5728	758
5729	649
5730	599
5731	594
5732	690
5733	615
5734	623
5735	580
5736	568
5737	553
5738	565
5739	592
5740	594
5741	586
5742	580
5743	630
5744	560
5745	582
5746	515
5747	549
5748	572
5749	604
5750	558
5751	534
5752	540
5753	614
5754	606
5755	508
5756	512
5757	534
5758	628
5759	520
5760	607
5761	546
5762	686
5763	632
5764	563
5765	603
5766	670
5767	617
5768	715
5769	582
5770	577
5771	713
5772	680
5773	499
5774	657
5775	645
5776	635
5777	616
5778	638
5779	572
5780	631
5781	593
5782	614
5783	544
5784	548
5785	614
5786	604
5787	642
5788	510
5789	527
5790	567
5791	586
5792	640
5793	649
5794	622
5795	558
5796	556
5797	625
5798	607
5799	539
5800	605
5801	634
5802	603
5803	565
5804	610
5805	539
5806	608
5807	586
5808	581
5809	567
5810	600
5811	565
5812	661
5813	558
5814	540
5815	632
5816	551
5817	697
5818	553
5819	597
5820	609
5821	548
5822	602
5823	607
5824	421
5825	625
5826	650
5827	579
5828	553
5829	597
5830	563
5831	564
5832	662
5833	557
5834	621
5835	597
5836	561
5837	543
5838	489
5839	585
5840	562
5841	597
5842	664
5843	587
5844	561
5845	564
5846	588
5847	616
5848	610
5849	556
5850	558
5851	605
5852	539
5853	606
5854	595
5855	543
5856	587
5857	585
5858	694
5859	550
5860	635
5861	633
5862	604
5863	620
5864	616
5865	657
5866	650
5867	547
5868	658
5869	666
5870	499
5871	601
5872	556
5873	518
5874	590
5875	573
5876	484
5877	577
5878	529
5879	586
5880	560
5881	666
5882	600
5883	563
5884	640
5885	711
5886	513
5887	501
5888	558
5889	585
5890	531
5891	569
5892	582
5893	621
5894	667
5895	613
5896	498
5897	585
5898	679
5899	438
5900	594
5901	551
5902	490
5903	519
5904	492
5905	593
5906	604
5907	548
5908	521
5909	555
5910	495
5911	530
5912	594
5913	503
5914	518
5915	503
5916	598
5917	578
5918	647
5919	573
5920	605
5921	498
5922	588
5923	541
5924	546
5925	546
5926	505
5927	485
5928	512
5929	516
5930	573
5931	598
5932	576
5933	549
5934	567
5935	521
5936	541
5937	562
5938	546
5939	565
5940	521
5941	472
5942	569
5943	490
5944	544
5945	503
5946	587
5947	618
5948	546
5949	531
5950	610
5951	573
5952	517
5953	579
5954	542
5955	524
5956	531
5957	548
5958	578
5959	619
5960	587
5961	670
5962	603
5963	479
5964	526
5965	513
5966	537
5967	518
5968	550
5969	576
5970	627
5971	544
5972	532
5973	580
5974	534
5975	565
5976	654
5977	595
5978	610
5979	571
5980	608
5981	560
5982	461
5983	566
5984	536
5985	555
5986	482
5987	540
5988	536
5989	507
5990	519
5991	460
5992	535
5993	562
5994	522
5995	666
5996	549
5997	531
5998	579
5999	563
6000	500
6001	665
6002	539
6003	548
6004	627
6005	489
6006	608
6007	547
6008	544
6009	637
6010	535
6011	626
6012	592
6013	562
6014	606
6015	465
6016	546
6017	527
6018	553
6019	562
6020	547
6021	509
6022	567
6023	533
6024	498
6025	566
6026	547
6027	530
6028	508
6029	546
6030	589
6031	572
6032	493
6033	564
6034	591
6035	481
6036	532
6037	562
6038	559
6039	588
6040	571
6041	485
6042	568
6043	587
6044	507
6045	524
6046	519
6047	506
6048	533
6049	546
6050	495
6051	572
6052	613
6053	546
6054	505
6055	519
6056	558
6057	555
6058	618
6059	526
6060	505
6061	513
6062	551
6063	556
6064	461
6065	610
6066	514
6067	572
6068	497
6069	571
6070	509
6071	526
6072	533
6073	512
6074	540
6075	536
6076	501
6077	488
6078	562
6079	508
6080	476
6081	512
6082	576
6083	564
6084	544
6085	491
6086	588
6087	560
6088	454
6089	520
6090	541
6091	494
6092	565
6093	531
6094	555
6095	568
6096	510
6097	581
6098	561
6099	537
6100	540
6101	593
6102	582
6103	480
6104	547
6105	525
6106	570
6107	522
6108	606
6109	496
6110	581
6111	506
6112	584
6113	519
6114	586
6115	556
6116	487
6117	563
6118	510
6119	546
6120	521
6121	595
6122	544
6123	529
6124	470
6125	494
6126	595
6127	534
6128	521
6129	555
6130	523
6131	542
6132	560
6133	472
6134	580
6135	521
6136	482
6137	544
6138	561
6139	545
6140	502
6141	558
6142	548
6143	442
6144	551
6145	510
6146	527
6147	591
6148	547
6149	479
6150	488
6151	511
6152	467
6153	461
6154	412
6155	482
6156	506
6157	493
6158	458
6159	424
6160	488
6161	573
6162	450
6163	540
6164	486
6165	568
6166	533
6167	518
6168	515
6169	512
6170	494
6171	566
6172	494
6173	573
6174	487
6175	527
6176	469
6177	446
6178	440
6179	474
6180	458
6181	502
6182	541
6183	462
6184	495
6185	611
6186	513
6187	467
6188	550
6189	491
6190	540
6191	562
6192	534
6193	546
6194	481
6195	474
6196	469
6197	498
6198	486
6199	485
6200	570
6201	580
6202	502
6203	456
6204	517
6205	471
6206	449
6207	507
6208	444
6209	525
6210	479
6211	449
6212	530
6213	482
6214	530
6215	460
6216	460
6217	518
6218	442
6219	479
6220	436
6221	445
6222	517
6223	447
6224	521
6225	493
6226	497
6227	431
6228	472
6229	424
6230	517
6231	465
6232	492
6233	459
6234	469
6235	522
6236	532
6237	463
6238	443
6239	504
6240	483
6241	474
6242	479
6243	456
6244	486
6245	502
6246	505
6247	537
6248	528
6249	519
6250	512
6251	491
6252	530
6253	524
6254	477
6255	494
6256	551
6257	537
6258	558
6259	574
6260	465
6261	523
6262	522
6263	533
6264	570
6265	493
6266	518
6267	514
6268	499
6269	529
6270	494
6271	499
6272	526
6273	485
6274	481
6275	489
6276	459
6277	472
6278	483
6279	492
6280	427
6281	401
6282	452
6283	467
6284	454
6285	451
6286	404
6287	485
6288	435
6289	521
6290	464
6291	465
6292	480
6293	428
6294	466
6295	442
6296	415
6297	461
6298	405
6299	444
6300	480
6301	454
6302	423
6303	419
6304	522
6305	447
6306	524
6307	555
6308	566
6309	402
6310	502
6311	577
6312	490
6313	528
6314	432
6315	470
6316	476
6317	507
6318	533
6319	458
6320	474
6321	479
6322	527
6323	492
6324	480
6325	558
6326	541
6327	489
6328	605
6329	596
6330	514
6331	535
6332	506
6333	447
6334	462
6335	524
6336	459
6337	535
6338	577
6339	542
6340	541
6341	525
6342	499
6343	484
6344	462
6345	574
6346	473
6347	494
6348	521
6349	523
6350	497
6351	486
6352	560
6353	605
6354	588
6355	583
6356	608
6357	595
6358	623
6359	539
6360	644
6361	613
6362	526
6363	491
6364	589
6365	594
6366	520
6367	522
6368	575
6369	546
6370	609
6371	546
6372	493
6373	569
6374	589
6375	567
6376	508
6377	614
6378	591
6379	464
6380	520
6381	536
6382	564
6383	500
6384	519
6385	557
6386	547
6387	479
6388	653
6389	485
6390	637
6391	611
6392	596
6393	510
6394	643
6395	594
6396	550
6397	554
6398	465
6399	641
6400	611
6401	606
6402	622
6403	504
6404	545
6405	544
6406	553
6407	510
6408	605
6409	542
6410	512
6411	558
6412	510
6413	580
6414	541
6415	612
6416	610
6417	492
6418	625
6419	529
6420	539
6421	616
6422	559
6423	552
6424	520
6425	580
6426	527
6427	536
6428	671
6429	545
6430	635
6431	602
6432	530
6433	556
6434	493
6435	548
6436	566
6437	606
6438	547
6439	635
6440	535
6441	474
6442	519
6443	474
6444	712
6445	599
6446	619
6447	616
6448	679
6449	612
6450	524
6451	502
6452	568
6453	476
6454	501
6455	586
6456	592
6457	535
6458	523
6459	484
6460	444
6461	545
6462	493
6463	555
6464	591
6465	578
6466	603
6467	648
6468	585
6469	545
6470	524
6471	584
6472	473
6473	510
6474	510
6475	539
6476	429
6477	424
6478	530
6479	586
6480	549
6481	618
6482	519
6483	455
6484	593
6485	588
6486	531
6487	570
6488	430
6489	589
6490	572
6491	577
6492	540
6493	580
6494	432
6495	510
6496	473
6497	557
6498	449
6499	407
6500	488
6501	418
6502	575
6503	573
6504	584
6505	668
6506	544
6507	545
6508	528
6509	477
6510	505
6511	492
6512	510
6513	550
6514	564
6515	620
6516	649
6517	586
6518	613
6519	489
6520	559
6521	596
6522	525
6523	483
6524	546
6525	458
6526	497
6527	557
6528	555
6529	586
6530	501
6531	603
6532	562
6533	550
6534	553
6535	530
6536	626
6537	565
6538	526
6539	534
6540	556
6541	620
6542	584
6543	474
6544	539
6545	547
6546	545
6547	618
6548	619
6549	497
6550	568
6551	509
6552	561
6553	602
6554	637
6555	440
6556	504
6557	508
6558	614
6559	590
6560	549
6561	545
6562	512
6563	494
6564	546
6565	458
6566	535
6567	485
6568	474
6569	527
6570	511
6571	518
6572	461
6573	548
6574	564
6575	566
6576	533
6577	508
6578	523
6579	463
6580	485
6581	498
6582	497
6583	489
6584	420
6585	495
6586	527
6587	485
6588	567
6589	497
6590	475
6591	465
6592	538
6593	541
6594	429
6595	473
6596	527
6597	565
6598	541
6599	551
6600	603
6601	498
6602	533
6603	544
6604	517
6605	549
6606	470
6607	504
6608	461
6609	483
6610	500
6611	493
6612	547
6613	565
6614	515
6615	419
6616	460
6617	550
6618	468
6619	522
6620	455
6621	538
6622	536
6623	509
6624	552
6625	485
6626	465
6627	573
6628	486
6629	384
6630	501
6631	500
6632	458
6633	423
6634	419
6635	480
6636	483
6637	458
6638	470
6639	466
6640	449
6641	446
6642	436
6643	437
6644	431
6645	456
6646	462
6647	366
6648	495
6649	495
6650	434
6651	427
6652	456
6653	408
6654	423
6655	459
6656	461
6657	386
6658	465
6659	468
6660	402
6661	459
6662	383
6663	494
6664	421
6665	412
6666	449
6667	484
6668	490
6669	473
6670	456
6671	432
6672	431
6673	419
6674	489
6675	447
6676	377
6677	460
6678	442
6679	439
6680	396
6681	466
6682	431
6683	408
6684	453
6685	415
6686	442
6687	411
6688	346
6689	381
6690	406
6691	348
6692	382
6693	392
6694	400
6695	439
6696	444
6697	361
6698	482
6699	426
6700	425
6701	460
6702	413
6703	379
6704	424
6705	396
6706	446
6707	380
6708	486
6709	472
6710	511
6711	409
6712	435
6713	388
6714	485
6715	469
6716	418
6717	533
6718	376
6719	434
6720	482
6721	381
6722	424
6723	436
6724	510
6725	538
6726	632
6727	533
6728	453
6729	513
6730	402
6731	481
6732	521
6733	503
6734	411
6735	403
6736	440
6737	457
6738	451
6739	487
6740	433
6741	432
6742	406
6743	405
6744	405
6745	354
6746	467
6747	455
6748	466
6749	460
6750	380
6751	436
6752	388
6753	383
6754	418
6755	447
6756	424
6757	474
6758	431
6759	391
6760	405
6761	461
6762	446
6763	423
6764	443
6765	443
6766	455
6767	473
6768	462
6769	449
6770	408
6771	423
6772	451
6773	446
6774	447
6775	386
6776	399
6777	410
6778	404
6779	363
6780	409
6781	347
6782	388
6783	400
6784	360
6785	426
6786	399
6787	467
6788	497
6789	458
6790	371
6791	403
6792	449
6793	414
6794	468
6795	466
6796	447
6797	370
6798	398
6799	412
6800	435
6801	396
6802	402
6803	364
6804	410
6805	392
6806	389
6807	511
6808	416
6809	417
6810	388
6811	449
6812	444
6813	431
6814	440
6815	454
6816	462
6817	469
6818	499
6819	385
6820	411
6821	397
6822	470
6823	412
6824	504
6825	420
6826	425
6827	479
6828	440
6829	446
6830	428
6831	440
6832	482
6833	481
6834	481
6835	471
6836	433
6837	436
6838	426
6839	336
6840	548
6841	446
6842	490
6843	448
6844	414
6845	410
6846	457
6847	460
6848	443
6849	511
6850	532
6851	441
6852	417
6853	471
6854	460
6855	466
6856	437
6857	454
6858	453
6859	530
6860	507
6861	431
6862	386
6863	392
6864	418
6865	442
6866	492
6867	493
6868	461
6869	354
6870	472
6871	379
6872	379
6873	446
6874	390
6875	445
6876	431
6877	464
6878	404
6879	418
6880	410
6881	442
6882	456
6883	393
6884	452
6885	453
6886	394
6887	390
6888	414
6889	446
6890	372
6891	375
6892	431
6893	476
6894	432
6895	478
6896	433
6897	403
6898	440
6899	459
6900	382
6901	417
6902	483
6903	416
6904	416
6905	375
6906	438
6907	416
6908	364
6909	421
6910	469
6911	390
6912	413
6913	396
6914	349
6915	433
6916	424
6917	443
6918	388
6919	433
6920	387
6921	435
6922	380
6923	359
6924	419
6925	435
6926	434
6927	453
6928	480
6929	501
6930	505
6931	450
6932	462
6933	460
6934	412
6935	420
6936	450
6937	411
6938	426
6939	453
6940	382
6941	545
6942	406
6943	422
6944	446
6945	402
6946	437
6947	456
6948	482
6949	471
6950	484
6951	495
6952	469
6953	471
6954	462
6955	401
6956	492
6957	464
6958	469
6959	432
6960	498
6961	451
6962	467
6963	520
6964	359
6965	472
6966	428
6967	447
6968	375
6969	428
6970	437
6971	541
6972	380
6973	457
6974	455
6975	512
6976	498
6977	467
6978	472
6979	417
6980	407
6981	438
6982	424
6983	413
6984	411
6985	452
6986	444
6987	435
6988	416
6989	444
6990	353
6991	428
6992	451
6993	418
6994	471
6995	480
6996	439
6997	354
6998	346
6999	417
7000	386
7001	446
7002	380
7003	396
7004	377
7005	400
7006	438
7007	473
7008	424
7009	486
7010	445
7011	463
7012	429
7013	410
7014	518
7015	439
7016	583
7017	471
7018	402
7019	437
7020	397
7021	394
7022	372
7023	452
7024	398
7025	461
7026	400
7027	443
7028	390
7029	391
7030	423
7031	436
7032	394
7033	411
7034	455
7035	358
7036	388
7037	463
7038	459
7039	360
7040	459
7041	413
7042	441
7043	425
7044	478
7045	455
7046	443
7047	449
7048	439
7049	424
7050	484
7051	503
7052	468
7053	426
7054	490
7055	526
7056	407
7057	463
7058	527
7059	450
7060	445
7061	448
7062	497
7063	573
7064	420
7065	558
7066	420
7067	534
7068	480
7069	458
7070	465
7071	501
7072	595
7073	409
7074	429
7075	452
7076	521
7077	456
7078	415
7079	409
7080	439
7081	415
7082	495
7083	497
7084	472
7085	418
7086	426
7087	436
7088	360
7089	438
7090	409
7091	442
7092	452
7093	437
7094	453
7095	485
7096	538
7097	465
7098	450
7099	470
7100	424
7101	478
7102	433
7103	387
7104	460
7105	457
7106	426
7107	442
7108	366
7109	399
7110	540
7111	456
7112	452
7113	432
7114	407
7115	430
7116	511
7117	423
7118	403
7119	408
7120	471
7121	382
7122	468
7123	474
7124	438
7125	377
7126	449
7127	468
7128	476
7129	458
7130	522
7131	404
7132	432
7133	406
7134	458
7135	428
7136	343
7137	437
7138	407
7139	372
7140	429
7141	413
7142	420
7143	457
7144	369
7145	376
7146	392
7147	400
7148	575
7149	440
7150	456
7151	400
7152	423
7153	433
7154	406
7155	420
7156	495
7157	419
7158	375
7159	430
7160	368
7161	402
7162	397
7163	438
7164	434
7165	446
7166	445
7167	424
7168	393
7169	413
7170	360
7171	390
7172	433
7173	444
7174	462
7175	446
7176	408
7177	374
7178	381
7179	445
7180	372
7181	422
7182	345
7183	394
7184	398
7185	365
7186	405
7187	469
7188	383
7189	438
7190	475
7191	334
7192	414
7193	422
7194	440
7195	464
7196	421
7197	482
7198	411
7199	475
7200	432
7201	485
7202	407
7203	413
7204	377
7205	424
7206	403
7207	433
7208	430
7209	439
7210	377
7211	388
7212	418
7213	376
7214	389
7215	423
7216	467
7217	410
7218	441
7219	427
7220	398
7221	385
7222	445
7223	408
7224	415
7225	448
7226	421
7227	444
7228	392
7229	436
7230	415
7231	348
7232	458
7233	425
7234	400
7235	412
7236	388
7237	436
7238	378
7239	495
7240	412
7241	455
7242	466
7243	363
7244	485
7245	376
7246	368
7247	470
7248	474
7249	467
7250	379
7251	361
7252	398
7253	437
7254	382
7255	405
7256	424
7257	410
7258	420
7259	393
7260	367
7261	435
7262	418
7263	447
7264	447
7265	406
7266	456
7267	438
7268	448
7269	424
7270	435
7271	433
7272	413
7273	364
7274	340
7275	389
7276	389
7277	396
7278	389
7279	417
7280	354
7281	369
7282	404
7283	450
7284	329
7285	410
7286	403
7287	457
7288	379
7289	457
7290	430
7291	514
7292	502
7293	414
7294	422
7295	341
7296	422
7297	412
7298	409
7299	377
7300	367
7301	391
7302	343
7303	437
7304	387
7305	386
7306	427
7307	407
7308	340
7309	412
7310	424
7311	382
7312	414
7313	360
7314	345
7315	460
7316	362
7317	451
7318	377
7319	347
7320	386
7321	429
7322	398
7323	379
7324	307
7325	407
7326	415
7327	350
7328	401
7329	363
7330	486
7331	389
7332	449
7333	414
7334	391
7335	402
7336	396
7337	389
7338	411
7339	398
7340	405
7341	383
7342	416
7343	407
7344	359
7345	341
7346	384
7347	365
7348	449
7349	443
7350	378
7351	457
7352	389
7353	403
7354	361
7355	347
7356	402
7357	364
7358	374
7359	377
7360	377
7361	325
7362	331
7363	362
7364	358
7365	376
7366	403
7367	442
7368	385
7369	433
7370	456
7371	347
7372	341
7373	355
7374	409
7375	405
7376	380
7377	416
7378	350
7379	399
7380	333
7381	366
7382	349
7383	417
7384	395
7385	405
7386	414
7387	347
7388	316
7389	380
7390	381
7391	348
7392	326
7393	440
7394	343
7395	335
7396	381
7397	387
7398	422
7399	418
7400	387
7401	363
7402	364
7403	414
7404	356
7405	434
7406	410
7407	362
7408	384
7409	411
7410	404
7411	346
7412	387
7413	408
7414	335
7415	405
7416	447
7417	469
7418	499
7419	470
7420	543
7421	425
7422	422
7423	294
7424	304
7425	411
7426	376
7427	410
7428	334
7429	289
7430	350
7431	331
7432	382
7433	351
7434	371
7435	386
7436	393
7437	393
7438	385
7439	367
7440	388
7441	349
7442	279
7443	335
7444	413
7445	348
7446	420
7447	342
7448	324
7449	307
7450	398
7451	318
7452	336
7453	354
7454	451
7455	369
7456	394
7457	337
7458	341
7459	354
7460	356
7461	336
7462	386
7463	416
7464	408
7465	361
7466	344
7467	410
7468	393
7469	307
7470	404
7471	330
7472	429
7473	373
7474	402
7475	419
7476	357
7477	412
7478	391
7479	490
7480	460
7481	355
7482	429
7483	434
7484	368
7485	401
7486	363
7487	395
7488	386
7489	377
7490	407
7491	344
7492	445
7493	347
7494	312
7495	346
7496	336
7497	406
7498	283
7499	383
7500	333
7501	312
7502	319
7503	451
7504	430
7505	348
7506	384
7507	365
7508	366
7509	372
7510	411
7511	402
7512	333
7513	361
7514	341
7515	353
7516	319
7517	357
7518	370
7519	403
7520	335
7521	409
7522	313
7523	428
7524	423
7525	356
7526	309
7527	366
7528	375
7529	322
7530	389
7531	369
7532	328
7533	384
7534	396
7535	353
7536	376
7537	405
7538	327
7539	390
7540	392
7541	350
7542	340
7543	337
7544	329
7545	332
7546	352
7547	328
7548	376
7549	352
7550	417
7551	363
7552	370
7553	415
7554	353
7555	332
7556	377
7557	375
7558	327
7559	330
7560	409
7561	328
7562	394
7563	397
7564	410
7565	322
7566	412
7567	412
7568	387
7569	425
7570	384
7571	321
7572	334
7573	386
7574	334
7575	355
7576	369
7577	312
7578	438
7579	369
7580	388
7581	371
7582	375
7583	362
7584	373
7585	349
7586	385
7587	389
7588	283
7589	441
7590	324
7591	373
7592	428
7593	278
7594	380
7595	394
7596	334
7597	345
7598	448
7599	370
7600	385
7601	332
7602	387
7603	367
7604	381
7605	295
7606	351
7607	400
7608	387
7609	344
7610	269
7611	261
7612	338
7613	353
7614	407
7615	336
7616	326
7617	299
7618	335
7619	354
7620	360
7621	293
7622	374
7623	351
7624	307
7625	327
7626	396
7627	336
7628	335
7629	374
7630	326
7631	358
7632	281
7633	312
7634	303
7635	308
7636	306
7637	306
7638	303
7639	385
7640	377
7641	326
7642	268
7643	278
7644	343
7645	386
7646	373
7647	305
7648	383
7649	420
7650	375
7651	303
7652	371
7653	387
7654	359
7655	399
7656	356
7657	385
7658	313
7659	389
7660	267
7661	308
7662	367
7663	381
7664	387
7665	363
7666	341
7667	337
7668	376
7669	346
7670	346
7671	334
7672	339
7673	352
7674	340
7675	352
7676	316
7677	344
7678	357
7679	370
7680	373
7681	360
7682	327
7683	442
7684	367
7685	351
7686	336
7687	385
7688	393
7689	387
7690	307
7691	302
7692	321
7693	272
7694	330
7695	394
7696	330
7697	318
7698	354
7699	327
7700	304
7701	308
7702	325
7703	348
7704	308
7705	283
7706	315
7707	300
7708	327
7709	320
7710	359
7711	310
7712	377
7713	310
7714	363
7715	305
7716	383
7717	374
7718	360
7719	340
7720	334
7721	356
7722	372
7723	311
7724	300
7725	363
7726	380
7727	338
7728	341
7729	346
7730	314
7731	327
7732	318
7733	414
7734	332
7735	302
7736	328
7737	377
7738	354
7739	314
7740	382
7741	307
7742	291
7743	370
7744	327
7745	369
7746	294
7747	306
7748	363
7749	346
7750	345
7751	298
7752	287
7753	313
7754	296
7755	336
7756	339
7757	340
7758	365
7759	358
7760	341
7761	358
7762	366
7763	359
7764	296
7765	334
7766	284
7767	341
7768	351
7769	351
7770	304
7771	355
7772	368
7773	393
7774	412
7775	325
7776	331
7777	399
7778	308
7779	324
7780	376
7781	347
7782	377
7783	350
7784	313
7785	363
7786	329
7787	332
7788	315
7789	336
7790	265
7791	324
7792	368
7793	320
7794	344
7795	315
7796	331
7797	425
7798	341
7799	386
7800	400
7801	273
7802	447
7803	325
7804	309
7805	354
7806	330
7807	387
7808	316
7809	330
7810	346
7811	330
7812	271
7813	313
7814	385
7815	308
7816	440
7817	348
7818	288
7819	312
7820	387
7821	372
7822	355
7823	321
7824	375
7825	317
7826	361
7827	327
7828	338
7829	376
7830	344
7831	320
7832	327
7833	344
7834	336
7835	310
7836	366
7837	320
7838	272
7839	283
7840	394
7841	357
7842	395
7843	381
7844	338
7845	343
7846	380
7847	407
7848	331
7849	349
7850	335
7851	310
7852	290
7853	392
7854	341
7855	365
7856	314
7857	347
7858	320
7859	337
7860	438
7861	373
7862	378
7863	391
7864	375
7865	305
7866	332
7867	320
7868	342
7869	395
7870	313
7871	346
7872	327
7873	471
7874	330
7875	352
7876	399
7877	326
7878	397
7879	375
7880	337
7881	339
7882	382
7883	362
7884	388
7885	365
7886	372
7887	390
7888	367
7889	398
7890	350
7891	334
7892	337
7893	366
7894	387
7895	366
7896	389
7897	298
7898	342
7899	381
7900	396
7901	391
7902	365
7903	366
7904	392
7905	409
7906	444
7907	385
7908	362
7909	405
7910	427
7911	384
7912	375
7913	356
7914	374
7915	421
7916	389
7917	441
7918	433
7919	429
7920	352
7921	459
7922	428
7923	454
7924	390
7925	458
7926	374
7927	415
7928	413
7929	409
7930	395
7931	427
7932	309
7933	444
7934	417
7935	445
7936	375
7937	359
7938	393
7939	377
7940	351
7941	404
7942	400
7943	347
7944	397
7945	401
7946	404
7947	360
7948	368
7949	327
7950	359
7951	341
7952	410
7953	326
7954	355
7955	405
7956	372
7957	444
7958	422
7959	338
7960	377
7961	371
7962	388
7963	434
7964	384
7965	420
7966	352
7967	409
7968	330
7969	395
7970	368
7971	375
7972	381
7973	379
7974	391
7975	356
7976	439
7977	426
7978	412
7979	367
7980	337
7981	434
7982	398
7983	396
7984	357
7985	370
7986	316
7987	385
7988	330
7989	377
7990	323
7991	340
7992	322
7993	345
7994	437
7995	359
7996	352
7997	396
7998	307
7999	314
8000	338
8001	339
8002	363
8003	325
8004	357
8005	360
8006	350
8007	336
8008	295
8009	323
8010	272
8011	325
8012	333
8013	374
8014	373
8015	350
8016	404
8017	295
8018	250
8019	372
8020	371
8021	345
8022	292
8023	430
8024	336
8025	330
8026	425
8027	337
8028	351
8029	372
8030	313
8031	360
8032	354
8033	366
8034	309
8035	390
8036	330
8037	338
8038	384
8039	401
8040	354
8041	345
8042	405
8043	407
8044	360
8045	386
8046	428
8047	395
8048	422
8049	390
8050	396
8051	349
8052	403
8053	379
8054	417
8055	369
8056	341
8057	435
8058	448
8059	425
8060	359
8061	411
8062	357
8063	413
8064	455
8065	398
8066	387
8067	498
8068	499
8069	449
8070	406
8071	497
8072	399
8073	443
8074	445
8075	418
8076	528
8077	515
8078	426
8079	355
8080	387
8081	420
8082	389
8083	503
8084	411
8085	478
8086	409
8087	415
8088	413
8089	385
8090	311
8091	361
8092	362
8093	502
8094	462
8095	445
8096	452
8097	387
8098	430
8099	461
8100	392
8101	481
8102	426
8103	400
8104	405
8105	403
8106	399
8107	385
8108	458
8109	418
8110	414
8111	430
8112	448
8113	405
8114	495
8115	412
8116	446
8117	492
8118	348
8119	395
8120	362
8121	476
8122	402
8123	406
8124	471
8125	504
8126	461
8127	456
8128	451
8129	406
8130	457
8131	508
8132	433
8133	486
8134	465
8135	403
8136	357
8137	436
8138	365
8139	449
8140	450
8141	421
8142	427
8143	504
8144	449
8145	399
8146	377
8147	422
8148	452
8149	465
8150	405
8151	430
8152	454
8153	454
8154	353
8155	397
8156	405
8157	446
8158	413
8159	401
8160	419
8161	442
8162	382
8163	398
8164	353
8165	371
8166	388
8167	423
8168	376
8169	378
8170	343
8171	367
8172	435
8173	332
8174	427
8175	381
8176	387
8177	458
8178	359
8179	477
8180	408
8181	386
8182	347
8183	347
8184	297
8185	346
8186	334
8187	382
8188	336
8189	332
8190	406
8191	331
8192	323
8193	402
8194	402
8195	341
8196	349
8197	355
8198	349
8199	333
8200	394
8201	361
8202	425
8203	337
8204	412
8205	418
8206	316
8207	317
8208	380
8209	358
8210	347
8211	325
8212	413
8213	393
8214	341
8215	385
8216	348
8217	364
8218	339
8219	314
8220	334
8221	336
8222	360
8223	352
8224	347
8225	287
8226	398
8227	353
8228	347
8229	342
8230	373
8231	371
8232	391
8233	358
8234	362
8235	397
8236	402
8237	420
8238	361
8239	310
8240	273
8241	425
8242	329
8243	368
8244	386
8245	331
8246	366
8247	340
8248	363
8249	352
8250	457
8251	384
8252	375
8253	412
8254	314
8255	335
8256	354
8257	323
8258	344
8259	353
8260	331
8261	301
8262	399
8263	353
8264	352
8265	354
8266	360
8267	402
8268	376
8269	368
8270	370
8271	321
8272	310
8273	298
8274	300
8275	311
8276	306
8277	334
8278	390
8279	379
8280	371
8281	334
8282	340
8283	326
8284	352
8285	365
8286	343
8287	329
8288	318
8289	260
8290	359
8291	345
8292	333
8293	286
8294	379
8295	339
8296	361
8297	347
8298	331
8299	340
8300	334
8301	345
8302	441
8303	421
8304	337
8305	338
8306	302
8307	363
8308	365
8309	337
8310	283
8311	382
8312	409
8313	379
8314	335
8315	397
8316	337
8317	353
8318	409
8319	320
8320	398
8321	350
8322	361
8323	399
8324	414
8325	363
8326	353
8327	368
8328	393
8329	345
8330	349
8331	338
8332	343
8333	297
8334	324
8335	480
8336	333
8337	372
8338	334
8339	419
8340	296
8341	394
8342	386
8343	377
8344	358
8345	444
8346	308
8347	362
8348	404
8349	378
8350	359
8351	332
8352	368
8353	417
8354	322
8355	325
8356	433
8357	342
8358	389
8359	356
8360	320
8361	376
8362	322
8363	406
8364	349
8365	428
8366	312
8367	455
8368	439
8369	416
8370	406
8371	416
8372	458
8373	363
8374	414
8375	297
8376	388
8377	347
8378	333
8379	357
8380	288
8381	373
8382	315
8383	340
8384	355
8385	312
8386	372
8387	323
8388	319
8389	397
8390	329
8391	294
8392	377
8393	315
8394	331
8395	364
8396	388
8397	309
8398	322
8399	284
8400	410
8401	315
8402	315
8403	322
8404	309
8405	331
8406	341
8407	375
8408	296
8409	404
8410	373
8411	424
8412	407
8413	307
8414	349
8415	339
8416	346
8417	359
8418	395
8419	423
8420	334
8421	294
8422	358
8423	418
8424	377
8425	354
8426	355
8427	345
8428	341
8429	396
8430	404
8431	373
8432	312
8433	342
8434	310
8435	420
8436	306
8437	370
8438	419
8439	384
8440	328
8441	432
8442	400
8443	329
8444	361
8445	370
8446	328
8447	322
8448	258
8449	274
8450	422
8451	342
8452	413
8453	378
8454	309
8455	355
8456	328
8457	374
8458	307
8459	277
8460	343
8461	370
8462	313
8463	403
8464	246
8465	303
8466	340
8467	301
8468	363
8469	304
8470	327
8471	270
8472	300
8473	378
8474	316
8475	279
8476	347
8477	289
8478	266
8479	279
8480	340
8481	326
8482	269
8483	333
8484	324
8485	325
8486	268
8487	378
8488	324
8489	300
8490	305
8491	251
8492	311
8493	278
8494	326
8495	328
8496	274
8497	269
8498	359
8499	333
8500	271
8501	285
8502	324
8503	315
8504	298
8505	331
8506	280
8507	356
8508	331
8509	338
8510	266
8511	266
8512	346
8513	339
8514	252
8515	343
8516	321
8517	291
8518	282
8519	311
8520	345
8521	353
8522	311
8523	320
8524	340
8525	334
8526	357
8527	360
8528	458
8529	373
8530	362
8531	328
8532	262
8533	350
8534	373
8535	318
8536	310
8537	364
8538	315
8539	247
8540	251
8541	332
8542	333
8543	353
8544	305
8545	240
8546	321
8547	323
8548	323
8549	295
8550	293
8551	308
8552	322
8553	300
8554	314
8555	319
8556	308
8557	299
8558	270
8559	292
8560	334
8561	313
8562	329
8563	302
8564	289
8565	332
8566	246
8567	282
8568	281
8569	310
8570	283
8571	362
8572	349
8573	303
8574	319
8575	226
8576	286
8577	275
8578	271
8579	221
8580	269
8581	280
8582	193
8583	297
8584	243
8585	351
8586	281
8587	263
8588	304
8589	247
8590	319
8591	256
8592	319
8593	211
8594	208
8595	292
8596	259
8597	306
8598	289
8599	262
8600	262
8601	262
8602	252
8603	257
8604	295
8605	276
8606	279
8607	243
8608	267
8609	251
8610	279
8611	273
8612	255
8613	283
8614	224
8615	308
8616	270
8617	231
8618	254
8619	245
8620	247
8621	256
8622	230
8623	315
8624	287
8625	269
8626	250
8627	248
8628	327
8629	252
8630	357
8631	226
8632	222
8633	279
8634	235
8635	277
8636	256
8637	247
8638	258
8639	218
8640	275
8641	289
8642	243
8643	246
8644	254
8645	250
8646	265
8647	265
8648	277
8649	259
8650	290
8651	297
8652	285
8653	280
8654	260
8655	285
8656	225
8657	262
8658	285
8659	241
8660	285
8661	195
8662	213
8663	249
8664	300
8665	250
8666	244
8667	266
8668	215
8669	277
8670	299
8671	232
8672	242
8673	269
8674	223
8675	301
8676	265
8677	226
8678	244
8679	288
8680	280
8681	256
8682	310
8683	276
8684	269
8685	193
8686	238
8687	303
8688	229
8689	228
8690	223
8691	236
8692	189
8693	267
8694	239
8695	285
8696	242
8697	256
8698	244
8699	279
8700	242
8701	288
8702	268
8703	226
8704	228
8705	333
8706	297
8707	244
8708	285
8709	275
8710	267
8711	258
8712	271
8713	301
8714	292
8715	335
8716	302
8717	240
8718	261
8719	290
8720	272
8721	251
8722	258
8723	310
8724	280
8725	331
8726	286
8727	308
8728	300
8729	320
8730	326
8731	231
8732	300
8733	282
8734	348
8735	260
8736	239
8737	302
8738	338
8739	283
8740	298
8741	298
8742	240
8743	241
8744	325
8745	250
8746	339
8747	275
8748	319
8749	288
8750	287
8751	325
8752	319
8753	296
8754	318
8755	322
8756	310
8757	320
8758	319
8759	291
8760	334
8761	335
8762	310
8763	365
8764	313
8765	268
8766	287
8767	347
8768	299
8769	275
8770	303
8771	274
8772	303
8773	326
8774	299
8775	313
8776	310
8777	317
8778	363
8779	339
8780	399
8781	311
8782	293
8783	301
8784	333
8785	357
8786	326
8787	301
8788	328
8789	305
8790	300
8791	372
8792	368
8793	316
8794	333
8795	376
8796	299
8797	319
8798	291
8799	373
8800	397
8801	339
8802	367
8803	368
8804	306
8805	255
8806	319
8807	283
8808	323
8809	290
8810	333
8811	259
8812	420
8813	367
8814	375
8815	311
8816	331
8817	294
8818	395
8819	302
8820	356
8821	338
8822	337
8823	348
8824	313
8825	363
8826	336
8827	303
8828	315
8829	324
8830	314
8831	358
8832	292
8833	391
8834	279
8835	293
8836	326
8837	324
8838	328
8839	242
8840	295
8841	351
8842	314
8843	320
8844	329
8845	296
8846	265
8847	312
8848	282
8849	309
8850	351
8851	247
8852	321
8853	259
8854	324
8855	265
8856	346
8857	325
8858	310
8859	299
8860	319
8861	362
8862	272
8863	251
8864	313
8865	329
8866	295
8867	309
8868	345
8869	344
8870	355
8871	327
8872	279
8873	346
8874	340
8875	331
8876	285
8877	372
8878	276
8879	279
8880	291
8881	266
8882	318
8883	273
8884	303
8885	326
8886	272
8887	256
8888	288
8889	292
8890	246
8891	309
8892	286
8893	302
8894	217
8895	315
8896	304
8897	233
8898	263
8899	269
8900	288
8901	209
8902	283
8903	252
8904	288
8905	283
8906	277
8907	255
8908	278
8909	311
8910	323
8911	239
8912	283
8913	233
8914	285
8915	364
8916	322
8917	244
8918	287
8919	261
8920	297
8921	299
8922	257
8923	237
8924	267
8925	320
8926	297
8927	265
8928	305
8929	258
8930	313
8931	247
8932	227
8933	230
8934	238
8935	288
8936	302
8937	268
8938	283
8939	232
8940	288
8941	249
8942	321
8943	310
8944	263
8945	261
8946	245
8947	236
8948	251
8949	267
8950	248
8951	250
8952	220
8953	239
8954	231
8955	262
8956	283
8957	309
8958	255
8959	236
8960	288
8961	287
8962	211
8963	275
8964	231
8965	271
8966	280
8967	291
8968	303
8969	221
8970	228
8971	231
8972	259
8973	289
8974	240
8975	228
8976	259
8977	234
8978	213
8979	254
8980	247
8981	237
8982	278
8983	310
8984	287
8985	288
8986	217
8987	211
8988	214
8989	287
8990	260
8991	257
8992	244
8993	213
8994	243
8995	253
8996	239
8997	255
8998	275
8999	279
9000	279
9001	270
9002	224
9003	231
9004	255
9005	270
9006	251
9007	236
9008	256
9009	216
9010	285
9011	248
9012	253
9013	250
9014	302
9015	312
9016	232
9017	223
9018	264
9019	243
9020	243
9021	286
9022	240
9023	289
9024	255
9025	242
9026	257
9027	224
9028	241
9029	268
9030	237
9031	234
9032	285
9033	236
9034	280
9035	215
9036	231
9037	228
9038	223
9039	228
9040	248
9041	230
9042	227
9043	295
9044	282
9045	241
9046	285
9047	220
9048	270
9049	266
9050	199
9051	208
9052	227
9053	269
9054	246
9055	244
9056	285
9057	211
9058	231
9059	240
9060	316
9061	266
9062	303
9063	208
9064	228
9065	245
9066	250
9067	267
9068	209
9069	259
9070	255
9071	238
9072	245
9073	248
9074	233
9075	261
9076	197
9077	250
9078	217
9079	242
9080	220
9081	255
9082	211
9083	222
9084	222
9085	226
9086	198
9087	226
9088	241
9089	275
9090	284
9091	194
9092	292
9093	259
9094	234
9095	265
9096	311
9097	262
9098	273
9099	216
9100	274
9101	218
9102	272
9103	258
9104	248
9105	256
9106	240
9107	252
9108	263
9109	305
9110	250
9111	248
9112	326
9113	244
9114	280
9115	233
9116	243
9117	291
9118	283
9119	236
9120	199
9121	266
9122	239
9123	275
9124	198
9125	254
9126	271
9127	285
9128	220
9129	257
9130	246
9131	278
9132	234
9133	239
9134	276
9135	277
9136	332
9137	325
9138	272
9139	302
9140	251
9141	279
9142	243
9143	260
9144	255
9145	248
9146	249
9147	283
9148	281
9149	255
9150	303
9151	245
9152	244
9153	266
9154	264
9155	239
9156	195
9157	270
9158	291
9159	205
9160	240
9161	224
9162	295
9163	208
9164	235
9165	263
9166	228
9167	237
9168	266
9169	246
9170	229
9171	281
9172	287
9173	250
9174	219
9175	225
9176	269
9177	227
9178	245
9179	239
9180	249
9181	225
9182	226
9183	215
9184	223
9185	216
9186	208
9187	273
9188	232
9189	205
9190	234
9191	260
9192	245
9193	269
9194	304
9195	277
9196	214
9197	316
9198	247
9199	228
9200	240
9201	197
9202	272
9203	250
9204	242
9205	226
9206	289
9207	294
9208	255
9209	255
9210	324
9211	218
9212	265
9213	252
9214	277
9215	256
9216	306
9217	241
9218	269
9219	236
9220	263
9221	255
9222	272
9223	251
9224	279
9225	267
9226	259
9227	240
9228	209
9229	271
9230	294
9231	243
9232	295
9233	228
9234	279
9235	244
9236	230
9237	206
9238	296
9239	321
9240	272
9241	293
9242	240
9243	255
9244	251
9245	242
9246	269
9247	244
9248	266
9249	280
9250	307
9251	293
9252	300
9253	332
9254	213
9255	260
9256	299
9257	307
9258	280
9259	271
9260	260
9261	300
9262	296
9263	294
9264	330
9265	247
9266	333
9267	392
9268	308
9269	309
9270	247
9271	361
9272	261
9273	270
9274	318
9275	294
9276	258
9277	300
9278	315
9279	273
9280	240
9281	292
9282	274
9283	286
9284	257
9285	273
9286	218
9287	322
9288	296
9289	239
9290	293
9291	315
9292	301
9293	235
9294	305
9295	249
9296	242
9297	327
9298	290
9299	304
9300	257
9301	270
9302	262
9303	327
9304	301
9305	347
9306	243
9307	286
9308	239
9309	263
9310	284
9311	251
9312	247
9313	253
9314	294
9315	234
9316	323
9317	253
9318	300
9319	232
9320	244
9321	247
9322	249
9323	250
9324	272
9325	227
9326	229
9327	260
9328	244
9329	314
9330	246
9331	268
9332	218
9333	311
9334	219
9335	230
9336	240
9337	246
9338	201
9339	311
9340	235
9341	229
9342	234
9343	218
9344	212
9345	295
9346	226
9347	232
9348	209
9349	275
9350	287
9351	190
9352	299
9353	265
9354	272
9355	228
9356	248
9357	224
9358	272
9359	257
9360	233
9361	233
9362	192
9363	236
9364	240
9365	201
9366	249
9367	251
9368	194
9369	273
9370	261
9371	238
9372	287
9373	265
9374	251
9375	269
9376	258
9377	285
9378	216
9379	244
9380	308
9381	203
9382	257
9383	225
9384	266
9385	233
9386	235
9387	255
9388	231
9389	183
9390	276
9391	224
9392	217
9393	196
9394	205
9395	223
9396	233
9397	286
9398	220
9399	204
9400	254
9401	266
9402	227
9403	244
9404	218
9405	230
9406	278
9407	229
9408	246
9409	256
9410	257
9411	290
9412	304
9413	238
9414	252
9415	264
9416	227
9417	261
9418	241
9419	289
9420	234
9421	268
9422	256
9423	253
9424	196
9425	226
9426	229
9427	221
9428	194
9429	231
9430	211
9431	223
9432	194
9433	248
9434	277
9435	218
9436	260
9437	263
9438	264
9439	254
9440	245
9441	282
9442	310
9443	257
9444	248
9445	271
9446	249
9447	259
9448	237
9449	215
9450	252
9451	257
9452	249
9453	225
9454	258
9455	278
9456	331
9457	252
9458	197
9459	329
9460	279
9461	257
9462	299
9463	364
9464	256
9465	264
9466	363
9467	327
9468	256
9469	317
9470	252
9471	300
9472	285
9473	242
9474	238
9475	239
9476	304
9477	299
9478	297
9479	269
9480	222
9481	277
9482	224
9483	266
9484	201
9485	251
9486	250
9487	302
9488	205
9489	261
9490	245
9491	236
9492	206
9493	272
9494	267
9495	249
9496	219
9497	286
9498	252
9499	217
9500	316
9501	199
9502	284
9503	288
9504	247
9505	251
9506	259
9507	285
9508	298
9509	281
9510	194
9511	221
9512	221
9513	239
9514	181
9515	236
9516	277
9517	222
9518	266
9519	224
9520	192
9521	277
9522	213
9523	245
9524	278
9525	236
9526	225
9527	239
9528	254
9529	262
9530	212
9531	212
9532	225
9533	267
9534	227
9535	230
9536	231
9537	253
9538	247
9539	238
9540	215
9541	242
9542	297
9543	264
9544	259
9545	206
9546	237
9547	249
9548	268
9549	267
9550	252
9551	235
9552	289
9553	302
9554	286
9555	249
9556	223
9557	233
9558	213
9559	238
9560	227
9561	218
9562	290
9563	297
9564	192
9565	299
9566	249
9567	253
9568	260
9569	223
9570	228
9571	246
9572	304
9573	300
9574	224
9575	261
9576	207
9577	217
9578	210
9579	239
9580	239
9581	263
9582	225
9583	237
9584	185
9585	237
9586	251
9587	253
9588	257
9589	256
9590	219
9591	196
9592	249
9593	210
9594	262
9595	205
9596	244
9597	242
9598	259
9599	233
9600	282
9601	239
9602	253
9603	278
9604	250
9605	244
9606	217
9607	263
9608	266
9609	273
9610	324
9611	342
9612	285
9613	277
9614	273
9615	264
9616	289
9617	257
9618	308
9619	328
9620	289
9621	259
9622	307
9623	306
9624	292
9625	338
9626	254
9627	303
9628	335
9629	315
9630	289
9631	282
9632	338
9633	270
9634	292
9635	274
9636	257
9637	245
9638	317
9639	336
9640	368
9641	221
9642	268
9643	258
9644	360
9645	244
9646	270
9647	232
9648	272
9649	248
9650	229
9651	216
9652	283
9653	253
9654	260
9655	260
9656	250
9657	244
9658	272
9659	239
9660	254
9661	248
9662	275
9663	269
9664	298
9665	273
9666	266
9667	273
9668	274
9669	288
9670	287
9671	255
9672	214
9673	275
9674	255
9675	274
9676	209
9677	227
9678	268
9679	267
9680	278
9681	217
9682	246
9683	213
9684	262
9685	209
9686	213
9687	261
9688	217
9689	230
9690	170
9691	279
9692	244
9693	272
9694	235
9695	242
9696	240
9697	243
9698	284
9699	281
9700	228
9701	231
9702	229
9703	207
9704	229
9705	303
9706	241
9707	227
9708	209
9709	208
9710	302
9711	288
9712	266
9713	271
9714	218
9715	218
9716	191
9717	290
9718	254
9719	258
9720	304
9721	267
9722	212
9723	188
9724	238
9725	273
9726	223
9727	247
9728	230
9729	216
9730	281
9731	225
9732	266
9733	248
9734	248
9735	212
9736	208
9737	189
9738	257
9739	252
9740	236
9741	291
9742	179
9743	216
9744	233
9745	190
9746	247
9747	217
9748	230
9749	222
9750	262
9751	235
9752	274
9753	237
9754	222
9755	244
9756	276
9757	272
9758	260
9759	218
9760	221
9761	214
9762	168
9763	248
9764	229
9765	229
9766	197
9767	246
9768	231
9769	204
9770	306
9771	252
9772	224
9773	282
9774	256
9775	253
9776	280
9777	265
9778	305
9779	256
9780	277
9781	192
9782	253
9783	282
9784	220
9785	252
9786	246
9787	255
9788	343
9789	265
9790	316
9791	236
9792	315
9793	282
9794	281
9795	350
9796	267
9797	283
9798	285
9799	218
9800	284
9801	285
9802	291
9803	248
9804	247
9805	246
9806	264
9807	224
9808	284
9809	243
9810	269
9811	270
9812	274
9813	271
9814	272
9815	313
9816	282
9817	342
9818	263
9819	302
9820	241
9821	252
9822	306
9823	242
9824	284
9825	259
9826	249
9827	261
9828	287
9829	285
9830	248
9831	281
9832	281
9833	259
9834	236
9835	318
9836	238
9837	316
9838	240
9839	250
9840	302
9841	257
9842	308
9843	236
9844	299
9845	283
9846	336
9847	335
9848	262
9849	306
9850	237
9851	275
9852	240
9853	244
9854	305
9855	334
9856	297
9857	290
9858	248
9859	286
9860	296
9861	278
9862	327
9863	260
9864	317
9865	288
9866	371
9867	240
9868	313
9869	345
9870	338
9871	322
9872	332
9873	296
9874	285
9875	286
9876	322
9877	241
9878	240
9879	248
9880	254
9881	269
9882	246
9883	280
9884	243
9885	284
9886	253
9887	276
9888	329
9889	312
9890	293
9891	327
9892	291
9893	273
9894	294
9895	281
9896	272
9897	268
9898	310
9899	322
9900	308
9901	300
9902	302
9903	283
9904	278
9905	264
9906	306
9907	336
9908	323
9909	275
9910	320
9911	319
9912	318
9913	283
9914	256
9915	316
9916	308
9917	319
9918	280
9919	314
9920	272
9921	260
9922	334
9923	341
9924	307
9925	323
9926	251
9927	266
9928	280
9929	251
9930	382
9931	298
9932	276
9933	276
9934	323
9935	292
9936	245
9937	360
9938	332
9939	262
9940	369
9941	254
9942	289
9943	273
9944	315
9945	294
9946	294
9947	290
9948	271
9949	267
9950	250
9951	288
9952	343
9953	268
9954	232
9955	239
9956	235
9957	259
9958	256
9959	307
9960	253
9961	370
9962	301
9963	352
9964	231
9965	353
9966	312
9967	301
9968	302
9969	317
9970	289
9971	314
9972	271
9973	219
9974	304
9975	259
9976	233
9977	263
9978	314
9979	221
9980	178
9981	334
9982	288
9983	272
9984	309
9985	296
9986	287
9987	286
9988	258
9989	242
9990	289
9991	308
9992	246
9993	311
9994	244
9995	242
9996	211
9997	277
9998	223
9999	284
10000	257
10001	250
10002	257
10003	235
10004	189
10005	255
10006	205
10007	280
10008	234
10009	309
10010	231
10011	251
10012	265
10013	238
10014	304
10015	268
10016	201
10017	268
10018	195
10019	234
10020	182
10021	256
10022	238
10023	286
10024	210
10025	257
10026	254
10027	221
10028	203
10029	269
10030	245
10031	226
10032	248
10033	221
10034	221
10035	205
10036	194
10037	210
10038	224
10039	200
10040	209
10041	215
10042	206
10043	233
10044	234
10045	229
10046	220
10047	241
10048	266
10049	232
10050	184
10051	180
10052	208
10053	211
10054	218
10055	241
10056	230
10057	261
10058	220
10059	203
10060	228
10061	230
10062	245
10063	232
10064	236
10065	281
10066	288
10067	258
10068	236
10069	334
10070	296
10071	230
10072	207
10073	228
10074	198
10075	257
10076	226
10077	251
10078	268
10079	241
10080	270
10081	262
10082	257
10083	228
10084	221
10085	281
10086	234
10087	236
10088	328
10089	236
10090	232
10091	223
10092	292
10093	253
10094	216
10095	267
10096	206
10097	245
10098	236
10099	206
10100	257
10101	270
10102	337
10103	235
10104	238
10105	246
10106	244
10107	295
10108	268
10109	260
10110	196
10111	239
10112	345
10113	282
10114	287
10115	295
10116	253
10117	250
10118	259
10119	222
10120	261
10121	282
10122	244
10123	240
10124	290
10125	280
10126	267
10127	240
10128	255
10129	221
10130	238
10131	215
10132	231
10133	206
10134	231
10135	188
10136	216
10137	241
10138	224
10139	207
10140	204
10141	256
10142	214
10143	237
10144	250
10145	227
10146	231
10147	240
10148	224
10149	224
10150	212
10151	242
10152	250
10153	259
10154	231
10155	237
10156	213
10157	228
10158	293
10159	229
10160	242
10161	222
10162	260
10163	288
10164	260
10165	209
10166	254
10167	233
10168	252
10169	253
10170	218
10171	250
10172	213
10173	246
10174	271
10175	274
10176	239
10177	244
10178	290
10179	272
10180	277
10181	257
10182	236
10183	277
10184	218
10185	232
10186	293
10187	225
10188	203
10189	214
10190	278
10191	208
10192	229
10193	255
10194	225
10195	257
10196	224
10197	233
10198	190
10199	239
10200	253
10201	208
10202	221
10203	240
10204	246
10205	264
10206	255
10207	216
10208	260
10209	278
10210	212
10211	303
10212	265
10213	312
10214	288
10215	258
10216	215
10217	256
10218	244
10219	287
10220	216
10221	276
10222	263
10223	259
10224	242
10225	240
10226	229
10227	229
10228	268
10229	257
10230	221

