## htsjdk.samtools.metrics.StringHeader
# CollectInsertSizeMetrics HISTOGRAM_FILE=/work/ugbogu/pipeline/data/nbl/GSE189367/results/picard/SRR17010984_insert_size_histogram.pdf MINIMUM_PCT=0.5 INPUT=/work/ugbogu/pipeline/data/nbl/GSE189367/results/star/SRR17010984.Aligned.sortedByCoord.out.bam OUTPUT=/work/ugbogu/pipeline/data/nbl/GSE189367/results/picard/SRR17010984_insert_size_metrics.txt    DEVIATIONS=10.0 METRIC_ACCUMULATION_LEVEL=[ALL_READS] INCLUDE_DUPLICATES=false ASSUME_SORTED=true STOP_AFTER=0 VERBOSITY=INFO QUIET=false VALIDATION_STRINGENCY=STRICT COMPRESSION_LEVEL=5 MAX_RECORDS_IN_RAM=500000 CREATE_INDEX=false CREATE_MD5_FILE=false USE_JDK_DEFLATER=false USE_JDK_INFLATER=false
## htsjdk.samtools.metrics.StringHeader
# Started on: Fri Apr 10 13:37:05 UTC 2026

## METRICS CLASS	picard.analysis.InsertSizeMetrics
MEDIAN_INSERT_SIZE	MODE_INSERT_SIZE	MEDIAN_ABSOLUTE_DEVIATION	MIN_INSERT_SIZE	MAX_INSERT_SIZE	MEAN_INSERT_SIZE	STANDARD_DEVIATION	READ_PAIRS	PAIR_ORIENTATION	WIDTH_OF_10_PERCENT	WIDTH_OF_20_PERCENT	WIDTH_OF_30_PERCENT	WIDTH_OF_40_PERCENT	WIDTH_OF_50_PERCENT	WIDTH_OF_60_PERCENT	WIDTH_OF_70_PERCENT	WIDTH_OF_80_PERCENT	WIDTH_OF_90_PERCENT	WIDTH_OF_95_PERCENT	WIDTH_OF_99_PERCENT	SAMPLE	LIBRARY	READ_GROUP
633	133	509	24	2794418	1060.521916	1355.294869	32760791	FR	525	779	895	965	1019	1469	3815	8339	22859	66433	154445			

## HISTOGRAM	java.lang.Integer
insert_size	All_Reads.fr_count
24	1
25	4
26	1
27	3
28	6
29	1
30	3
31	7
32	5
33	9
34	33
35	312
36	360
37	369
38	303
39	392
40	391
41	388
42	430
43	383
44	481
45	462
46	491
47	478
48	487
49	639
50	579
51	699
52	627
53	670
54	674
55	717
56	854
57	907
58	1063
59	1146
60	1183
61	1299
62	1442
63	1592
64	1638
65	1642
66	1886
67	2201
68	2502
69	2657
70	2916
71	3488
72	3504
73	4351
74	4488
75	8952
76	5672
77	6027
78	7309
79	7235
80	7638
81	9155
82	9376
83	10657
84	11170
85	12127
86	13419
87	14738
88	16011
89	17468
90	19232
91	21002
92	23255
93	24764
94	27200
95	29871
96	32883
97	35830
98	38096
99	41727
100	43362
101	45765
102	48512
103	51427
104	56158
105	59409
106	61979
107	65720
108	67898
109	71931
110	74388
111	75608
112	79062
113	82419
114	84917
115	87530
116	92185
117	94105
118	99670
119	99381
120	101902
121	107514
122	107758
123	112288
124	114110
125	112088
126	110880
127	113376
128	113232
129	112703
130	115621
131	115253
132	116475
133	120410
134	120025
135	118606
136	119901
137	119328
138	118886
139	119016
140	117621
141	117928
142	116506
143	116035
144	115619
145	115573
146	113112
147	113055
148	113876
149	113422
150	109578
151	111329
152	108522
153	107839
154	106648
155	107140
156	104896
157	104313
158	102803
159	101004
160	101925
161	99632
162	98875
163	97903
164	95360
165	93534
166	93558
167	93622
168	91373
169	90861
170	90530
171	87506
172	86649
173	85953
174	83957
175	84389
176	83321
177	81151
178	80984
179	79618
180	78509
181	78288
182	77208
183	74848
184	74050
185	73329
186	72429
187	72519
188	72074
189	69654
190	69172
191	69275
192	67453
193	67245
194	66367
195	65501
196	63408
197	63427
198	62470
199	60978
200	60799
201	59299
202	60181
203	59320
204	58421
205	57967
206	56447
207	56042
208	56074
209	54850
210	54239
211	52855
212	53559
213	52617
214	51725
215	51401
216	49920
217	50128
218	49230
219	48412
220	48405
221	48488
222	47344
223	46973
224	46966
225	45213
226	45759
227	45226
228	44131
229	44205
230	43693
231	43152
232	43014
233	42807
234	41357
235	41780
236	40395
237	40706
238	40165
239	38797
240	38522
241	38260
242	37010
243	38347
244	37234
245	36639
246	36494
247	35162
248	35905
249	34501
250	34770
251	34764
252	34474
253	33483
254	33831
255	33800
256	32681
257	32242
258	32224
259	31289
260	31349
261	30957
262	31192
263	30778
264	30152
265	30059
266	29127
267	29426
268	29172
269	28670
270	28298
271	28180
272	27511
273	27351
274	27581
275	27534
276	26088
277	26289
278	26387
279	25815
280	25458
281	24994
282	25128
283	24830
284	24297
285	24251
286	23617
287	23491
288	23171
289	23369
290	23404
291	22973
292	22755
293	21792
294	21829
295	22156
296	21818
297	21431
298	21476
299	21202
300	20522
301	20929
302	20298
303	20556
304	20059
305	19910
306	19256
307	19312
308	19206
309	19391
310	18414
311	18604
312	18575
313	18479
314	18348
315	18432
316	17794
317	18100
318	17617
319	17189
320	17022
321	17010
322	17046
323	16706
324	16443
325	16520
326	16190
327	16019
328	16207
329	15897
330	15243
331	15991
332	15685
333	15293
334	14819
335	15126
336	15132
337	15212
338	14517
339	14791
340	14800
341	14573
342	14264
343	14232
344	13761
345	14028
346	13842
347	13730
348	13854
349	13605
350	13478
351	13155
352	13620
353	13116
354	13532
355	13228
356	12739
357	12885
358	12533
359	12562
360	12656
361	12681
362	12535
363	12476
364	11722
365	11796
366	11975
367	11778
368	12125
369	11917
370	12099
371	11207
372	11465
373	11538
374	11247
375	11219
376	11489
377	11154
378	10827
379	11328
380	10948
381	10683
382	10365
383	10889
384	10613
385	10933
386	10908
387	10405
388	10250
389	10149
390	10483
391	10406
392	10127
393	10091
394	10144
395	10335
396	9878
397	9803
398	9956
399	9641
400	9671
401	10036
402	9533
403	9521
404	9263
405	9297
406	9091
407	9013
408	9372
409	9148
410	8878
411	9060
412	9159
413	8796
414	9015
415	8632
416	8997
417	8891
418	8829
419	8748
420	8915
421	8431
422	8328
423	8778
424	8624
425	8489
426	8617
427	8285
428	8379
429	8438
430	8226
431	8289
432	8172
433	8275
434	8171
435	8029
436	7911
437	7883
438	8005
439	7962
440	8106
441	8264
442	8040
443	8130
444	7752
445	7978
446	7947
447	7811
448	7999
449	8122
450	7730
451	7394
452	7538
453	7950
454	7821
455	7948
456	7770
457	7497
458	7528
459	7441
460	7275
461	7356
462	7178
463	7167
464	7308
465	7346
466	7279
467	7423
468	7065
469	7234
470	7237
471	7225
472	7140
473	7061
474	7049
475	6849
476	6936
477	6984
478	7014
479	6835
480	6738
481	6981
482	6841
483	6558
484	6670
485	7050
486	6689
487	6817
488	6612
489	6993
490	6553
491	7039
492	6902
493	6536
494	6624
495	6647
496	6726
497	6690
498	6830
499	6758
500	6535
501	6832
502	6382
503	6619
504	6429
505	6807
506	6383
507	6749
508	6737
509	6901
510	6610
511	6522
512	6792
513	6569
514	6666
515	6462
516	6574
517	6494
518	6678
519	6709
520	6648
521	6675
522	6709
523	6765
524	6511
525	6405
526	6511
527	6684
528	6451
529	6312
530	6380
531	6428
532	6528
533	6597
534	6310
535	6552
536	6705
537	6536
538	6379
539	6304
540	6571
541	6356
542	6312
543	6662
544	6513
545	6528
546	6182
547	6096
548	6190
549	6551
550	6312
551	6389
552	6441
553	6416
554	6199
555	6716
556	6323
557	6348
558	6224
559	6077
560	6001
561	6043
562	6181
563	6183
564	6179
565	6007
566	6271
567	6097
568	6202
569	6002
570	6261
571	6099
572	5987
573	5981
574	6152
575	6014
576	6208
577	6308
578	6181
579	6038
580	6177
581	6339
582	6148
583	6404
584	6081
585	6237
586	6113
587	6036
588	6112
589	5990
590	5778
591	5933
592	6079
593	5834
594	5851
595	5983
596	5972
597	5870
598	5880
599	5759
600	5854
601	5893
602	5643
603	5907
604	5838
605	5858
606	5905
607	6071
608	5833
609	5863
610	5773
611	5876
612	5532
613	5829
614	5789
615	5779
616	5747
617	5824
618	5740
619	5559
620	5842
621	5568
622	5522
623	5598
624	5524
625	5877
626	5780
627	5748
628	5912
629	5612
630	5644
631	5630
632	5646
633	5658
634	5577
635	5606
636	5522
637	5688
638	5625
639	5774
640	5437
641	5528
642	5403
643	5460
644	5488
645	5583
646	5504
647	5578
648	5508
649	5873
650	5303
651	5528
652	5600
653	5564
654	5659
655	5753
656	5556
657	5566
658	5483
659	5425
660	5396
661	5353
662	5554
663	5834
664	5645
665	5557
666	5339
667	5206
668	5413
669	5529
670	5510
671	5376
672	5641
673	5260
674	5496
675	5312
676	5522
677	5529
678	5404
679	5573
680	5677
681	5276
682	5325
683	5365
684	5149
685	5524
686	5186
687	5339
688	5323
689	5310
690	5516
691	5603
692	5697
693	5488
694	5540
695	5469
696	5453
697	5452
698	5526
699	5435
700	5557
701	5526
702	5653
703	5634
704	5482
705	5556
706	5485
707	5224
708	5490
709	5399
710	5315
711	5470
712	5655
713	5346
714	5620
715	5502
716	5533
717	5378
718	5434
719	5392
720	5342
721	5385
722	5147
723	5572
724	5404
725	5410
726	5491
727	5354
728	5367
729	5349
730	5428
731	5334
732	5416
733	5616
734	5608
735	5547
736	5460
737	5372
738	5451
739	5352
740	5385
741	5326
742	5356
743	5349
744	5417
745	5390
746	5290
747	5267
748	5354
749	5551
750	5253
751	5275
752	5312
753	5382
754	5377
755	5253
756	5332
757	5234
758	5424
759	5500
760	5241
761	5333
762	5635
763	5127
764	5252
765	5403
766	5238
767	5361
768	5476
769	5465
770	5501
771	5197
772	5284
773	5491
774	5039
775	5166
776	5120
777	5427
778	5296
779	5073
780	5212
781	5241
782	5042
783	5335
784	5304
785	5229
786	5310
787	5238
788	5246
789	5086
790	5109
791	5317
792	5290
793	5107
794	5441
795	5052
796	5226
797	5212
798	5182
799	4921
800	5010
801	5358
802	5105
803	5130
804	5338
805	5152
806	5098
807	5076
808	5160
809	4919
810	4873
811	5015
812	4983
813	5018
814	4950
815	5095
816	4980
817	5031
818	4925
819	4919
820	4910
821	4987
822	5067
823	4947
824	4575
825	4875
826	4825
827	4745
828	4673
829	4924
830	4926
831	4929
832	4855
833	4949
834	4898
835	4872
836	5315
837	5158
838	5082
839	5169
840	4897
841	4972
842	4782
843	4855
844	4974
845	5012
846	4880
847	4773
848	4952
849	4923
850	4953
851	4779
852	4814
853	4877
854	4778
855	4970
856	4844
857	4946
858	4749
859	4709
860	5064
861	4894
862	4827
863	4979
864	4853
865	4993
866	4818
867	4978
868	4685
869	4609
870	4723
871	5050
872	4684
873	4712
874	4874
875	4613
876	4843
877	4886
878	4890
879	4631
880	4685
881	4828
882	4725
883	4755
884	4727
885	4503
886	4835
887	4787
888	4913
889	4450
890	4773
891	4750
892	4884
893	5024
894	4867
895	4624
896	4488
897	4707
898	4805
899	4951
900	4946
901	4721
902	4834
903	4638
904	4507
905	4823
906	4932
907	4639
908	4631
909	4698
910	4770
911	4963
912	4755
913	5082
914	4758
915	4796
916	4677
917	4660
918	4733
919	4799
920	4672
921	4821
922	4883
923	4735
924	4847
925	4810
926	4647
927	4677
928	4613
929	4666
930	4753
931	4696
932	4786
933	4610
934	4696
935	4564
936	4727
937	4777
938	4787
939	4798
940	4837
941	4683
942	4707
943	4767
944	4785
945	4626
946	4722
947	4635
948	4655
949	4687
950	4496
951	4655
952	4509
953	4630
954	4606
955	4687
956	4348
957	4589
958	4663
959	4524
960	4612
961	4332
962	4430
963	4585
964	4397
965	4690
966	4841
967	4606
968	4715
969	4444
970	4610
971	4553
972	4613
973	4622
974	4740
975	4555
976	4597
977	4608
978	4356
979	4620
980	4547
981	4430
982	4505
983	4570
984	4434
985	4396
986	4504
987	4554
988	4475
989	4334
990	4457
991	4325
992	4342
993	4495
994	4385
995	4335
996	4470
997	4342
998	4450
999	4440
1000	4402
1001	4352
1002	4531
1003	4276
1004	4261
1005	4312
1006	4502
1007	4283
1008	4294
1009	4308
1010	4393
1011	4239
1012	4310
1013	4315
1014	4644
1015	4424
1016	4298
1017	4358
1018	4335
1019	4176
1020	4108
1021	4200
1022	4317
1023	4336
1024	4319
1025	4249
1026	4343
1027	4180
1028	4247
1029	4042
1030	4028
1031	3951
1032	4240
1033	3940
1034	4154
1035	4015
1036	4102
1037	4258
1038	3999
1039	3906
1040	4051
1041	3966
1042	4038
1043	4226
1044	4117
1045	4142
1046	4119
1047	3987
1048	4081
1049	4167
1050	4066
1051	4055
1052	4102
1053	4058
1054	3879
1055	3939
1056	4072
1057	4277
1058	3970
1059	3958
1060	4042
1061	3926
1062	3935
1063	3900
1064	3989
1065	4181
1066	4055
1067	4135
1068	3920
1069	4112
1070	4059
1071	4082
1072	3904
1073	3942
1074	3865
1075	3945
1076	3967
1077	4143
1078	3883
1079	3949
1080	3944
1081	3833
1082	3860
1083	3994
1084	3910
1085	3912
1086	4052
1087	3912
1088	3781
1089	3986
1090	3917
1091	3770
1092	3906
1093	3819
1094	4120
1095	3941
1096	3902
1097	4004
1098	4055
1099	3919
1100	3850
1101	3937
1102	3772
1103	3857
1104	3916
1105	3879
1106	3880
1107	3749
1108	3777
1109	4052
1110	4027
1111	4042
1112	4169
1113	3809
1114	3924
1115	3742
1116	3767
1117	3853
1118	3689
1119	4003
1120	3792
1121	3763
1122	4004
1123	3910
1124	3801
1125	3756
1126	3877
1127	4026
1128	3873
1129	3981
1130	4014
1131	3891
1132	3890
1133	3809
1134	3799
1135	3853
1136	3869
1137	3824
1138	3874
1139	3829
1140	3777
1141	4057
1142	3883
1143	4030
1144	3974
1145	3823
1146	3990
1147	3779
1148	3971
1149	3987
1150	3956
1151	4033
1152	4179
1153	3918
1154	3963
1155	3957
1156	3759
1157	4001
1158	4087
1159	3962
1160	3976
1161	3958
1162	3925
1163	4005
1164	3992
1165	3873
1166	3835
1167	3872
1168	3753
1169	3985
1170	3838
1171	3744
1172	3810
1173	3948
1174	3960
1175	3736
1176	3848
1177	3873
1178	3792
1179	3842
1180	3825
1181	3778
1182	3877
1183	3890
1184	3989
1185	3748
1186	3790
1187	3847
1188	4149
1189	3618
1190	3943
1191	3855
1192	3843
1193	3860
1194	3874
1195	3824
1196	3908
1197	3860
1198	3955
1199	3905
1200	3753
1201	3954
1202	3854
1203	3831
1204	3867
1205	3734
1206	4118
1207	3700
1208	3989
1209	3957
1210	3920
1211	4006
1212	3839
1213	3866
1214	3958
1215	3805
1216	3831
1217	3925
1218	3810
1219	3910
1220	3874
1221	3894
1222	4014
1223	3748
1224	3897
1225	4036
1226	4033
1227	3871
1228	3778
1229	3890
1230	3772
1231	4115
1232	3816
1233	3768
1234	4022
1235	3782
1236	3944
1237	3947
1238	3796
1239	3768
1240	3847
1241	3885
1242	3937
1243	3941
1244	3783
1245	3754
1246	4102
1247	3881
1248	3752
1249	3869
1250	3822
1251	3896
1252	3990
1253	3887
1254	3981
1255	4014
1256	3941
1257	4115
1258	3958
1259	3813
1260	3759
1261	3880
1262	3950
1263	4033
1264	4054
1265	4024
1266	3814
1267	4162
1268	3742
1269	3924
1270	3781
1271	3794
1272	3693
1273	3761
1274	3823
1275	3843
1276	3838
1277	4074
1278	3696
1279	3613
1280	3635
1281	3781
1282	3556
1283	3846
1284	3665
1285	3669
1286	3776
1287	3652
1288	3831
1289	3808
1290	3908
1291	3737
1292	3696
1293	3584
1294	3720
1295	3701
1296	3562
1297	3673
1298	3653
1299	3605
1300	3766
1301	3771
1302	3653
1303	3747
1304	3752
1305	3697
1306	3670
1307	3836
1308	3862
1309	3519
1310	3701
1311	3633
1312	3584
1313	3627
1314	4116
1315	3983
1316	3618
1317	3919
1318	3927
1319	3685
1320	3595
1321	3524
1322	3466
1323	3530
1324	3408
1325	3542
1326	3495
1327	3535
1328	3594
1329	3617
1330	3496
1331	3396
1332	3463
1333	3475
1334	3517
1335	3468
1336	3504
1337	3387
1338	3417
1339	3394
1340	3393
1341	3589
1342	3536
1343	3553
1344	3531
1345	3433
1346	3429
1347	3440
1348	3544
1349	3527
1350	3465
1351	3569
1352	3550
1353	3535
1354	3384
1355	3521
1356	3270
1357	3377
1358	3425
1359	3422
1360	3569
1361	3391
1362	3487
1363	3532
1364	3412
1365	3410
1366	3349
1367	3510
1368	3418
1369	3392
1370	3326
1371	3402
1372	3351
1373	3385
1374	3352
1375	3321
1376	3412
1377	3410
1378	3558
1379	3313
1380	3604
1381	3530
1382	3440
1383	3547
1384	3468
1385	3377
1386	3473
1387	3477
1388	3378
1389	3358
1390	3397
1391	3381
1392	3345
1393	3232
1394	3318
1395	3326
1396	3254
1397	3473
1398	3326
1399	3186
1400	3229
1401	3242
1402	3193
1403	3242
1404	3350
1405	3239
1406	3347
1407	3237
1408	3326
1409	3317
1410	3241
1411	3169
1412	3275
1413	3231
1414	3287
1415	3270
1416	3196
1417	3318
1418	3246
1419	3390
1420	3137
1421	3242
1422	3260
1423	3159
1424	3199
1425	3175
1426	3245
1427	3205
1428	3346
1429	3320
1430	3161
1431	3278
1432	3313
1433	3227
1434	3319
1435	3048
1436	3251
1437	3242
1438	3274
1439	3365
1440	3163
1441	3226
1442	3256
1443	3359
1444	3202
1445	3271
1446	3052
1447	3451
1448	3109
1449	3419
1450	3332
1451	3393
1452	3274
1453	3274
1454	3265
1455	3107
1456	3113
1457	3361
1458	3509
1459	3476
1460	3382
1461	3599
1462	3325
1463	3443
1464	3355
1465	3267
1466	3265
1467	3410
1468	3283
1469	3419
1470	3401
1471	3298
1472	3404
1473	3504
1474	3286
1475	3468
1476	3403
1477	3284
1478	3161
1479	3314
1480	3169
1481	3225
1482	3388
1483	3250
1484	3433
1485	3318
1486	3353
1487	3285
1488	3332
1489	3472
1490	3499
1491	3536
1492	3744
1493	3629
1494	3541
1495	3439
1496	3476
1497	3323
1498	3596
1499	3815
1500	3706
1501	3714
1502	3344
1503	3483
1504	3548
1505	3476
1506	3395
1507	3555
1508	3421
1509	3395
1510	3568
1511	3639
1512	3554
1513	3502
1514	3284
1515	3682
1516	3553
1517	3645
1518	3701
1519	3586
1520	3719
1521	3571
1522	3648
1523	3536
1524	3597
1525	3634
1526	3715
1527	3630
1528	3674
1529	3575
1530	3467
1531	3479
1532	3579
1533	3624
1534	3719
1535	3246
1536	3453
1537	3568
1538	3534
1539	3547
1540	3551
1541	3726
1542	3505
1543	3384
1544	3778
1545	3429
1546	3574
1547	3746
1548	3467
1549	3574
1550	3580
1551	3540
1552	3462
1553	3536
1554	3496
1555	3412
1556	3548
1557	3551
1558	3447
1559	3494
1560	3673
1561	3429
1562	3316
1563	3483
1564	3555
1565	3530
1566	3375
1567	3457
1568	3659
1569	3484
1570	3384
1571	3485
1572	3514
1573	3636
1574	3473
1575	3516
1576	3454
1577	3257
1578	3292
1579	3520
1580	3289
1581	3471
1582	3631
1583	3459
1584	3510
1585	3466
1586	3576
1587	3581
1588	3253
1589	3411
1590	3234
1591	3337
1592	3175
1593	3417
1594	3128
1595	3243
1596	3249
1597	3090
1598	3283
1599	3391
1600	3405
1601	3432
1602	3254
1603	3355
1604	3168
1605	3411
1606	3329
1607	3460
1608	3262
1609	3489
1610	3173
1611	3381
1612	3237
1613	3220
1614	3215
1615	3367
1616	3411
1617	3192
1618	3140
1619	3250
1620	3283
1621	3426
1622	3255
1623	3145
1624	3224
1625	3436
1626	3275
1627	3412
1628	3165
1629	3332
1630	3394
1631	3264
1632	3467
1633	3136
1634	3226
1635	3274
1636	3212
1637	3271
1638	3341
1639	3470
1640	3501
1641	3183
1642	3196
1643	3304
1644	3264
1645	3420
1646	3447
1647	3165
1648	3190
1649	3320
1650	3287
1651	3371
1652	3443
1653	3377
1654	3223
1655	3120
1656	3260
1657	3399
1658	3307
1659	3041
1660	3242
1661	3231
1662	3322
1663	3310
1664	3158
1665	3361
1666	3344
1667	3582
1668	3279
1669	3343
1670	3468
1671	3468
1672	3364
1673	3230
1674	3259
1675	3242
1676	3336
1677	3218
1678	3313
1679	3533
1680	3185
1681	3264
1682	3261
1683	3201
1684	3313
1685	3342
1686	3089
1687	3224
1688	3014
1689	3163
1690	3159
1691	3413
1692	3328
1693	3161
1694	3408
1695	3225
1696	3126
1697	3211
1698	3379
1699	3115
1700	3271
1701	3186
1702	3226
1703	3291
1704	3155
1705	3304
1706	3152
1707	3360
1708	3262
1709	3441
1710	3346
1711	3277
1712	3360
1713	3236
1714	3304
1715	3315
1716	3318
1717	3282
1718	3302
1719	3078
1720	3307
1721	3233
1722	3256
1723	3319
1724	3328
1725	3067
1726	3199
1727	3215
1728	3319
1729	3378
1730	3175
1731	3575
1732	3290
1733	3249
1734	3007
1735	3314
1736	3155
1737	3181
1738	3121
1739	3258
1740	3352
1741	3232
1742	3204
1743	3171
1744	3323
1745	3207
1746	3042
1747	3224
1748	3273
1749	3113
1750	3109
1751	3198
1752	3267
1753	3188
1754	3357
1755	3305
1756	3067
1757	3135
1758	3164
1759	3166
1760	3242
1761	3112
1762	3150
1763	3207
1764	3223
1765	3069
1766	3036
1767	3095
1768	2995
1769	2983
1770	3205
1771	3198
1772	3169
1773	3357
1774	3152
1775	3302
1776	3058
1777	3038
1778	3090
1779	2899
1780	2939
1781	3087
1782	2991
1783	3068
1784	2958
1785	2991
1786	2799
1787	2812
1788	3032
1789	2887
1790	2894
1791	2805
1792	2886
1793	2717
1794	2760
1795	2837
1796	2898
1797	3005
1798	2788
1799	2825
1800	2712
1801	2764
1802	2783
1803	2857
1804	2798
1805	2888
1806	2888
1807	2710
1808	2828
1809	2713
1810	2877
1811	2883
1812	2695
1813	2800
1814	2672
1815	2761
1816	2758
1817	2673
1818	2625
1819	2812
1820	2721
1821	2717
1822	2528
1823	2802
1824	2748
1825	2773
1826	2596
1827	2767
1828	2648
1829	2494
1830	2763
1831	2664
1832	2578
1833	2637
1834	2681
1835	2583
1836	2669
1837	2654
1838	2652
1839	2696
1840	2801
1841	2688
1842	2725
1843	2500
1844	2640
1845	2796
1846	2782
1847	2601
1848	2739
1849	2845
1850	2488
1851	2663
1852	2653
1853	2761
1854	2696
1855	2780
1856	2557
1857	2739
1858	2680
1859	2710
1860	2541
1861	2697
1862	2704
1863	2807
1864	2806
1865	2709
1866	2685
1867	2666
1868	2675
1869	2630
1870	2769
1871	2612
1872	2817
1873	2762
1874	2683
1875	2731
1876	2721
1877	2783
1878	2627
1879	2599
1880	2655
1881	2570
1882	2706
1883	2580
1884	2584
1885	2669
1886	2790
1887	2733
1888	2749
1889	2723
1890	2704
1891	2788
1892	2657
1893	2737
1894	2802
1895	2576
1896	2692
1897	2715
1898	2765
1899	2681
1900	2614
1901	2731
1902	2654
1903	2742
1904	2813
1905	2659
1906	2719
1907	2776
1908	2885
1909	2747
1910	2688
1911	2694
1912	2727
1913	2579
1914	2839
1915	2636
1916	2872
1917	2829
1918	2866
1919	2803
1920	2690
1921	2780
1922	2695
1923	2878
1924	2807
1925	2734
1926	2727
1927	2716
1928	2787
1929	2693
1930	2694
1931	2657
1932	2779
1933	2807
1934	2792
1935	2818
1936	2689
1937	2845
1938	2775
1939	2746
1940	2629
1941	2712
1942	2749
1943	2787
1944	2773
1945	2784
1946	2638
1947	2664
1948	2777
1949	2699
1950	2795
1951	2760
1952	2628
1953	2800
1954	2803
1955	2620
1956	2643
1957	2796
1958	2697
1959	2849
1960	2851
1961	2782
1962	2797
1963	2881
1964	2637
1965	2760
1966	2786
1967	2870
1968	2980
1969	2709
1970	2831
1971	2749
1972	2791
1973	2778
1974	2783
1975	2834
1976	2641
1977	2852
1978	2885
1979	2850
1980	2919
1981	2935
1982	2938
1983	2985
1984	2818
1985	2764
1986	2865
1987	2931
1988	2801
1989	2821
1990	3016
1991	2990
1992	3199
1993	3042
1994	3128
1995	2877
1996	2778
1997	2970
1998	3067
1999	2997
2000	3022
2001	3155
2002	3043
2003	2967
2004	2936
2005	3077
2006	2889
2007	3008
2008	2939
2009	3010
2010	2963
2011	3162
2012	2907
2013	2986
2014	3107
2015	3141
2016	3163
2017	3068
2018	2862
2019	2971
2020	3036
2021	3176
2022	3008
2023	3155
2024	3024
2025	3132
2026	3092
2027	2815
2028	2973
2029	2903
2030	2823
2031	2960
2032	2876
2033	3030
2034	2903
2035	2955
2036	2955
2037	2880
2038	2721
2039	2998
2040	3047
2041	3002
2042	3044
2043	3071
2044	2966
2045	2960
2046	2985
2047	2961
2048	2802
2049	2834
2050	2926
2051	2860
2052	2863
2053	2835
2054	2972
2055	2831
2056	2926
2057	2996
2058	2974
2059	2894
2060	2739
2061	2865
2062	2625
2063	2903
2064	2774
2065	2692
2066	2865
2067	2670
2068	2882
2069	2698
2070	2846
2071	2705
2072	2670
2073	2804
2074	2891
2075	2770
2076	2816
2077	2680
2078	2734
2079	2696
2080	2847
2081	2631
2082	2537
2083	2622
2084	2681
2085	2668
2086	2690
2087	2636
2088	2617
2089	2774
2090	2712
2091	2571
2092	2458
2093	2545
2094	2559
2095	2582
2096	2580
2097	2646
2098	2452
2099	2634
2100	2491
2101	2598
2102	2548
2103	2490
2104	2533
2105	2610
2106	2656
2107	2617
2108	2450
2109	2488
2110	2521
2111	2554
2112	2516
2113	2479
2114	2548
2115	2519
2116	2411
2117	2502
2118	2512
2119	2451
2120	2499
2121	2399
2122	2437
2123	2455
2124	2537
2125	2482
2126	2561
2127	2466
2128	2415
2129	2641
2130	2536
2131	2524
2132	2634
2133	2678
2134	2694
2135	2532
2136	2454
2137	2378
2138	2432
2139	2486
2140	2497
2141	2322
2142	2285
2143	2524
2144	2631
2145	2527
2146	2400
2147	2409
2148	2693
2149	2348
2150	2477
2151	2389
2152	2341
2153	2486
2154	2309
2155	2391
2156	2288
2157	2529
2158	2363
2159	2443
2160	2458
2161	2401
2162	2337
2163	2368
2164	2417
2165	2375
2166	2477
2167	2453
2168	2443
2169	2381
2170	2560
2171	2413
2172	2411
2173	2352
2174	2402
2175	2501
2176	2444
2177	2286
2178	2368
2179	2548
2180	2348
2181	2417
2182	2424
2183	2404
2184	2257
2185	2646
2186	2421
2187	2324
2188	2552
2189	2499
2190	2255
2191	2373
2192	2520
2193	2321
2194	2468
2195	2354
2196	2508
2197	2506
2198	2394
2199	2603
2200	2505
2201	2662
2202	2580
2203	2516
2204	2419
2205	2509
2206	2487
2207	2455
2208	2397
2209	2539
2210	2395
2211	2502
2212	2511
2213	2390
2214	2505
2215	2300
2216	2380
2217	2497
2218	2483
2219	2513
2220	2478
2221	2438
2222	2545
2223	2422
2224	2494
2225	2354
2226	2485
2227	2494
2228	2422
2229	2309
2230	2510
2231	2454
2232	2443
2233	2471
2234	2466
2235	2439
2236	2504
2237	2527
2238	2401
2239	2619
2240	2430
2241	2490
2242	2667
2243	2570
2244	2577
2245	2607
2246	2577
2247	2419
2248	2486
2249	2523
2250	2480
2251	2591
2252	2401
2253	2590
2254	2657
2255	2667
2256	2719
2257	2747
2258	2538
2259	2688
2260	2747
2261	2634
2262	2461
2263	2386
2264	2563
2265	2516
2266	2309
2267	2334
2268	2435
2269	2447
2270	2476
2271	2431
2272	2442
2273	2297
2274	2504
2275	2451
2276	2350
2277	2441
2278	2498
2279	2389
2280	2311
2281	2499
2282	2499
2283	2511
2284	2354
2285	2443
2286	2340
2287	2521
2288	2381
2289	2226
2290	2440
2291	2341
2292	2229
2293	2255
2294	2321
2295	2329
2296	2469
2297	2471
2298	2363
2299	2398
2300	2350
2301	2324
2302	2321
2303	2340
2304	2422
2305	2434
2306	2353
2307	2199
2308	2323
2309	2398
2310	2478
2311	2227
2312	2340
2313	2359
2314	2224
2315	2402
2316	2449
2317	2405
2318	2363
2319	2361
2320	2566
2321	2386
2322	2470
2323	2363
2324	2322
2325	2393
2326	2379
2327	2386
2328	2370
2329	2498
2330	2364
2331	2335
2332	2276
2333	2117
2334	2278
2335	2366
2336	2341
2337	2385
2338	2347
2339	2235
2340	2329
2341	2254
2342	2469
2343	2248
2344	2268
2345	2429
2346	2274
2347	2116
2348	2400
2349	2260
2350	2366
2351	2267
2352	2321
2353	2373
2354	2223
2355	2381
2356	2176
2357	2427
2358	2230
2359	2290
2360	2310
2361	2271
2362	2210
2363	2241
2364	2211
2365	2271
2366	2098
2367	2254
2368	2348
2369	2116
2370	2038
2371	2210
2372	2299
2373	2319
2374	2096
2375	2244
2376	2228
2377	2210
2378	2182
2379	2099
2380	2238
2381	2281
2382	2202
2383	2306
2384	2200
2385	2082
2386	2277
2387	2160
2388	2178
2389	2129
2390	2070
2391	2064
2392	2095
2393	2204
2394	2061
2395	2070
2396	2042
2397	2070
2398	2068
2399	2155
2400	1977
2401	2065
2402	2070
2403	2050
2404	2002
2405	2141
2406	2263
2407	2062
2408	2081
2409	2117
2410	2178
2411	1974
2412	2216
2413	1912
2414	1977
2415	2035
2416	2019
2417	2190
2418	2049
2419	1991
2420	1973
2421	2148
2422	2205
2423	2124
2424	1901
2425	2009
2426	2005
2427	1948
2428	2090
2429	2026
2430	2051
2431	2050
2432	1916
2433	2032
2434	1974
2435	2049
2436	2032
2437	1960
2438	1959
2439	1957
2440	1962
2441	2013
2442	2079
2443	1785
2444	1793
2445	2005
2446	1936
2447	1975
2448	1959
2449	1816
2450	2141
2451	1991
2452	1991
2453	2081
2454	2051
2455	2070
2456	1989
2457	2091
2458	1959
2459	1961
2460	1979
2461	1991
2462	1996
2463	2000
2464	1891
2465	2143
2466	2034
2467	1866
2468	1943
2469	2041
2470	1970
2471	2080
2472	2074
2473	1960
2474	1919
2475	1952
2476	1974
2477	1984
2478	2005
2479	1945
2480	1937
2481	1908
2482	2008
2483	2106
2484	1879
2485	1977
2486	1978
2487	1934
2488	2102
2489	1925
2490	2085
2491	2038
2492	2025
2493	1960
2494	2113
2495	2049
2496	2174
2497	2079
2498	2009
2499	1948
2500	1931
2501	1963
2502	1936
2503	1989
2504	1980
2505	2043
2506	2000
2507	1978
2508	1993
2509	2107
2510	1979
2511	1974
2512	2116
2513	1966
2514	1994
2515	2087
2516	1897
2517	1900
2518	1962
2519	2036
2520	1995
2521	2013
2522	2034
2523	2112
2524	2076
2525	1947
2526	2001
2527	2115
2528	2099
2529	1993
2530	2085
2531	1980
2532	2158
2533	2049
2534	2008
2535	2026
2536	1989
2537	2024
2538	2028
2539	1895
2540	2085
2541	2027
2542	2064
2543	2038
2544	2074
2545	2045
2546	2023
2547	2148
2548	1830
2549	2072
2550	1970
2551	2155
2552	1931
2553	1889
2554	1979
2555	1982
2556	1925
2557	2025
2558	2074
2559	2185
2560	2056
2561	2091
2562	2098
2563	2159
2564	2181
2565	2196
2566	1995
2567	2101
2568	2022
2569	2053
2570	1918
2571	1917
2572	1961
2573	1988
2574	1994
2575	2028
2576	2037
2577	1922
2578	1934
2579	1986
2580	1904
2581	2001
2582	2034
2583	2057
2584	2121
2585	2119
2586	1988
2587	2063
2588	1980
2589	1909
2590	2120
2591	2008
2592	2012
2593	2109
2594	1871
2595	2024
2596	1950
2597	1899
2598	2051
2599	2042
2600	1973
2601	1871
2602	1963
2603	1926
2604	1936
2605	2193
2606	2010
2607	1942
2608	2007
2609	1918
2610	1994
2611	1979
2612	1847
2613	1995
2614	1993
2615	1888
2616	2058
2617	2095
2618	2061
2619	1903
2620	1965
2621	2068
2622	2062
2623	2059
2624	1916
2625	1944
2626	2007
2627	1918
2628	2019
2629	1997
2630	2001
2631	1947
2632	1970
2633	2142
2634	1973
2635	2071
2636	2160
2637	2085
2638	1958
2639	2061
2640	2050
2641	2112
2642	2054
2643	2096
2644	2032
2645	2058
2646	2065
2647	1990
2648	2044
2649	1981
2650	2032
2651	2001
2652	2146
2653	2057
2654	2069
2655	2106
2656	2066
2657	1995
2658	2025
2659	1996
2660	1906
2661	2137
2662	2027
2663	2102
2664	2071
2665	2065
2666	2012
2667	2196
2668	2160
2669	2128
2670	2100
2671	2049
2672	1943
2673	2030
2674	1972
2675	2052
2676	2043
2677	2135
2678	2171
2679	2225
2680	2048
2681	2158
2682	2194
2683	2105
2684	2294
2685	2246
2686	2176
2687	2063
2688	2104
2689	2058
2690	1968
2691	2195
2692	2030
2693	2070
2694	2236
2695	2089
2696	2120
2697	2157
2698	2069
2699	2014
2700	2095
2701	2134
2702	2189
2703	2131
2704	2070
2705	2102
2706	2082
2707	2176
2708	2019
2709	2147
2710	2271
2711	2187
2712	1890
2713	2003
2714	1785
2715	1928
2716	1966
2717	1930
2718	2016
2719	2085
2720	1995
2721	2039
2722	1994
2723	1931
2724	1960
2725	1927
2726	1830
2727	1912
2728	1957
2729	1864
2730	1832
2731	2195
2732	2068
2733	1855
2734	2003
2735	1882
2736	1843
2737	1831
2738	1866
2739	2006
2740	1890
2741	1947
2742	1903
2743	1860
2744	1862
2745	1830
2746	1939
2747	2032
2748	1931
2749	1834
2750	1960
2751	1839
2752	2054
2753	1926
2754	1786
2755	1783
2756	1858
2757	1866
2758	1926
2759	1850
2760	2063
2761	1904
2762	1874
2763	1898
2764	1961
2765	1785
2766	1931
2767	1982
2768	1960
2769	2016
2770	1905
2771	1779
2772	1951
2773	1927
2774	1900
2775	1886
2776	1905
2777	1852
2778	1907
2779	1896
2780	1780
2781	1855
2782	1950
2783	1899
2784	1830
2785	1958
2786	1777
2787	1946
2788	1745
2789	1808
2790	1858
2791	1944
2792	1709
2793	1811
2794	1747
2795	1700
2796	1790
2797	1899
2798	1802
2799	1771
2800	1913
2801	1806
2802	1735
2803	1743
2804	1922
2805	1791
2806	1769
2807	1859
2808	1879
2809	1902
2810	1811
2811	1789
2812	1979
2813	1890
2814	1826
2815	1756
2816	1836
2817	1902
2818	1861
2819	1868
2820	1830
2821	1904
2822	1789
2823	1860
2824	1808
2825	1826
2826	1866
2827	1785
2828	1847
2829	1862
2830	1764
2831	1790
2832	1812
2833	1861
2834	1838
2835	1774
2836	1821
2837	1658
2838	1845
2839	1725
2840	1756
2841	1902
2842	1940
2843	1803
2844	1802
2845	1842
2846	1805
2847	1900
2848	1883
2849	1772
2850	1831
2851	1786
2852	1612
2853	1905
2854	1820
2855	1880
2856	1798
2857	1727
2858	1709
2859	1830
2860	1744
2861	1850
2862	1841
2863	2022
2864	1736
2865	1713
2866	1872
2867	1671
2868	1908
2869	1796
2870	1832
2871	1768
2872	1712
2873	1742
2874	1744
2875	1722
2876	1816
2877	1853
2878	1779
2879	1645
2880	1655
2881	1656
2882	1889
2883	1798
2884	1801
2885	1721
2886	1823
2887	1859
2888	1853
2889	1868
2890	1713
2891	1769
2892	1860
2893	1859
2894	1745
2895	1849
2896	1868
2897	1965
2898	1856
2899	1773
2900	1860
2901	1888
2902	1931
2903	1887
2904	1871
2905	1819
2906	1840
2907	1859
2908	1915
2909	1945
2910	1822
2911	1713
2912	1953
2913	1887
2914	1876
2915	1880
2916	1883
2917	1742
2918	1946
2919	1933
2920	1727
2921	1768
2922	1835
2923	1869
2924	1948
2925	1998
2926	1893
2927	1757
2928	1772
2929	1818
2930	1748
2931	1788
2932	1715
2933	1866
2934	1879
2935	1952
2936	1855
2937	1861
2938	1825
2939	1910
2940	1795
2941	1821
2942	1862
2943	1769
2944	1882
2945	1781
2946	1911
2947	1808
2948	1931
2949	1831
2950	1808
2951	1735
2952	1856
2953	1775
2954	1906
2955	1867
2956	1679
2957	1792
2958	1879
2959	1919
2960	1875
2961	1905
2962	1898
2963	1896
2964	1822
2965	1743
2966	1791
2967	1816
2968	1836
2969	1894
2970	1945
2971	1849
2972	1898
2973	1800
2974	1809
2975	1937
2976	1841
2977	1904
2978	1818
2979	1878
2980	1992
2981	1753
2982	1793
2983	1845
2984	1733
2985	1772
2986	1734
2987	1809
2988	1667
2989	1906
2990	1847
2991	1707
2992	1871
2993	1817
2994	1860
2995	1899
2996	1771
2997	1885
2998	1748
2999	1855
3000	1821
3001	1956
3002	1813
3003	1814
3004	1934
3005	1859
3006	1884
3007	1761
3008	1849
3009	1928
3010	1848
3011	1754
3012	1767
3013	1987
3014	1774
3015	1771
3016	1665
3017	1596
3018	1686
3019	1688
3020	1889
3021	1794
3022	1656
3023	1673
3024	1674
3025	1737
3026	1840
3027	1827
3028	1795
3029	1666
3030	1786
3031	1751
3032	1734
3033	1822
3034	1813
3035	1869
3036	1817
3037	1722
3038	1763
3039	1779
3040	1755
3041	1795
3042	1755
3043	1754
3044	1763
3045	1755
3046	1777
3047	1775
3048	1775
3049	1818
3050	1773
3051	1731
3052	1855
3053	1896
3054	1709
3055	1942
3056	1960
3057	1914
3058	1865
3059	1886
3060	1864
3061	1927
3062	1810
3063	1888
3064	1954
3065	1770
3066	1865
3067	1759
3068	1889
3069	1791
3070	1711
3071	1924
3072	1949
3073	2013
3074	2036
3075	1972
3076	2127
3077	1994
3078	1903
3079	2086
3080	1969
3081	1765
3082	1930
3083	2002
3084	1958
3085	2145
3086	2014
3087	1895
3088	1904
3089	1920
3090	2068
3091	1862
3092	1992
3093	1860
3094	1897
3095	2216
3096	1948
3097	1961
3098	1973
3099	1936
3100	1904
3101	1968
3102	1838
3103	1864
3104	1951
3105	2040
3106	1990
3107	1817
3108	1922
3109	1911
3110	1795
3111	1841
3112	1825
3113	1746
3114	2131
3115	1852
3116	2111
3117	1921
3118	1788
3119	2081
3120	1868
3121	1887
3122	1785
3123	1957
3124	1804
3125	1854
3126	1823
3127	1861
3128	1714
3129	1707
3130	1740
3131	1834
3132	1784
3133	1824
3134	1843
3135	1720
3136	1801
3137	1854
3138	1813
3139	1725
3140	1869
3141	1942
3142	1830
3143	1838
3144	1855
3145	1788
3146	1739
3147	1702
3148	1726
3149	1923
3150	1726
3151	1701
3152	1739
3153	1825
3154	1768
3155	1774
3156	1820
3157	1706
3158	1665
3159	1902
3160	1806
3161	1682
3162	1840
3163	1769
3164	1775
3165	1758
3166	1916
3167	1861
3168	1780
3169	1627
3170	1761
3171	1744
3172	1794
3173	1770
3174	1730
3175	1737
3176	1752
3177	1824
3178	1763
3179	1568
3180	1618
3181	1768
3182	1727
3183	1714
3184	1746
3185	1704
3186	1650
3187	1593
3188	1718
3189	1681
3190	1723
3191	1606
3192	1684
3193	1682
3194	1689
3195	1768
3196	1759
3197	1764
3198	1500
3199	1718
3200	1608
3201	1718
3202	1618
3203	1707
3204	1770
3205	1653
3206	1706
3207	1614
3208	1508
3209	1710
3210	1709
3211	1671
3212	1761
3213	1619
3214	1643
3215	1602
3216	1651
3217	1691
3218	1589
3219	1764
3220	1745
3221	1753
3222	1604
3223	1655
3224	1826
3225	1609
3226	1684
3227	1631
3228	1606
3229	1562
3230	1674
3231	1548
3232	1632
3233	1674
3234	1789
3235	1728
3236	1781
3237	1671
3238	1695
3239	1656
3240	1706
3241	1573
3242	1620
3243	1735
3244	1655
3245	1727
3246	1664
3247	1676
3248	1545
3249	1706
3250	1655
3251	1514
3252	1765
3253	1665
3254	1614
3255	1662
3256	1570
3257	1548
3258	1539
3259	1652
3260	1725
3261	1639
3262	1581
3263	1572
3264	1578
3265	1703
3266	1550
3267	1678
3268	1598
3269	1718
3270	1542
3271	1706
3272	1595
3273	1443
3274	1715
3275	1603
3276	1555
3277	1504
3278	1538
3279	1542
3280	1700
3281	1662
3282	1686
3283	1627
3284	1717
3285	1720
3286	1646
3287	1703
3288	1586
3289	1638
3290	1624
3291	1630
3292	1556
3293	1673
3294	1670
3295	1711
3296	1649
3297	1626
3298	1857
3299	1625
3300	1785
3301	1677
3302	1703
3303	1757
3304	1671
3305	1772
3306	1835
3307	1748
3308	1715
3309	1681
3310	1639
3311	1680
3312	1702
3313	1654
3314	1639
3315	1712
3316	1735
3317	1630
3318	1631
3319	1679
3320	1609
3321	1677
3322	1704
3323	1709
3324	1774
3325	1638
3326	1643
3327	1619
3328	1610
3329	1662
3330	1836
3331	1602
3332	1661
3333	1664
3334	1538
3335	1732
3336	1636
3337	1564
3338	1612
3339	1527
3340	1629
3341	1741
3342	1582
3343	1684
3344	1761
3345	1653
3346	1721
3347	1647
3348	1732
3349	1487
3350	1615
3351	1777
3352	1605
3353	1612
3354	1646
3355	1540
3356	1679
3357	1591
3358	1518
3359	1730
3360	1581
3361	1474
3362	1516
3363	1479
3364	1588
3365	1533
3366	1479
3367	1518
3368	1703
3369	1541
3370	1483
3371	1506
3372	1471
3373	1535
3374	1461
3375	1502
3376	1398
3377	1530
3378	1516
3379	1610
3380	1506
3381	1512
3382	1514
3383	1542
3384	1429
3385	1458
3386	1496
3387	1397
3388	1604
3389	1447
3390	1517
3391	1497
3392	1333
3393	1310
3394	1530
3395	1529
3396	1624
3397	1502
3398	1445
3399	1413
3400	1448
3401	1441
3402	1528
3403	1533
3404	1542
3405	1474
3406	1486
3407	1425
3408	1417
3409	1577
3410	1534
3411	1550
3412	1495
3413	1475
3414	1383
3415	1399
3416	1359
3417	1485
3418	1444
3419	1482
3420	1464
3421	1538
3422	1514
3423	1396
3424	1487
3425	1531
3426	1469
3427	1425
3428	1304
3429	1503
3430	1433
3431	1597
3432	1294
3433	1520
3434	1426
3435	1516
3436	1441
3437	1385
3438	1328
3439	1449
3440	1512
3441	1375
3442	1479
3443	1476
3444	1484
3445	1468
3446	1400
3447	1457
3448	1373
3449	1384
3450	1390
3451	1452
3452	1389
3453	1467
3454	1412
3455	1525
3456	1430
3457	1390
3458	1335
3459	1400
3460	1232
3461	1414
3462	1334
3463	1350
3464	1395
3465	1484
3466	1415
3467	1512
3468	1455
3469	1440
3470	1417
3471	1309
3472	1336
3473	1432
3474	1420
3475	1445
3476	1484
3477	1271
3478	1374
3479	1451
3480	1386
3481	1489
3482	1292
3483	1405
3484	1507
3485	1358
3486	1373
3487	1415
3488	1556
3489	1376
3490	1425
3491	1418
3492	1383
3493	1483
3494	1474
3495	1473
3496	1335
3497	1390
3498	1423
3499	1343
3500	1455
3501	1442
3502	1359
3503	1446
3504	1498
3505	1463
3506	1457
3507	1472
3508	1436
3509	1495
3510	1385
3511	1394
3512	1388
3513	1331
3514	1355
3515	1449
3516	1386
3517	1421
3518	1482
3519	1496
3520	1494
3521	1434
3522	1445
3523	1534
3524	1589
3525	1372
3526	1461
3527	1437
3528	1505
3529	1416
3530	1460
3531	1381
3532	1297
3533	1499
3534	1460
3535	1431
3536	1449
3537	1488
3538	1434
3539	1551
3540	1504
3541	1512
3542	1360
3543	1571
3544	1557
3545	1570
3546	1535
3547	1452
3548	1409
3549	1455
3550	1333
3551	1406
3552	1533
3553	1438
3554	1517
3555	1294
3556	1386
3557	1433
3558	1400
3559	1469
3560	1662
3561	1604
3562	1444
3563	1429
3564	1440
3565	1530
3566	1381
3567	1379
3568	1383
3569	1466
3570	1436
3571	1464
3572	1528
3573	1431
3574	1484
3575	1410
3576	1508
3577	1500
3578	1481
3579	1422
3580	1506
3581	1482
3582	1541
3583	1419
3584	1420
3585	1603
3586	1534
3587	1459
3588	1549
3589	1411
3590	1436
3591	1396
3592	1502
3593	1630
3594	1367
3595	1457
3596	1481
3597	1494
3598	1498
3599	1484
3600	1485
3601	1464
3602	1424
3603	1475
3604	1498
3605	1436
3606	1571
3607	1377
3608	1488
3609	1553
3610	1589
3611	1379
3612	1450
3613	1454
3614	1524
3615	1424
3616	1452
3617	1576
3618	1580
3619	1412
3620	1450
3621	1453
3622	1445
3623	1489
3624	1396
3625	1433
3626	1391
3627	1416
3628	1373
3629	1360
3630	1403
3631	1494
3632	1455
3633	1332
3634	1471
3635	1329
3636	1384
3637	1434
3638	1532
3639	1357
3640	1378
3641	1418
3642	1325
3643	1385
3644	1407
3645	1518
3646	1472
3647	1471
3648	1483
3649	1376
3650	1409
3651	1306
3652	1329
3653	1372
3654	1397
3655	1522
3656	1410
3657	1386
3658	1485
3659	1399
3660	1327
3661	1404
3662	1469
3663	1358
3664	1443
3665	1401
3666	1463
3667	1492
3668	1439
3669	1429
3670	1403
3671	1360
3672	1552
3673	1382
3674	1401
3675	1533
3676	1380
3677	1494
3678	1436
3679	1412
3680	1409
3681	1476
3682	1445
3683	1573
3684	1378
3685	1472
3686	1400
3687	1421
3688	1432
3689	1449
3690	1420
3691	1477
3692	1360
3693	1404
3694	1462
3695	1507
3696	1370
3697	1419
3698	1593
3699	1457
3700	1557
3701	1536
3702	1503
3703	1562
3704	1518
3705	1462
3706	1555
3707	1491
3708	1457
3709	1609
3710	1514
3711	1494
3712	1538
3713	1515
3714	1499
3715	1506
3716	1484
3717	1411
3718	1511
3719	1363
3720	1492
3721	1439
3722	1558
3723	1493
3724	1474
3725	1488
3726	1575
3727	1627
3728	1600
3729	1482
3730	1423
3731	1527
3732	1466
3733	1607
3734	1538
3735	1529
3736	1498
3737	1496
3738	1578
3739	1468
3740	1495
3741	1635
3742	1454
3743	1407
3744	1592
3745	1448
3746	1549
3747	1504
3748	1500
3749	1512
3750	1425
3751	1497
3752	1480
3753	1571
3754	1464
3755	1536
3756	1419
3757	1527
3758	1495
3759	1393
3760	1407
3761	1441
3762	1448
3763	1422
3764	1474
3765	1506
3766	1443
3767	1446
3768	1362
3769	1417
3770	1561
3771	1447
3772	1442
3773	1435
3774	1385
3775	1243
3776	1448
3777	1482
3778	1409
3779	1385
3780	1402
3781	1372
3782	1500
3783	1400
3784	1452
3785	1480
3786	1505
3787	1392
3788	1422
3789	1283
3790	1371
3791	1423
3792	1402
3793	1368
3794	1285
3795	1347
3796	1313
3797	1418
3798	1361
3799	1350
3800	1359
3801	1328
3802	1400
3803	1371
3804	1321
3805	1306
3806	1413
3807	1367
3808	1357
3809	1380
3810	1331
3811	1362
3812	1336
3813	1371
3814	1318
3815	1287
3816	1363
3817	1425
3818	1226
3819	1349
3820	1329
3821	1265
3822	1187
3823	1255
3824	1290
3825	1278
3826	1304
3827	1342
3828	1342
3829	1257
3830	1261
3831	1310
3832	1238
3833	1336
3834	1276
3835	1316
3836	1176
3837	1167
3838	1132
3839	1267
3840	1303
3841	1196
3842	1267
3843	1163
3844	1249
3845	1275
3846	1304
3847	1221
3848	1215
3849	1235
3850	1339
3851	1257
3852	1241
3853	1223
3854	1344
3855	1268
3856	1258
3857	1207
3858	1075
3859	1275
3860	1237
3861	1245
3862	1225
3863	1235
3864	1202
3865	1261
3866	1253
3867	1220
3868	1179
3869	1155
3870	1203
3871	1234
3872	1167
3873	1275
3874	1312
3875	1217
3876	1264
3877	1199
3878	1210
3879	1297
3880	1247
3881	1179
3882	1271
3883	1185
3884	1193
3885	1218
3886	1181
3887	1213
3888	1268
3889	1295
3890	1206
3891	1112
3892	1249
3893	1215
3894	1275
3895	1314
3896	1209
3897	1308
3898	1325
3899	1314
3900	1298
3901	1343
3902	1304
3903	1180
3904	1203
3905	1129
3906	1296
3907	1241
3908	1181
3909	1257
3910	1324
3911	1302
3912	1357
3913	1268
3914	1295
3915	1224
3916	1257
3917	1399
3918	1256
3919	1316
3920	1399
3921	1368
3922	1354
3923	1306
3924	1372
3925	1469
3926	1391
3927	1416
3928	1520
3929	1283
3930	1367
3931	1439
3932	1448
3933	1487
3934	1514
3935	1296
3936	1381
3937	1282
3938	1481
3939	1494
3940	1366
3941	1331
3942	1418
3943	1427
3944	1364
3945	1251
3946	1380
3947	1442
3948	1371
3949	1282
3950	1334
3951	1377
3952	1434
3953	1426
3954	1293
3955	1525
3956	1428
3957	1269
3958	1408
3959	1385
3960	1509
3961	1325
3962	1379
3963	1326
3964	1343
3965	1448
3966	1407
3967	1444
3968	1367
3969	1339
3970	1353
3971	1333
3972	1348
3973	1393
3974	1239
3975	1424
3976	1479
3977	1421
3978	1507
3979	1295
3980	1400
3981	1336
3982	1305
3983	1340
3984	1313
3985	1339
3986	1271
3987	1392
3988	1379
3989	1182
3990	1252
3991	1375
3992	1335
3993	1280
3994	1202
3995	1301
3996	1224
3997	1286
3998	1309
3999	1314
4000	1207
4001	1266
4002	1336
4003	1366
4004	1290
4005	1303
4006	1213
4007	1339
4008	1311
4009	1397
4010	1295
4011	1218
4012	1318
4013	1204
4014	1336
4015	1290
4016	1356
4017	1247
4018	1254
4019	1297
4020	1385
4021	1433
4022	1424
4023	1352
4024	1391
4025	1261
4026	1322
4027	1368
4028	1275
4029	1369
4030	1232
4031	1368
4032	1410
4033	1361
4034	1305
4035	1297
4036	1298
4037	1257
4038	1235
4039	1218
4040	1267
4041	1338
4042	1187
4043	1220
4044	1168
4045	1371
4046	1298
4047	1274
4048	1203
4049	1321
4050	1291
4051	1312
4052	1330
4053	1211
4054	1207
4055	1197
4056	1269
4057	1280
4058	1287
4059	1150
4060	1233
4061	1368
4062	1276
4063	1225
4064	1203
4065	1263
4066	1351
4067	1273
4068	1286
4069	1290
4070	1249
4071	1216
4072	1357
4073	1234
4074	1233
4075	1271
4076	1336
4077	1175
4078	1264
4079	1193
4080	1290
4081	1240
4082	1281
4083	1268
4084	1168
4085	1247
4086	1242
4087	1170
4088	1281
4089	1152
4090	1202
4091	1202
4092	1227
4093	1178
4094	1231
4095	1103
4096	1351
4097	1180
4098	1304
4099	1323
4100	1258
4101	1164
4102	1187
4103	1156
4104	1185
4105	1239
4106	1180
4107	1197
4108	1198
4109	1289
4110	1230
4111	1233
4112	1141
4113	1324
4114	1244
4115	1154
4116	1156
4117	1205
4118	1217
4119	1317
4120	1278
4121	1189
4122	1161
4123	1347
4124	1282
4125	1298
4126	1257
4127	1177
4128	1255
4129	1184
4130	1261
4131	1084
4132	1098
4133	1126
4134	1182
4135	1084
4136	1129
4137	1256
4138	1213
4139	1169
4140	1200
4141	1167
4142	1181
4143	1322
4144	1157
4145	1124
4146	1183
4147	1282
4148	1125
4149	1156
4150	1128
4151	1186
4152	1114
4153	1236
4154	1107
4155	1257
4156	1237
4157	1113
4158	1156
4159	1138
4160	1143
4161	1094
4162	1173
4163	1204
4164	1178
4165	1196
4166	1205
4167	1131
4168	1143
4169	996
4170	1152
4171	1062
4172	1229
4173	1179
4174	1188
4175	1080
4176	1156
4177	1226
4178	1144
4179	1200
4180	1121
4181	1109
4182	1167
4183	1119
4184	1111
4185	1179
4186	1230
4187	1129
4188	1148
4189	1122
4190	1090
4191	1209
4192	1063
4193	1086
4194	1057
4195	1065
4196	1082
4197	1188
4198	1103
4199	1040
4200	1106
4201	1096
4202	1100
4203	1034
4204	1147
4205	1183
4206	1279
4207	1155
4208	1097
4209	1127
4210	1144
4211	1118
4212	1089
4213	1129
4214	1142
4215	1016
4216	1065
4217	1050
4218	1311
4219	1147
4220	1140
4221	1166
4222	1001
4223	1150
4224	1024
4225	1115
4226	1039
4227	1171
4228	1147
4229	1120
4230	1078
4231	1149
4232	1052
4233	1124
4234	1040
4235	1079
4236	1094
4237	1222
4238	1083
4239	1127
4240	1112
4241	1144
4242	1066
4243	1198
4244	1093
4245	1113
4246	1088
4247	1088
4248	1114
4249	1030
4250	1099
4251	1125
4252	1142
4253	1003
4254	1244
4255	1203
4256	1154
4257	1183
4258	1025
4259	1039
4260	1069
4261	1010
4262	1121
4263	1199
4264	1132
4265	1120
4266	1131
4267	1181
4268	1187
4269	1167
4270	1193
4271	1093
4272	1084
4273	1251
4274	1155
4275	1072
4276	1133
4277	1191
4278	1201
4279	1226
4280	1147
4281	1109
4282	1230
4283	1145
4284	1190
4285	1173
4286	1149
4287	1116
4288	1226
4289	1166
4290	1115
4291	1156
4292	1136
4293	1167
4294	1185
4295	1166
4296	1238
4297	1134
4298	1154
4299	1016
4300	1211
4301	1123
4302	1150
4303	1167
4304	1109
4305	1030
4306	1204
4307	1260
4308	1159
4309	1077
4310	1201
4311	1119
4312	1325
4313	1131
4314	1232
4315	1123
4316	1255
4317	1097
4318	1126
4319	1071
4320	1122
4321	1085
4322	970
4323	1066
4324	1033
4325	1056
4326	1129
4327	1043
4328	1159
4329	1181
4330	1169
4331	1180
4332	1084
4333	1153
4334	1149
4335	1033
4336	1137
4337	1127
4338	1086
4339	1149
4340	1081
4341	1061
4342	1047
4343	1206
4344	1222
4345	1022
4346	1052
4347	1100
4348	1038
4349	1042
4350	1095
4351	1084
4352	1085
4353	1193
4354	1091
4355	1037
4356	1116
4357	1074
4358	1197
4359	1112
4360	1094
4361	1081
4362	988
4363	1096
4364	1063
4365	989
4366	1046
4367	1085
4368	1110
4369	1079
4370	1019
4371	1178
4372	1159
4373	1077
4374	1029
4375	1118
4376	1141
4377	1103
4378	1138
4379	1048
4380	1004
4381	1060
4382	1024
4383	1059
4384	1094
4385	1018
4386	973
4387	984
4388	1010
4389	1044
4390	1119
4391	1170
4392	978
4393	1059
4394	993
4395	1018
4396	1123
4397	1013
4398	976
4399	1104
4400	1144
4401	966
4402	957
4403	1072
4404	1022
4405	991
4406	1158
4407	973
4408	1048
4409	1004
4410	1044
4411	1120
4412	1079
4413	1151
4414	1028
4415	1037
4416	1106
4417	1097
4418	1021
4419	1033
4420	1002
4421	1093
4422	1100
4423	1111
4424	946
4425	1092
4426	1004
4427	1078
4428	1040
4429	940
4430	1071
4431	1011
4432	1015
4433	989
4434	1039
4435	943
4436	1066
4437	968
4438	1019
4439	864
4440	1008
4441	968
4442	1000
4443	942
4444	950
4445	947
4446	989
4447	1045
4448	1083
4449	854
4450	831
4451	1037
4452	1035
4453	1038
4454	969
4455	1042
4456	1006
4457	1018
4458	948
4459	955
4460	1033
4461	979
4462	1020
4463	935
4464	973
4465	1014
4466	928
4467	896
4468	958
4469	865
4470	924
4471	1058
4472	998
4473	1060
4474	922
4475	1010
4476	967
4477	952
4478	956
4479	919
4480	1060
4481	1045
4482	980
4483	961
4484	1009
4485	1001
4486	1052
4487	1046
4488	884
4489	937
4490	914
4491	973
4492	1015
4493	968
4494	948
4495	992
4496	997
4497	868
4498	961
4499	878
4500	930
4501	935
4502	929
4503	1003
4504	909
4505	921
4506	1069
4507	902
4508	920
4509	983
4510	1005
4511	1033
4512	1062
4513	960
4514	926
4515	906
4516	993
4517	998
4518	962
4519	934
4520	988
4521	957
4522	1008
4523	1013
4524	931
4525	922
4526	953
4527	900
4528	949
4529	990
4530	981
4531	925
4532	984
4533	1001
4534	967
4535	1002
4536	956
4537	1028
4538	926
4539	962
4540	897
4541	943
4542	1015
4543	956
4544	1041
4545	931
4546	982
4547	928
4548	910
4549	1004
4550	1046
4551	881
4552	975
4553	914
4554	899
4555	978
4556	941
4557	827
4558	866
4559	932
4560	941
4561	911
4562	1001
4563	867
4564	1016
4565	938
4566	930
4567	916
4568	873
4569	936
4570	822
4571	865
4572	930
4573	851
4574	836
4575	949
4576	910
4577	921
4578	900
4579	927
4580	1037
4581	905
4582	957
4583	967
4584	902
4585	1055
4586	888
4587	903
4588	1008
4589	869
4590	928
4591	970
4592	847
4593	930
4594	917
4595	901
4596	1008
4597	996
4598	928
4599	1024
4600	862
4601	921
4602	1033
4603	925
4604	928
4605	994
4606	945
4607	909
4608	994
4609	936
4610	1005
4611	878
4612	1019
4613	945
4614	965
4615	983
4616	1063
4617	997
4618	1063
4619	1043
4620	999
4621	1013
4622	1043
4623	1066
4624	961
4625	963
4626	1002
4627	996
4628	1048
4629	1028
4630	953
4631	1071
4632	1045
4633	948
4634	1038
4635	1019
4636	949
4637	1006
4638	998
4639	1111
4640	1060
4641	931
4642	991
4643	992
4644	918
4645	1015
4646	1027
4647	1033
4648	1090
4649	918
4650	1011
4651	987
4652	1086
4653	1021
4654	990
4655	1001
4656	1059
4657	1020
4658	994
4659	975
4660	1010
4661	975
4662	1058
4663	1047
4664	944
4665	1044
4666	982
4667	1142
4668	942
4669	994
4670	990
4671	996
4672	994
4673	1045
4674	946
4675	944
4676	960
4677	1025
4678	964
4679	864
4680	1026
4681	985
4682	1076
4683	980
4684	976
4685	1088
4686	1065
4687	1019
4688	976
4689	978
4690	923
4691	960
4692	930
4693	867
4694	1011
4695	855
4696	1042
4697	895
4698	1042
4699	931
4700	998
4701	908
4702	943
4703	1019
4704	995
4705	985
4706	919
4707	902
4708	932
4709	1011
4710	1021
4711	945
4712	986
4713	1035
4714	930
4715	936
4716	895
4717	909
4718	905
4719	965
4720	1005
4721	1068
4722	841
4723	826
4724	899
4725	997
4726	977
4727	947
4728	937
4729	806
4730	1007
4731	940
4732	950
4733	994
4734	968
4735	981
4736	906
4737	1016
4738	912
4739	946
4740	961
4741	936
4742	964
4743	947
4744	1004
4745	984
4746	912
4747	1039
4748	977
4749	922
4750	1031
4751	916
4752	1016
4753	923
4754	871
4755	936
4756	953
4757	1053
4758	944
4759	976
4760	928
4761	1012
4762	1004
4763	1039
4764	902
4765	1012
4766	999
4767	1089
4768	1101
4769	1017
4770	966
4771	938
4772	1032
4773	964
4774	991
4775	962
4776	946
4777	1088
4778	1017
4779	1019
4780	915
4781	997
4782	1061
4783	984
4784	999
4785	1021
4786	1007
4787	1048
4788	996
4789	912
4790	908
4791	999
4792	1014
4793	1074
4794	997
4795	1010
4796	963
4797	947
4798	925
4799	1087
4800	1080
4801	1056
4802	1024
4803	1012
4804	1064
4805	1006
4806	998
4807	1109
4808	1137
4809	992
4810	1085
4811	981
4812	947
4813	1010
4814	1037
4815	1083
4816	984
4817	1020
4818	1016
4819	1053
4820	1093
4821	941
4822	1062
4823	993
4824	1078
4825	1049
4826	1069
4827	1001
4828	1085
4829	1091
4830	1005
4831	1022
4832	1099
4833	983
4834	1078
4835	962
4836	979
4837	987
4838	982
4839	1048
4840	1121
4841	1090
4842	1131
4843	1232
4844	1043
4845	1098
4846	1102
4847	971
4848	967
4849	1134
4850	1226
4851	1152
4852	1270
4853	1224
4854	1385
4855	917
4856	926
4857	1000
4858	959
4859	965
4860	1046
4861	1075
4862	928
4863	956
4864	907
4865	977
4866	936
4867	911
4868	965
4869	1107
4870	998
4871	971
4872	868
4873	967
4874	956
4875	887
4876	847
4877	923
4878	958
4879	994
4880	985
4881	989
4882	938
4883	959
4884	877
4885	900
4886	904
4887	1006
4888	922
4889	983
4890	866
4891	964
4892	1005
4893	896
4894	846
4895	925
4896	977
4897	874
4898	914
4899	827
4900	963
4901	904
4902	980
4903	977
4904	793
4905	955
4906	937
4907	972
4908	741
4909	893
4910	872
4911	876
4912	984
4913	885
4914	889
4915	891
4916	869
4917	879
4918	901
4919	878
4920	795
4921	905
4922	909
4923	797
4924	825
4925	843
4926	838
4927	881
4928	920
4929	873
4930	836
4931	861
4932	942
4933	834
4934	929
4935	874
4936	887
4937	851
4938	846
4939	818
4940	941
4941	869
4942	815
4943	948
4944	813
4945	915
4946	892
4947	950
4948	871
4949	899
4950	964
4951	907
4952	874
4953	931
4954	916
4955	910
4956	889
4957	872
4958	921
4959	994
4960	831
4961	877
4962	981
4963	906
4964	918
4965	994
4966	907
4967	860
4968	831
4969	1021
4970	882
4971	981
4972	884
4973	874
4974	883
4975	888
4976	868
4977	879
4978	890
4979	786
4980	930
4981	910
4982	869
4983	801
4984	840
4985	933
4986	843
4987	841
4988	858
4989	775
4990	908
4991	960
4992	792
4993	788
4994	851
4995	898
4996	823
4997	967
4998	875
4999	802
5000	847
5001	899
5002	815
5003	843
5004	888
5005	902
5006	865
5007	881
5008	962
5009	820
5010	954
5011	895
5012	856
5013	911
5014	849
5015	922
5016	816
5017	945
5018	828
5019	783
5020	877
5021	885
5022	804
5023	878
5024	890
5025	908
5026	858
5027	865
5028	773
5029	919
5030	899
5031	853
5032	891
5033	737
5034	933
5035	846
5036	844
5037	833
5038	906
5039	875
5040	774
5041	756
5042	912
5043	852
5044	923
5045	824
5046	841
5047	815
5048	749
5049	862
5050	833
5051	815
5052	795
5053	858
5054	906
5055	886
5056	913
5057	811
5058	944
5059	781
5060	827
5061	767
5062	848
5063	771
5064	876
5065	821
5066	745
5067	765
5068	829
5069	786
5070	781
5071	825
5072	856
5073	902
5074	913
5075	886
5076	845
5077	844
5078	899
5079	868
5080	860
5081	876
5082	744
5083	905
5084	850
5085	796
5086	887
5087	788
5088	812
5089	829
5090	825
5091	792
5092	883
5093	849
5094	891
5095	790
5096	793
5097	836
5098	835
5099	860
5100	898
5101	717
5102	879
5103	793
5104	865
5105	744
5106	841
5107	765
5108	818
5109	752
5110	843
5111	848
5112	930
5113	780
5114	873
5115	744
5116	834
5117	757
5118	799
5119	844
5120	885
5121	814
5122	791
5123	807
5124	777
5125	732
5126	793
5127	837
5128	758
5129	791
5130	861
5131	747
5132	736
5133	768
5134	751
5135	809
5136	810
5137	814
5138	799
5139	820
5140	765
5141	811
5142	740
5143	801
5144	856
5145	835
5146	777
5147	777
5148	759
5149	832
5150	848
5151	878
5152	716
5153	795
5154	820
5155	767
5156	838
5157	781
5158	818
5159	662
5160	842
5161	760
5162	741
5163	753
5164	749
5165	758
5166	819
5167	822
5168	840
5169	808
5170	761
5171	691
5172	802
5173	832
5174	833
5175	833
5176	886
5177	824
5178	873
5179	739
5180	917
5181	761
5182	704
5183	851
5184	816
5185	761
5186	877
5187	776
5188	872
5189	827
5190	767
5191	759
5192	722
5193	782
5194	819
5195	790
5196	773
5197	917
5198	849
5199	787
5200	826
5201	786
5202	743
5203	809
5204	811
5205	715
5206	913
5207	824
5208	838
5209	850
5210	686
5211	754
5212	723
5213	760
5214	762
5215	849
5216	755
5217	797
5218	866
5219	723
5220	713
5221	784
5222	857
5223	819
5224	754
5225	839
5226	786
5227	810
5228	842
5229	817
5230	833
5231	745
5232	726
5233	808
5234	876
5235	795
5236	761
5237	900
5238	809
5239	883
5240	844
5241	861
5242	809
5243	766
5244	785
5245	914
5246	915
5247	882
5248	809
5249	830
5250	891
5251	748
5252	816
5253	830
5254	794
5255	787
5256	797
5257	825
5258	777
5259	779
5260	822
5261	748
5262	811
5263	828
5264	796
5265	791
5266	763
5267	744
5268	924
5269	814
5270	788
5271	829
5272	795
5273	757
5274	766
5275	864
5276	837
5277	838
5278	709
5279	788
5280	726
5281	847
5282	716
5283	770
5284	838
5285	733
5286	793
5287	723
5288	816
5289	798
5290	667
5291	765
5292	804
5293	705
5294	779
5295	691
5296	759
5297	794
5298	816
5299	809
5300	816
5301	847
5302	652
5303	795
5304	761
5305	830
5306	771
5307	745
5308	778
5309	747
5310	784
5311	708
5312	793
5313	719
5314	812
5315	639
5316	801
5317	783
5318	815
5319	716
5320	756
5321	773
5322	681
5323	710
5324	794
5325	757
5326	744
5327	798
5328	782
5329	744
5330	829
5331	670
5332	725
5333	774
5334	753
5335	762
5336	752
5337	763
5338	750
5339	756
5340	713
5341	670
5342	805
5343	738
5344	727
5345	662
5346	753
5347	755
5348	737
5349	667
5350	761
5351	703
5352	697
5353	739
5354	694
5355	741
5356	785
5357	699
5358	731
5359	708
5360	743
5361	805
5362	762
5363	810
5364	732
5365	794
5366	719
5367	776
5368	754
5369	845
5370	805
5371	857
5372	804
5373	783
5374	754
5375	758
5376	746
5377	789
5378	748
5379	743
5380	785
5381	727
5382	835
5383	766
5384	728
5385	733
5386	677
5387	858
5388	792
5389	766
5390	787
5391	813
5392	831
5393	808
5394	805
5395	738
5396	843
5397	766
5398	749
5399	788
5400	821
5401	767
5402	802
5403	773
5404	741
5405	755
5406	750
5407	761
5408	786
5409	811
5410	944
5411	787
5412	844
5413	832
5414	846
5415	907
5416	832
5417	851
5418	824
5419	892
5420	831
5421	882
5422	840
5423	735
5424	866
5425	796
5426	817
5427	817
5428	801
5429	756
5430	863
5431	826
5432	866
5433	772
5434	876
5435	895
5436	837
5437	804
5438	889
5439	858
5440	834
5441	817
5442	824
5443	838
5444	928
5445	934
5446	836
5447	925
5448	918
5449	875
5450	789
5451	853
5452	762
5453	815
5454	857
5455	772
5456	778
5457	819
5458	843
5459	799
5460	862
5461	831
5462	805
5463	904
5464	853
5465	885
5466	903
5467	873
5468	842
5469	839
5470	887
5471	834
5472	850
5473	949
5474	892
5475	844
5476	893
5477	895
5478	843
5479	822
5480	849
5481	852
5482	908
5483	856
5484	847
5485	957
5486	821
5487	875
5488	930
5489	890
5490	900
5491	884
5492	976
5493	803
5494	957
5495	855
5496	837
5497	803
5498	892
5499	888
5500	867
5501	868
5502	833
5503	968
5504	833
5505	916
5506	907
5507	836
5508	907
5509	897
5510	869
5511	931
5512	799
5513	822
5514	855
5515	874
5516	831
5517	826
5518	834
5519	891
5520	826
5521	930
5522	834
5523	816
5524	832
5525	888
5526	889
5527	840
5528	813
5529	900
5530	951
5531	851
5532	818
5533	853
5534	837
5535	928
5536	928
5537	888
5538	896
5539	859
5540	841
5541	946
5542	806
5543	848
5544	948
5545	818
5546	919
5547	788
5548	883
5549	880
5550	847
5551	829
5552	857
5553	912
5554	787
5555	921
5556	886
5557	932
5558	836
5559	837
5560	911
5561	864
5562	901
5563	862
5564	787
5565	847
5566	871
5567	949
5568	873
5569	803
5570	841
5571	863
5572	914
5573	843
5574	941
5575	919
5576	799
5577	872
5578	808
5579	849
5580	842
5581	873
5582	906
5583	831
5584	831
5585	832
5586	787
5587	817
5588	796
5589	890
5590	800
5591	903
5592	856
5593	916
5594	879
5595	901
5596	856
5597	973
5598	886
5599	786
5600	931
5601	807
5602	859
5603	865
5604	900
5605	898
5606	933
5607	889
5608	879
5609	942
5610	895
5611	896
5612	805
5613	780
5614	865
5615	935
5616	867
5617	788
5618	806
5619	844
5620	881
5621	909
5622	823
5623	892
5624	966
5625	863
5626	766
5627	914
5628	834
5629	904
5630	953
5631	900
5632	890
5633	976
5634	915
5635	887
5636	818
5637	852
5638	856
5639	848
5640	790
5641	819
5642	818
5643	832
5644	804
5645	726
5646	868
5647	828
5648	837
5649	845
5650	889
5651	859
5652	876
5653	770
5654	777
5655	748
5656	923
5657	872
5658	879
5659	836
5660	871
5661	921
5662	905
5663	842
5664	862
5665	893
5666	861
5667	823
5668	910
5669	783
5670	890
5671	759
5672	898
5673	838
5674	865
5675	747
5676	684
5677	797
5678	739
5679	845
5680	791
5681	851
5682	784
5683	769
5684	763
5685	852
5686	809
5687	788
5688	718
5689	924
5690	820
5691	793
5692	851
5693	856
5694	930
5695	813
5696	857
5697	767
5698	827
5699	871
5700	802
5701	897
5702	783
5703	810
5704	853
5705	800
5706	817
5707	755
5708	777
5709	744
5710	780
5711	841
5712	830
5713	835
5714	819
5715	819
5716	816
5717	706
5718	801
5719	843
5720	735
5721	715
5722	849
5723	710

