## htsjdk.samtools.metrics.StringHeader
# CollectInsertSizeMetrics HISTOGRAM_FILE=/work/ugbogu/pipeline/data/nbl/GSE189367/results/picard/SRR17010978_insert_size_histogram.pdf MINIMUM_PCT=0.5 INPUT=/work/ugbogu/pipeline/data/nbl/GSE189367/results/star/SRR17010978.Aligned.sortedByCoord.out.bam OUTPUT=/work/ugbogu/pipeline/data/nbl/GSE189367/results/picard/SRR17010978_insert_size_metrics.txt    DEVIATIONS=10.0 METRIC_ACCUMULATION_LEVEL=[ALL_READS] INCLUDE_DUPLICATES=false ASSUME_SORTED=true STOP_AFTER=0 VERBOSITY=INFO QUIET=false VALIDATION_STRINGENCY=STRICT COMPRESSION_LEVEL=5 MAX_RECORDS_IN_RAM=500000 CREATE_INDEX=false CREATE_MD5_FILE=false USE_JDK_DEFLATER=false USE_JDK_INFLATER=false
## htsjdk.samtools.metrics.StringHeader
# Started on: Fri Apr 10 03:14:26 UTC 2026

## METRICS CLASS	picard.analysis.InsertSizeMetrics
MEDIAN_INSERT_SIZE	MODE_INSERT_SIZE	MEDIAN_ABSOLUTE_DEVIATION	MIN_INSERT_SIZE	MAX_INSERT_SIZE	MEAN_INSERT_SIZE	STANDARD_DEVIATION	READ_PAIRS	PAIR_ORIENTATION	WIDTH_OF_10_PERCENT	WIDTH_OF_20_PERCENT	WIDTH_OF_30_PERCENT	WIDTH_OF_40_PERCENT	WIDTH_OF_50_PERCENT	WIDTH_OF_60_PERCENT	WIDTH_OF_70_PERCENT	WIDTH_OF_80_PERCENT	WIDTH_OF_90_PERCENT	WIDTH_OF_95_PERCENT	WIDTH_OF_99_PERCENT	SAMPLE	LIBRARY	READ_GROUP
681	133	554	30	2735093	1128.889241	1422.887271	21730165	FR	479	811	967	1051	1109	1293	3343	7401	22067	82919	154265			

## HISTOGRAM	java.lang.Integer
insert_size	All_Reads.fr_count
30	1
31	3
32	6
33	8
34	14
35	89
36	108
37	148
38	182
39	144
40	202
41	201
42	213
43	219
44	216
45	238
46	264
47	269
48	291
49	359
50	368
51	374
52	377
53	448
54	417
55	419
56	447
57	537
58	676
59	673
60	767
61	829
62	960
63	1109
64	1133
65	1137
66	1289
67	1407
68	1702
69	1835
70	1821
71	2084
72	2365
73	2687
74	2905
75	3965
76	3801
77	4010
78	4568
79	4844
80	5409
81	5789
82	6403
83	7234
84	7899
85	9132
86	9851
87	10865
88	11508
89	12775
90	13661
91	15610
92	17077
93	18528
94	19656
95	21502
96	23306
97	25888
98	26793
99	29756
100	31401
101	33546
102	34396
103	36592
104	39969
105	42190
106	44326
107	46036
108	48195
109	50018
110	51515
111	52954
112	55027
113	56517
114	58390
115	60004
116	61906
117	62688
118	64735
119	67161
120	68048
121	68979
122	70094
123	71878
124	73679
125	74016
126	72497
127	74750
128	74061
129	73570
130	75395
131	75696
132	75440
133	80404
134	79767
135	76134
136	77254
137	76081
138	73843
139	74023
140	75330
141	74057
142	74039
143	73635
144	72532
145	72304
146	70593
147	69407
148	69087
149	68371
150	67110
151	68761
152	66668
153	66575
154	65259
155	64619
156	63922
157	63970
158	63058
159	61632
160	61172
161	59336
162	59308
163	58003
164	56603
165	55587
166	55402
167	54940
168	54657
169	54239
170	54188
171	51716
172	51467
173	51348
174	50293
175	49760
176	49045
177	47249
178	47819
179	47165
180	46494
181	45776
182	45133
183	44430
184	43656
185	42461
186	42107
187	42374
188	41953
189	40150
190	39686
191	39654
192	39013
193	38433
194	38026
195	37858
196	36816
197	37000
198	36257
199	36207
200	35722
201	35599
202	34893
203	34396
204	34132
205	33267
206	32919
207	32409
208	32329
209	32155
210	31522
211	31401
212	31580
213	31230
214	30101
215	29923
216	29431
217	29724
218	29247
219	28669
220	29353
221	28315
222	28081
223	27713
224	27966
225	26888
226	27550
227	27275
228	26065
229	26392
230	25655
231	25647
232	25828
233	25931
234	25296
235	25063
236	25022
237	24027
238	24148
239	23650
240	23534
241	23137
242	23323
243	23297
244	22491
245	22601
246	22728
247	22205
248	21873
249	21505
250	21176
251	21449
252	21095
253	21129
254	20523
255	20131
256	20498
257	19844
258	19903
259	19971
260	19557
261	19257
262	19176
263	19510
264	19108
265	19111
266	18746
267	18319
268	18498
269	18005
270	17946
271	18178
272	17414
273	18081
274	17635
275	17232
276	17352
277	16810
278	17631
279	16765
280	16678
281	16417
282	16118
283	16306
284	15993
285	15709
286	15977
287	15450
288	15193
289	14899
290	15111
291	14957
292	14933
293	14840
294	14546
295	14244
296	14188
297	13777
298	13796
299	13686
300	13471
301	13472
302	13223
303	13683
304	13372
305	12973
306	13337
307	12867
308	13251
309	13054
310	12896
311	12520
312	12693
313	12694
314	12465
315	12415
316	12284
317	12156
318	11947
319	11583
320	11740
321	11883
322	11374
323	11935
324	11452
325	11121
326	11129
327	10990
328	10794
329	10945
330	10994
331	11134
332	10656
333	10397
334	10689
335	10264
336	10620
337	11000
338	10238
339	10003
340	10365
341	10047
342	10162
343	9545
344	10034
345	9838
346	9619
347	9614
348	9623
349	9509
350	9545
351	9322
352	9264
353	9247
354	9401
355	8980
356	9002
357	8850
358	8654
359	9030
360	9066
361	8982
362	8745
363	8736
364	8425
365	8717
366	8881
367	8314
368	8584
369	8548
370	8476
371	8435
372	8149
373	8302
374	8386
375	8067
376	8514
377	8654
378	7817
379	8082
380	8105
381	7900
382	7729
383	7896
384	7974
385	7942
386	8036
387	7941
388	7926
389	7445
390	7733
391	7695
392	7633
393	7705
394	7746
395	7724
396	7572
397	7382
398	7403
399	7650
400	7388
401	7384
402	7359
403	7063
404	6812
405	7209
406	7016
407	6995
408	7141
409	7237
410	7010
411	7009
412	6928
413	6778
414	6650
415	6594
416	6743
417	6820
418	6696
419	6790
420	6700
421	6451
422	6459
423	6739
424	6736
425	6786
426	6523
427	6508
428	6505
429	6402
430	6365
431	6467
432	6464
433	6395
434	6300
435	6230
436	6230
437	6284
438	6116
439	6205
440	6695
441	6603
442	6228
443	6014
444	6180
445	6009
446	6135
447	6027
448	6255
449	6098
450	6030
451	6183
452	6419
453	6110
454	6112
455	6270
456	6013
457	5710
458	6111
459	6013
460	5937
461	5891
462	5852
463	5795
464	5711
465	5614
466	5808
467	5619
468	5400
469	5638
470	5562
471	5572
472	5828
473	5664
474	5777
475	5594
476	5735
477	5741
478	5580
479	5413
480	5593
481	5638
482	5660
483	5251
484	5374
485	5562
486	5317
487	5396
488	5486
489	5482
490	5480
491	5497
492	5351
493	5377
494	5562
495	5435
496	5507
497	5469
498	5516
499	5658
500	5400
501	5604
502	5183
503	5576
504	5381
505	5581
506	5638
507	5575
508	5427
509	5317
510	5406
511	5294
512	5408
513	5513
514	5478
515	5369
516	5332
517	5132
518	5525
519	5431
520	5595
521	5550
522	5432
523	5485
524	5260
525	5320
526	5237
527	5345
528	5614
529	5484
530	5338
531	5305
532	5439
533	5454
534	5259
535	5398
536	5585
537	5511
538	5400
539	5413
540	5645
541	5311
542	5535
543	5396
544	5474
545	5289
546	5401
547	5213
548	5044
549	5078
550	5396
551	5312
552	5502
553	5347
554	5064
555	5146
556	5153
557	5186
558	5125
559	5208
560	5002
561	5176
562	5437
563	5494
564	5463
565	5281
566	5133
567	4802
568	5205
569	5348
570	5337
571	5430
572	5068
573	5426
574	4975
575	4973
576	5031
577	4875
578	4946
579	4846
580	5021
581	5250
582	5047
583	5130
584	5052
585	5134
586	5050
587	4949
588	5188
589	4913
590	4880
591	4964
592	5051
593	4989
594	5115
595	5069
596	5011
597	5328
598	5102
599	5066
600	4932
601	4663
602	4848
603	4600
604	4765
605	4760
606	4711
607	4674
608	4521
609	4553
610	4797
611	4786
612	4827
613	4895
614	4739
615	4740
616	4839
617	4615
618	4791
619	4777
620	4865
621	4421
622	4598
623	4657
624	4672
625	4845
626	4585
627	4933
628	4522
629	4602
630	4872
631	4624
632	4630
633	4829
634	5003
635	4722
636	4726
637	4702
638	4732
639	4724
640	4640
641	4556
642	4886
643	4575
644	4588
645	4618
646	4646
647	4563
648	4522
649	4707
650	4388
651	4357
652	4767
653	4500
654	4441
655	4765
656	4627
657	4493
658	4544
659	4635
660	4579
661	4486
662	4618
663	4765
664	4597
665	4453
666	4476
667	4686
668	4593
669	4617
670	4571
671	4515
672	4498
673	4518
674	4599
675	4240
676	4455
677	4385
678	4445
679	4605
680	4760
681	4605
682	4593
683	4522
684	4532
685	4462
686	4414
687	4437
688	4239
689	4467
690	4500
691	4643
692	4723
693	4962
694	4500
695	4480
696	4573
697	4686
698	4188
699	4676
700	4469
701	4361
702	4441
703	4530
704	4314
705	4482
706	4290
707	4608
708	4502
709	4439
710	4420
711	4362
712	4380
713	4255
714	4386
715	4306
716	4398
717	4260
718	4298
719	4220
720	4203
721	4310
722	4253
723	4362
724	4492
725	4132
726	4219
727	4210
728	4224
729	4194
730	4160
731	4195
732	4141
733	4143
734	4336
735	4378
736	4389
737	4127
738	4211
739	4132
740	4332
741	4112
742	4294
743	4301
744	4068
745	4186
746	4040
747	3889
748	4032
749	4007
750	4276
751	4166
752	4091
753	4090
754	4111
755	4001
756	3965
757	4041
758	3995
759	4108
760	4155
761	3974
762	4144
763	4188
764	3978
765	3910
766	4095
767	3916
768	3997
769	4038
770	3913
771	3991
772	4208
773	3955
774	4033
775	3646
776	3750
777	3997
778	3710
779	3688
780	4057
781	3820
782	3811
783	3701
784	3970
785	3689
786	3951
787	4069
788	4165
789	3700
790	3696
791	3939
792	3810
793	3825
794	3946
795	3914
796	3858
797	3914
798	3969
799	3897
800	3838
801	3792
802	3988
803	4050
804	3773
805	4016
806	4158
807	3916
808	3886
809	3814
810	3946
811	3859
812	3740
813	3572
814	3978
815	3868
816	4028
817	3909
818	3925
819	3826
820	3907
821	3759
822	3782
823	3772
824	3615
825	3802
826	3949
827	3960
828	4006
829	3638
830	3683
831	3764
832	3676
833	3845
834	3529
835	3728
836	3754
837	3794
838	3854
839	3795
840	3603
841	3593
842	3868
843	3766
844	3585
845	3629
846	3876
847	3715
848	3615
849	3544
850	3699
851	3553
852	3526
853	3549
854	3822
855	3637
856	3537
857	3685
858	3642
859	3727
860	3807
861	3664
862	3425
863	3415
864	3530
865	3481
866	3557
867	3665
868	3574
869	3498
870	3781
871	3688
872	3571
873	3668
874	3727
875	3555
876	3632
877	3751
878	3672
879	3605
880	3675
881	3464
882	3580
883	3547
884	3787
885	3645
886	3791
887	3643
888	3674
889	3758
890	3708
891	3802
892	3620
893	3742
894	3369
895	3662
896	3356
897	3528
898	3556
899	3523
900	3661
901	3601
902	3517
903	3650
904	3558
905	3626
906	3688
907	3528
908	3431
909	3524
910	3508
911	3715
912	3527
913	3656
914	3549
915	3631
916	3364
917	3766
918	3577
919	3632
920	3789
921	3689
922	3787
923	3476
924	3573
925	3600
926	3515
927	3609
928	3394
929	3537
930	3585
931	3406
932	3675
933	3438
934	3523
935	3526
936	3461
937	3610
938	3586
939	3480
940	3550
941	3503
942	3474
943	3436
944	3397
945	3653
946	3609
947	3446
948	3329
949	3495
950	3529
951	3520
952	3582
953	3380
954	3318
955	3510
956	3395
957	3316
958	3208
959	3411
960	3324
961	3419
962	3522
963	3374
964	3317
965	3394
966	3337
967	3404
968	3379
969	3240
970	3392
971	3211
972	3464
973	3298
974	3404
975	3331
976	3277
977	3344
978	3573
979	3402
980	3527
981	3371
982	3470
983	3326
984	3312
985	3247
986	3132
987	3575
988	3447
989	3301
990	3251
991	3392
992	3316
993	3360
994	3234
995	3312
996	3128
997	3279
998	3395
999	3201
1000	3215
1001	3126
1002	3242
1003	3086
1004	3032
1005	3208
1006	3308
1007	3260
1008	3449
1009	3119
1010	3031
1011	3131
1012	3120
1013	3193
1014	3448
1015	3344
1016	3186
1017	3214
1018	3044
1019	3466
1020	3293
1021	3120
1022	3153
1023	3181
1024	3096
1025	2923
1026	3128
1027	3034
1028	3162
1029	3070
1030	3066
1031	2982
1032	3073
1033	3150
1034	3005
1035	2958
1036	3068
1037	2981
1038	3134
1039	2982
1040	2993
1041	3013
1042	2972
1043	2993
1044	3030
1045	3074
1046	3066
1047	3133
1048	3043
1049	2856
1050	3060
1051	3130
1052	3067
1053	3082
1054	3100
1055	3119
1056	2984
1057	3093
1058	2870
1059	2983
1060	2924
1061	3018
1062	2863
1063	2984
1064	3055
1065	2915
1066	2929
1067	2967
1068	2800
1069	2679
1070	3018
1071	2920
1072	2789
1073	2657
1074	2781
1075	2835
1076	2854
1077	2816
1078	2904
1079	2795
1080	2964
1081	2843
1082	2764
1083	2945
1084	2764
1085	2839
1086	2832
1087	2973
1088	2959
1089	2813
1090	2697
1091	2702
1092	2792
1093	2875
1094	2838
1095	2946
1096	2856
1097	2807
1098	2718
1099	2775
1100	2679
1101	2750
1102	2688
1103	2887
1104	3020
1105	2840
1106	2803
1107	2825
1108	2792
1109	2880
1110	2988
1111	2924
1112	2772
1113	2658
1114	2851
1115	2922
1116	2781
1117	2800
1118	2795
1119	2868
1120	2852
1121	2839
1122	2840
1123	3125
1124	3181
1125	3080
1126	2644
1127	2907
1128	2830
1129	2806
1130	2975
1131	2892
1132	2997
1133	2801
1134	2789
1135	2819
1136	2783
1137	2898
1138	2831
1139	2791
1140	2856
1141	2979
1142	3004
1143	3003
1144	3050
1145	3024
1146	3017
1147	2797
1148	3024
1149	2920
1150	2851
1151	2882
1152	2920
1153	3018
1154	3096
1155	2997
1156	3092
1157	3162
1158	3129
1159	3029
1160	3185
1161	3115
1162	2897
1163	3013
1164	3081
1165	2942
1166	2909
1167	2962
1168	2912
1169	2828
1170	3024
1171	2885
1172	2858
1173	2936
1174	3085
1175	2940
1176	2914
1177	2832
1178	2864
1179	2873
1180	2958
1181	2974
1182	2697
1183	3037
1184	2889
1185	2958
1186	3014
1187	2699
1188	2931
1189	2835
1190	2882
1191	3013
1192	3081
1193	2826
1194	3102
1195	2834
1196	2941
1197	3004
1198	3022
1199	3035
1200	3130
1201	3153
1202	2882
1203	2865
1204	2941
1205	2887
1206	2957
1207	3093
1208	3004
1209	2908
1210	2804
1211	2771
1212	2913
1213	2865
1214	2838
1215	2955
1216	2865
1217	2864
1218	3020
1219	2811
1220	2840
1221	2868
1222	2786
1223	2883
1224	2940
1225	2937
1226	3212
1227	3043
1228	2950
1229	2995
1230	2791
1231	3001
1232	2899
1233	2877
1234	2814
1235	2699
1236	2875
1237	2874
1238	2948
1239	2859
1240	2888
1241	2791
1242	2858
1243	2949
1244	2847
1245	2649
1246	2883
1247	2934
1248	2765
1249	2919
1250	2874
1251	2866
1252	2841
1253	3064
1254	2953
1255	3233
1256	3076
1257	3024
1258	2952
1259	2725
1260	3092
1261	2986
1262	2751
1263	3220
1264	3039
1265	3049
1266	2851
1267	3150
1268	2928
1269	2978
1270	2777
1271	2885
1272	2777
1273	2865
1274	2871
1275	2954
1276	2851
1277	2765
1278	2756
1279	2767
1280	2750
1281	2825
1282	2732
1283	2672
1284	2900
1285	2904
1286	2817
1287	2656
1288	2770
1289	2648
1290	2728
1291	2677
1292	2942
1293	2643
1294	2696
1295	2844
1296	2767
1297	2690
1298	2918
1299	2808
1300	2897
1301	2958
1302	2677
1303	2746
1304	2802
1305	2992
1306	2901
1307	2839
1308	3120
1309	2730
1310	2726
1311	2796
1312	2607
1313	2946
1314	3539
1315	3222
1316	2906
1317	2953
1318	2850
1319	2862
1320	2702
1321	2687
1322	2778
1323	2662
1324	2855
1325	2728
1326	2768
1327	2820
1328	2589
1329	2698
1330	2602
1331	2878
1332	2863
1333	2761
1334	2617
1335	2556
1336	2740
1337	2674
1338	2711
1339	2681
1340	2773
1341	2614
1342	2794
1343	2770
1344	2851
1345	2583
1346	2694
1347	2682
1348	2706
1349	2706
1350	2615
1351	2777
1352	2789
1353	2716
1354	2644
1355	2673
1356	2554
1357	2680
1358	2583
1359	2608
1360	2679
1361	2712
1362	2580
1363	2777
1364	2670
1365	2681
1366	2437
1367	2740
1368	2726
1369	2705
1370	2583
1371	2736
1372	2782
1373	2722
1374	2607
1375	2624
1376	2585
1377	2548
1378	2659
1379	2572
1380	2668
1381	2676
1382	2590
1383	2646
1384	2485
1385	2728
1386	2767
1387	2579
1388	2681
1389	2757
1390	2684
1391	2620
1392	2643
1393	2689
1394	2580
1395	2632
1396	2475
1397	2700
1398	2627
1399	2510
1400	2518
1401	2518
1402	2788
1403	2791
1404	2365
1405	2502
1406	2654
1407	2623
1408	2501
1409	2695
1410	2464
1411	2452
1412	2444
1413	2548
1414	2566
1415	2446
1416	2554
1417	2626
1418	2548
1419	2283
1420	2516
1421	2578
1422	2495
1423	2385
1424	2599
1425	2581
1426	2489
1427	2493
1428	2376
1429	2553
1430	2558
1431	2500
1432	2477
1433	2449
1434	2471
1435	2556
1436	2541
1437	2409
1438	2524
1439	2559
1440	2392
1441	2320
1442	2517
1443	2424
1444	2386
1445	2338
1446	2335
1447	2286
1448	2332
1449	2401
1450	2345
1451	2448
1452	2436
1453	2223
1454	2272
1455	2427
1456	2404
1457	2564
1458	2525
1459	2599
1460	2621
1461	2491
1462	2538
1463	2431
1464	2445
1465	2258
1466	2428
1467	2335
1468	2484
1469	2333
1470	2370
1471	2266
1472	2189
1473	2300
1474	2439
1475	2465
1476	2436
1477	2435
1478	2334
1479	2347
1480	2363
1481	2187
1482	2353
1483	2502
1484	2297
1485	2495
1486	2482
1487	2319
1488	2388
1489	2516
1490	2432
1491	2365
1492	2458
1493	2655
1494	2566
1495	2465
1496	2426
1497	2478
1498	2693
1499	2777
1500	2747
1501	2586
1502	2427
1503	2433
1504	2508
1505	2443
1506	2558
1507	2624
1508	2633
1509	2637
1510	2607
1511	2371
1512	2484
1513	2736
1514	2549
1515	2579
1516	2469
1517	2504
1518	2769
1519	2424
1520	2528
1521	2508
1522	2673
1523	2472
1524	2766
1525	2739
1526	2740
1527	2591
1528	2488
1529	2522
1530	2450
1531	2580
1532	2539
1533	2407
1534	2427
1535	2679
1536	2739
1537	2576
1538	2683
1539	2486
1540	2567
1541	2504
1542	2637
1543	2583
1544	2417
1545	2453
1546	2538
1547	2620
1548	2415
1549	2555
1550	2635
1551	2655
1552	2538
1553	2597
1554	2638
1555	2520
1556	2740
1557	2664
1558	2619
1559	2580
1560	2594
1561	2478
1562	2446
1563	2532
1564	2543
1565	2492
1566	2559
1567	2679
1568	2489
1569	2524
1570	2576
1571	2611
1572	2600
1573	2554
1574	2614
1575	2648
1576	2390
1577	2478
1578	2370
1579	2468
1580	2592
1581	2577
1582	2604
1583	2603
1584	2571
1585	2874
1586	2583
1587	2621
1588	2480
1589	2523
1590	2666
1591	2559
1592	2463
1593	2620
1594	2657
1595	2320
1596	2450
1597	2402
1598	2422
1599	2875
1600	2708
1601	2579
1602	2558
1603	2802
1604	2557
1605	2740
1606	2416
1607	2490
1608	2530
1609	2695
1610	2541
1611	2439
1612	2493
1613	2480
1614	2319
1615	2377
1616	2414
1617	2592
1618	2426
1619	2423
1620	2468
1621	2534
1622	2292
1623	2379
1624	2428
1625	2350
1626	2286
1627	2374
1628	2462
1629	2373
1630	2480
1631	2369
1632	2354
1633	2429
1634	2480
1635	2285
1636	2221
1637	2332
1638	2423
1639	2384
1640	2194
1641	2466
1642	2139
1643	2228
1644	2182
1645	2361
1646	2341
1647	2439
1648	2243
1649	2317
1650	2360
1651	2361
1652	2278
1653	2264
1654	2174
1655	2172
1656	2075
1657	2291
1658	2238
1659	2209
1660	2166
1661	2276
1662	2208
1663	2207
1664	2363
1665	2312
1666	2264
1667	2206
1668	2227
1669	2329
1670	2457
1671	2422
1672	2291
1673	2202
1674	2280
1675	2289
1676	2320
1677	2367
1678	2333
1679	2304
1680	2320
1681	2272
1682	2222
1683	2439
1684	2327
1685	2212
1686	2126
1687	2437
1688	2399
1689	2196
1690	2229
1691	2143
1692	2220
1693	2337
1694	2251
1695	2248
1696	2062
1697	2268
1698	2168
1699	2147
1700	2273
1701	2071
1702	2265
1703	2167
1704	2303
1705	2207
1706	2272
1707	2365
1708	2257
1709	2329
1710	2395
1711	2197
1712	2285
1713	2350
1714	2276
1715	2243
1716	2296
1717	2255
1718	2329
1719	2157
1720	2057
1721	2093
1722	2152
1723	2231
1724	2310
1725	2060
1726	2121
1727	2179
1728	2298
1729	2269
1730	2178
1731	2239
1732	2204
1733	2342
1734	2221
1735	2118
1736	2173
1737	2175
1738	2342
1739	2205
1740	2255
1741	2209
1742	2176
1743	2180
1744	2192
1745	2275
1746	2149
1747	2164
1748	2201
1749	2041
1750	2166
1751	2080
1752	2109
1753	2271
1754	2289
1755	2070
1756	2001
1757	1995
1758	2151
1759	2112
1760	2237
1761	2136
1762	2036
1763	2052
1764	2041
1765	1948
1766	2112
1767	2187
1768	2143
1769	2140
1770	2117
1771	2244
1772	2261
1773	2158
1774	2096
1775	2005
1776	1875
1777	2060
1778	2027
1779	2152
1780	1971
1781	1998
1782	1959
1783	1894
1784	1960
1785	2036
1786	2071
1787	1929
1788	1997
1789	2138
1790	2083
1791	1916
1792	1938
1793	2181
1794	1868
1795	2083
1796	1897
1797	1984
1798	1985
1799	1858
1800	2087
1801	1912
1802	1996
1803	1911
1804	1997
1805	1938
1806	1821
1807	1921
1808	2019
1809	1951
1810	2055
1811	1913
1812	1900
1813	2019
1814	1922
1815	1885
1816	1975
1817	1848
1818	1910
1819	1884
1820	1927
1821	1878
1822	1966
1823	2009
1824	1792
1825	1969
1826	1934
1827	1819
1828	1894
1829	1781
1830	1912
1831	1872
1832	1905
1833	1798
1834	1758
1835	1922
1836	1863
1837	1817
1838	1917
1839	1830
1840	1795
1841	1894
1842	1945
1843	1788
1844	1810
1845	1821
1846	1888
1847	1799
1848	1759
1849	1829
1850	1842
1851	1805
1852	1873
1853	1764
1854	1961
1855	2005
1856	1866
1857	1951
1858	1933
1859	1939
1860	1877
1861	1881
1862	1987
1863	1910
1864	1976
1865	1865
1866	1911
1867	1890
1868	1787
1869	1903
1870	1979
1871	1978
1872	1764
1873	2056
1874	1850
1875	1893
1876	1995
1877	1968
1878	1939
1879	1857
1880	2001
1881	1996
1882	1968
1883	1925
1884	1988
1885	2110
1886	1835
1887	1885
1888	2033
1889	2093
1890	1928
1891	1953
1892	2117
1893	2064
1894	1897
1895	1880
1896	1947
1897	2114
1898	2041
1899	1890
1900	2017
1901	2050
1902	1873
1903	2117
1904	2083
1905	1945
1906	1869
1907	1937
1908	2033
1909	1904
1910	1955
1911	1889
1912	2002
1913	1913
1914	2076
1915	2131
1916	2119
1917	1897
1918	1995
1919	2160
1920	2198
1921	2184
1922	2142
1923	1984
1924	2183
1925	1873
1926	2068
1927	2075
1928	1979
1929	2007
1930	2079
1931	1965
1932	2004
1933	2040
1934	1941
1935	2110
1936	2075
1937	2016
1938	2139
1939	2219
1940	2055
1941	2144
1942	1998
1943	1998
1944	1923
1945	1879
1946	1910
1947	2031
1948	2089
1949	1995
1950	2221
1951	2206
1952	2079
1953	2017
1954	2221
1955	2121
1956	1993
1957	2291
1958	2152
1959	2181
1960	2135
1961	2050
1962	2097
1963	2171
1964	2101
1965	2049
1966	2038
1967	2003
1968	2059
1969	2024
1970	2013
1971	2075
1972	2074
1973	2079
1974	2210
1975	2051
1976	2078
1977	2084
1978	2093
1979	2122
1980	2083
1981	2088
1982	2113
1983	2017
1984	1940
1985	2255
1986	2160
1987	2169
1988	1997
1989	2174
1990	2094
1991	2194
1992	2323
1993	2243
1994	2236
1995	2171
1996	2145
1997	2081
1998	2089
1999	2121
2000	2292
2001	2180
2002	2317
2003	2130
2004	2139
2005	2133
2006	2079
2007	2015
2008	2241
2009	2252
2010	2185
2011	1995
2012	2131
2013	2265
2014	2153
2015	2081
2016	2032
2017	2036
2018	2257
2019	2110
2020	2215
2021	2137
2022	2293
2023	2261
2024	2254
2025	2151
2026	2025
2027	2139
2028	2142
2029	2085
2030	2176
2031	2022
2032	1985
2033	2014
2034	1997
2035	2176
2036	2197
2037	2034
2038	2100
2039	2104
2040	2116
2041	2033
2042	2094
2043	1996
2044	1982
2045	2079
2046	2090
2047	2150
2048	2091
2049	2113
2050	1961
2051	1960
2052	1946
2053	2034
2054	1936
2055	1955
2056	1998
2057	1922
2058	2066
2059	2116
2060	1952
2061	1917
2062	2060
2063	1905
2064	1935
2065	1850
2066	2005
2067	1965
2068	1924
2069	1949
2070	2008
2071	1924
2072	1920
2073	1895
2074	1888
2075	2041
2076	1906
2077	1786
2078	2056
2079	1879
2080	2008
2081	1982
2082	1908
2083	1856
2084	1842
2085	1838
2086	1960
2087	1757
2088	1699
2089	1776
2090	1961
2091	1894
2092	1703
2093	1869
2094	1748
2095	1684
2096	1787
2097	1836
2098	1854
2099	1821
2100	1842
2101	1855
2102	1687
2103	1760
2104	1761
2105	1712
2106	1863
2107	1722
2108	1815
2109	1769
2110	1838
2111	1725
2112	1557
2113	1734
2114	1760
2115	1728
2116	1660
2117	1630
2118	1615
2119	1702
2120	1799
2121	1709
2122	1661
2123	1705
2124	1828
2125	1854
2126	1631
2127	1792
2128	1706
2129	1680
2130	1704
2131	1698
2132	1718
2133	1756
2134	1632
2135	1690
2136	1700
2137	1735
2138	1694
2139	1690
2140	1526
2141	1654
2142	1574
2143	1687
2144	1617
2145	1553
2146	1760
2147	1564
2148	1698
2149	1565
2150	1607
2151	1627
2152	1644
2153	1658
2154	1583
2155	1602
2156	1536
2157	1588
2158	1673
2159	1720
2160	1556
2161	1526
2162	1583
2163	1565
2164	1612
2165	1676
2166	1723
2167	1631
2168	1773
2169	1610
2170	1589
2171	1546
2172	1773
2173	1640
2174	1723
2175	1688
2176	1732
2177	1710
2178	1609
2179	1695
2180	1625
2181	1578
2182	1639
2183	1688
2184	1693
2185	1613
2186	1722
2187	1635
2188	1566
2189	1703
2190	1626
2191	1502
2192	1679
2193	1646
2194	1537
2195	1642
2196	1603
2197	1625
2198	1711
2199	1606
2200	1674
2201	1478
2202	1704
2203	1537
2204	1696
2205	1516
2206	1530
2207	1543
2208	1629
2209	1673
2210	1570
2211	1683
2212	1602
2213	1777
2214	1587
2215	1526
2216	1665
2217	1607
2218	1568
2219	1745
2220	1588
2221	1485
2222	1630
2223	1569
2224	1658
2225	1622
2226	1691
2227	1548
2228	1511
2229	1560
2230	1649
2231	1548
2232	1738
2233	1665
2234	1668
2235	1629
2236	1812
2237	1642
2238	1647
2239	1583
2240	1668
2241	1707
2242	1719
2243	1762
2244	1755
2245	1754
2246	1681
2247	1766
2248	1662
2249	1762
2250	1728
2251	1673
2252	1691
2253	1671
2254	1742
2255	1726
2256	1740
2257	1640
2258	1580
2259	1730
2260	1835
2261	1870
2262	1815
2263	1728
2264	1833
2265	1789
2266	1617
2267	1815
2268	1641
2269	1670
2270	1799
2271	1786
2272	1787
2273	1775
2274	1626
2275	1841
2276	1680
2277	1878
2278	1888
2279	1793
2280	1758
2281	1825
2282	1699
2283	1668
2284	1661
2285	1770
2286	1613
2287	1715
2288	1691
2289	1770
2290	1742
2291	1594
2292	1592
2293	1597
2294	1732
2295	1782
2296	1823
2297	1770
2298	1725
2299	1705
2300	1622
2301	1799
2302	1764
2303	1790
2304	1623
2305	1663
2306	1639
2307	1767
2308	1743
2309	1790
2310	1799
2311	1854
2312	1766
2313	1739
2314	1866
2315	1798
2316	1815
2317	1714
2318	1705
2319	1803
2320	1775
2321	1832
2322	1582
2323	1748
2324	1829
2325	1867
2326	1888
2327	1756
2328	1816
2329	1826
2330	1842
2331	1797
2332	1893
2333	1735
2334	1841
2335	1657
2336	1729
2337	1667
2338	1763
2339	1763
2340	1746
2341	1730
2342	1791
2343	1744
2344	1796
2345	1691
2346	1801
2347	1649
2348	1786
2349	1733
2350	1734
2351	1923
2352	1754
2353	1658
2354	1662
2355	1850
2356	1725
2357	1623
2358	1770
2359	1799
2360	1750
2361	1704
2362	1734
2363	1739
2364	1778
2365	1764
2366	1612
2367	1780
2368	1642
2369	1752
2370	1834
2371	1691
2372	1675
2373	1641
2374	1621
2375	1768
2376	1664
2377	1545
2378	1579
2379	1827
2380	1599
2381	1586
2382	1585
2383	1523
2384	1600
2385	1473
2386	1651
2387	1604
2388	1464
2389	1639
2390	1476
2391	1574
2392	1644
2393	1610
2394	1584
2395	1412
2396	1614
2397	1578
2398	1512
2399	1621
2400	1459
2401	1596
2402	1574
2403	1517
2404	1588
2405	1610
2406	1534
2407	1516
2408	1591
2409	1531
2410	1532
2411	1540
2412	1520
2413	1654
2414	1423
2415	1581
2416	1576
2417	1554
2418	1459
2419	1551
2420	1538
2421	1543
2422	1415
2423	1424
2424	1621
2425	1556
2426	1545
2427	1380
2428	1502
2429	1457
2430	1474
2431	1447
2432	1509
2433	1474
2434	1381
2435	1499
2436	1484
2437	1471
2438	1417
2439	1563
2440	1414
2441	1434
2442	1568
2443	1368
2444	1504
2445	1438
2446	1319
2447	1334
2448	1413
2449	1318
2450	1447
2451	1367
2452	1459
2453	1483
2454	1290
2455	1320
2456	1472
2457	1361
2458	1377
2459	1435
2460	1270
2461	1490
2462	1522
2463	1425
2464	1372
2465	1329
2466	1385
2467	1288
2468	1369
2469	1289
2470	1485
2471	1446
2472	1315
2473	1308
2474	1339
2475	1437
2476	1370
2477	1306
2478	1428
2479	1340
2480	1454
2481	1400
2482	1423
2483	1428
2484	1487
2485	1389
2486	1347
2487	1387
2488	1471
2489	1355
2490	1511
2491	1366
2492	1336
2493	1440
2494	1470
2495	1524
2496	1462
2497	1560
2498	1475
2499	1343
2500	1435
2501	1360
2502	1531
2503	1441
2504	1518
2505	1490
2506	1459
2507	1516
2508	1508
2509	1515
2510	1390
2511	1530
2512	1532
2513	1517
2514	1474
2515	1471
2516	1647
2517	1534
2518	1516
2519	1532
2520	1460
2521	1644
2522	1548
2523	1596
2524	1616
2525	1555
2526	1542
2527	1590
2528	1524
2529	1574
2530	1555
2531	1517
2532	1522
2533	1614
2534	1613
2535	1624
2536	1536
2537	1570
2538	1626
2539	1561
2540	1495
2541	1589
2542	1625
2543	1727
2544	1564
2545	1599
2546	1591
2547	1697
2548	1784
2549	1539
2550	1720
2551	1597
2552	1499
2553	1756
2554	1537
2555	1696
2556	1536
2557	1756
2558	1666
2559	1685
2560	1591
2561	1577
2562	1522
2563	1584
2564	1520
2565	1663
2566	1553
2567	1589
2568	1530
2569	1862
2570	1664
2571	1472
2572	1539
2573	1539
2574	1461
2575	1611
2576	1494
2577	1535
2578	1514
2579	1493
2580	1587
2581	1588
2582	1405
2583	1490
2584	1433
2585	1569
2586	1469
2587	1568
2588	1482
2589	1515
2590	1627
2591	1542
2592	1523
2593	1439
2594	1387
2595	1402
2596	1414
2597	1381
2598	1351
2599	1432
2600	1424
2601	1528
2602	1492
2603	1365
2604	1449
2605	1518
2606	1270
2607	1456
2608	1540
2609	1471
2610	1485
2611	1532
2612	1376
2613	1397
2614	1290
2615	1402
2616	1338
2617	1309
2618	1392
2619	1510
2620	1450
2621	1379
2622	1394
2623	1415
2624	1563
2625	1407
2626	1463
2627	1440
2628	1446
2629	1446
2630	1284
2631	1441
2632	1430
2633	1508
2634	1407
2635	1333
2636	1490
2637	1380
2638	1453
2639	1455
2640	1465
2641	1563
2642	1417
2643	1361
2644	1467
2645	1524
2646	1441
2647	1514
2648	1450
2649	1321
2650	1406
2651	1290
2652	1659
2653	1645
2654	1661
2655	1335
2656	1386
2657	1317
2658	1337
2659	1361
2660	1392
2661	1335
2662	1344
2663	1303
2664	1485
2665	1297
2666	1408
2667	1329
2668	1408
2669	1404
2670	1462
2671	1345
2672	1295
2673	1334
2674	1293
2675	1420
2676	1297
2677	1319
2678	1391
2679	1385
2680	1325
2681	1280
2682	1376
2683	1367
2684	1390
2685	1414
2686	1397
2687	1352
2688	1367
2689	1386
2690	1468
2691	1424
2692	1295
2693	1419
2694	1292
2695	1343
2696	1274
2697	1342
2698	1218
2699	1353
2700	1293
2701	1517
2702	1615
2703	1381
2704	1434
2705	1358
2706	1408
2707	1418
2708	1418
2709	1403
2710	1376
2711	1492
2712	1296
2713	1383
2714	1340
2715	1236
2716	1179
2717	1177
2718	1368
2719	1415
2720	1335
2721	1312
2722	1418
2723	1377
2724	1302
2725	1235
2726	1277
2727	1322
2728	1314
2729	1255
2730	1257
2731	1257
2732	1237
2733	1338
2734	1263
2735	1324
2736	1311
2737	1314
2738	1320
2739	1293
2740	1301
2741	1152
2742	1257
2743	1169
2744	1391
2745	1232
2746	1210
2747	1297
2748	1122
2749	1201
2750	1321
2751	1343
2752	1244
2753	1263
2754	1383
2755	1229
2756	1187
2757	1241
2758	1309
2759	1164
2760	1213
2761	1286
2762	1325
2763	1404
2764	1363
2765	1294
2766	1280
2767	1187
2768	1253
2769	1323
2770	1272
2771	1281
2772	1407
2773	1202
2774	1287
2775	1288
2776	1307
2777	1209
2778	1291
2779	1175
2780	1223
2781	1250
2782	1299
2783	1270
2784	1241
2785	1264
2786	1206
2787	1213
2788	1227
2789	1261
2790	1292
2791	1359
2792	1430
2793	1159
2794	1200
2795	1285
2796	1259
2797	1430
2798	1294
2799	1302
2800	1231
2801	1316
2802	1293
2803	1227
2804	1240
2805	1226
2806	1199
2807	1275
2808	1178
2809	1214
2810	1202
2811	1259
2812	1253
2813	1270
2814	1245
2815	1167
2816	1178
2817	1269
2818	1290
2819	1167
2820	1186
2821	1227
2822	1211
2823	1272
2824	1258
2825	1197
2826	1232
2827	1150
2828	1256
2829	1210
2830	1219
2831	1163
2832	1251
2833	1179
2834	1198
2835	1105
2836	1114
2837	1174
2838	1133
2839	1190
2840	1145
2841	1187
2842	1144
2843	1067
2844	1252
2845	1143
2846	1224
2847	1170
2848	1230
2849	1256
2850	1311
2851	1193
2852	1160
2853	1111
2854	1237
2855	1238
2856	1226
2857	1199
2858	1195
2859	1260
2860	1176
2861	1375
2862	1315
2863	1300
2864	1276
2865	1261
2866	1212
2867	1204
2868	1112
2869	1104
2870	1191
2871	1202
2872	1137
2873	1082
2874	1172
2875	1197
2876	1234
2877	1112
2878	1077
2879	1087
2880	1094
2881	1036
2882	1139
2883	1169
2884	1160
2885	1163
2886	1067
2887	1164
2888	1135
2889	1139
2890	1211
2891	1117
2892	1143
2893	1190
2894	1128
2895	1125
2896	1134
2897	1291
2898	1184
2899	1248
2900	1121
2901	1085
2902	1073
2903	1169
2904	1055
2905	1170
2906	1093
2907	1109
2908	1121
2909	1146
2910	1125
2911	1114
2912	1153
2913	1072
2914	1087
2915	1058
2916	1148
2917	1198
2918	1147
2919	1081
2920	1215
2921	1061
2922	1038
2923	1085
2924	1105
2925	1090
2926	1144
2927	1182
2928	1063
2929	1064
2930	1137
2931	1080
2932	1152
2933	1189
2934	1191
2935	1159
2936	1060
2937	1130
2938	1059
2939	1136
2940	1143
2941	1095
2942	1141
2943	1113
2944	1112
2945	1203
2946	1151
2947	1072
2948	1033
2949	1171
2950	1152
2951	1013
2952	1149
2953	1179
2954	1086
2955	1198
2956	1211
2957	1041
2958	1060
2959	1145
2960	1074
2961	1148
2962	1162
2963	1056
2964	1117
2965	1010
2966	1127
2967	1106
2968	1202
2969	1035
2970	1150
2971	1147
2972	1109
2973	1148
2974	1246
2975	1273
2976	1099
2977	1223
2978	1162
2979	1135
2980	1073
2981	1163
2982	1203
2983	1108
2984	1135
2985	1327
2986	1203
2987	1176
2988	1095
2989	1141
2990	1247
2991	1259
2992	1156
2993	1203
2994	1222
2995	1167
2996	1143
2997	1093
2998	1252
2999	1062
3000	1154
3001	1225
3002	1190
3003	1184
3004	1326
3005	1342
3006	1190
3007	1244
3008	1244
3009	1208
3010	1263
3011	1189
3012	1205
3013	1175
3014	1131
3015	1178
3016	1114
3017	1103
3018	1165
3019	1082
3020	1225
3021	1208
3022	1251
3023	1180
3024	1182
3025	1419
3026	1171
3027	1144
3028	1065
3029	1128
3030	1272
3031	1280
3032	1218
3033	1165
3034	1154
3035	1188
3036	1098
3037	1049
3038	1161
3039	1132
3040	1144
3041	1142
3042	1090
3043	1239
3044	1165
3045	1076
3046	1147
3047	1220
3048	1312
3049	1202
3050	1200
3051	1161
3052	1148
3053	1179
3054	1175
3055	1205
3056	1287
3057	1126
3058	1223
3059	1210
3060	1209
3061	1250
3062	1207
3063	1182
3064	1136
3065	1141
3066	1128
3067	1202
3068	1218
3069	1225
3070	1208
3071	1154
3072	1184
3073	1202
3074	1190
3075	1130
3076	1169
3077	1206
3078	1131
3079	1129
3080	1144
3081	1163
3082	1072
3083	1184
3084	1158
3085	1130
3086	1087
3087	1171
3088	1183
3089	1099
3090	1089
3091	1026
3092	1110
3093	1093
3094	1062
3095	1161
3096	1143
3097	1052
3098	1130
3099	1160
3100	1051
3101	1145
3102	1118
3103	1155
3104	1115
3105	1123
3106	1090
3107	1075
3108	1041
3109	1113
3110	986
3111	1078
3112	1036
3113	1043
3114	1113
3115	1228
3116	1061
3117	1160
3118	1226
3119	1183
3120	1104
3121	1050
3122	1116
3123	1180
3124	1118
3125	1049
3126	1176
3127	1080
3128	1034
3129	1000
3130	1044
3131	988
3132	1055
3133	1047
3134	1088
3135	1198
3136	1092
3137	1163
3138	1090
3139	1007
3140	1045
3141	1066
3142	952
3143	1106
3144	1075
3145	1081
3146	1017
3147	1101
3148	1098
3149	1008
3150	1058
3151	1052
3152	1101
3153	1075
3154	1211
3155	1110
3156	1099
3157	1123
3158	1173
3159	1192
3160	1083
3161	1088
3162	1007
3163	1157
3164	1083
3165	1211
3166	1181
3167	993
3168	1179
3169	1089
3170	1075
3171	1033
3172	1150
3173	1061
3174	1021
3175	1005
3176	1029
3177	1188
3178	1175
3179	1071
3180	1061
3181	1089
3182	982
3183	1181
3184	1067
3185	1129
3186	1043
3187	1052
3188	1178
3189	1264
3190	1152
3191	1103
3192	1164
3193	1219
3194	1245
3195	1204
3196	1174
3197	1128
3198	1132
3199	1142
3200	1059
3201	1063
3202	992
3203	1191
3204	1138
3205	1083
3206	1109
3207	1145
3208	1143
3209	1144
3210	1153
3211	1172
3212	1328
3213	1108
3214	1107
3215	1103
3216	1124
3217	1128
3218	1122
3219	1106
3220	1167
3221	1100
3222	1226
3223	1182
3224	1137
3225	1178
3226	1055
3227	1100
3228	1160
3229	1111
3230	1173
3231	1109
3232	1153
3233	1150
3234	1060
3235	1157
3236	1197
3237	1160
3238	1204
3239	1091
3240	1202
3241	1168
3242	1125
3243	1128
3244	1271
3245	1224
3246	1110
3247	1062
3248	1187
3249	1177
3250	1113
3251	1164
3252	1270
3253	1117
3254	1052
3255	1130
3256	1096
3257	1122
3258	1151
3259	1166
3260	1225
3261	1136
3262	1151
3263	1137
3264	1128
3265	1201
3266	1281
3267	1156
3268	1285
3269	1108
3270	1170
3271	1149
3272	1138
3273	1139
3274	1164
3275	1083
3276	1288
3277	1262
3278	1211
3279	1107
3280	1168
3281	1040
3282	1123
3283	1182
3284	1232
3285	1126
3286	1168
3287	1170
3288	1264
3289	1130
3290	1091
3291	1073
3292	1232
3293	1219
3294	1169
3295	1107
3296	1274
3297	1154
3298	1161
3299	1162
3300	1310
3301	1163
3302	1253
3303	1184
3304	1248
3305	1185
3306	1145
3307	1185
3308	1041
3309	1147
3310	1094
3311	1147
3312	1102
3313	1158
3314	1108
3315	1187
3316	1221
3317	1282
3318	1300
3319	1157
3320	1220
3321	1233
3322	1258
3323	1118
3324	1153
3325	1257
3326	1163
3327	1229
3328	1165
3329	1100
3330	1118
3331	1129
3332	1202
3333	1004
3334	1103
3335	1196
3336	1146
3337	1083
3338	1116
3339	1121
3340	1097
3341	1051
3342	1021
3343	1184
3344	1020
3345	1098
3346	1055
3347	1203
3348	1108
3349	1152
3350	1062
3351	1144
3352	966
3353	992
3354	983
3355	968
3356	1060
3357	1067
3358	1068
3359	1015
3360	1008
3361	1023
3362	1033
3363	888
3364	926
3365	986
3366	995
3367	926
3368	1051
3369	1009
3370	1010
3371	1036
3372	934
3373	1037
3374	938
3375	886
3376	985
3377	930
3378	935
3379	996
3380	957
3381	974
3382	921
3383	916
3384	970
3385	989
3386	888
3387	977
3388	958
3389	995
3390	908
3391	974
3392	912
3393	910
3394	1019
3395	913
3396	1066
3397	940
3398	921
3399	1015
3400	891
3401	909
3402	985
3403	880
3404	899
3405	1022
3406	973
3407	997
3408	996
3409	1025
3410	1032
3411	962
3412	984
3413	968
3414	880
3415	932
3416	1046
3417	1032
3418	999
3419	898
3420	900
3421	954
3422	925
3423	1011
3424	893
3425	922
3426	1010
3427	872
3428	885
3429	945
3430	965
3431	957
3432	950
3433	958
3434	950
3435	1006
3436	956
3437	908
3438	1033
3439	957
3440	968
3441	934
3442	949
3443	964
3444	1084
3445	950
3446	1025
3447	1011
3448	918
3449	932
3450	847
3451	914
3452	1004
3453	1057
3454	870
3455	844
3456	1058
3457	940
3458	895
3459	890
3460	926
3461	883
3462	922
3463	1009
3464	952
3465	940
3466	999
3467	990
3468	953
3469	890
3470	904
3471	968
3472	928
3473	1055
3474	964
3475	892
3476	1008
3477	984
3478	1012
3479	986
3480	976
3481	972
3482	955
3483	1001
3484	889
3485	927
3486	942
3487	975
3488	898
3489	1020
3490	904
3491	816
3492	940
3493	1025
3494	974
3495	968
3496	1059
3497	968
3498	871
3499	907
3500	929
3501	992
3502	997
3503	925
3504	921
3505	899
3506	929
3507	953
3508	934
3509	1082
3510	931
3511	880
3512	965
3513	988
3514	920
3515	894
3516	945
3517	1027
3518	984
3519	960
3520	918
3521	918
3522	950
3523	979
3524	858
3525	958
3526	886
3527	965
3528	894
3529	948
3530	964
3531	950
3532	939
3533	973
3534	928
3535	1042
3536	880
3537	909
3538	908
3539	978
3540	814
3541	919
3542	899
3543	809
3544	907
3545	883
3546	869
3547	915
3548	915
3549	910
3550	897
3551	825
3552	870
3553	830
3554	888
3555	920
3556	946
3557	924
3558	996
3559	926
3560	881
3561	854
3562	884
3563	937
3564	883
3565	923
3566	948
3567	859
3568	823
3569	844
3570	887
3571	859
3572	917
3573	935
3574	882
3575	911
3576	918
3577	874
3578	987
3579	881
3580	972
3581	989
3582	882
3583	854
3584	898
3585	910
3586	975
3587	905
3588	902
3589	1008
3590	920
3591	885
3592	1007
3593	972
3594	920
3595	966
3596	845
3597	830
3598	893
3599	1020
3600	863
3601	847
3602	965
3603	1009
3604	960
3605	911
3606	929
3607	900
3608	880
3609	993
3610	957
3611	888
3612	911
3613	858
3614	932
3615	998
3616	958
3617	1044
3618	977
3619	989
3620	898
3621	920
3622	891
3623	932
3624	929
3625	915
3626	915
3627	931
3628	951
3629	931
3630	1001
3631	921
3632	958
3633	921
3634	928
3635	845
3636	893
3637	995
3638	910
3639	926
3640	898
3641	868
3642	864
3643	923
3644	913
3645	943
3646	934
3647	927
3648	864
3649	916
3650	901
3651	858
3652	886
3653	844
3654	889
3655	893
3656	953
3657	900
3658	945
3659	968
3660	850
3661	872
3662	841
3663	863
3664	891
3665	847
3666	879
3667	885
3668	868
3669	905
3670	883
3671	921
3672	886
3673	825
3674	900
3675	909
3676	908
3677	798
3678	1022
3679	930
3680	891
3681	917
3682	968
3683	857
3684	837
3685	813
3686	828
3687	883
3688	912
3689	884
3690	859
3691	917
3692	867
3693	935
3694	850
3695	834
3696	862
3697	876
3698	979
3699	973
3700	1063
3701	1017
3702	997
3703	977
3704	948
3705	950
3706	1079
3707	928
3708	926
3709	921
3710	925
3711	1063
3712	969
3713	962
3714	1019
3715	982
3716	1036
3717	1005
3718	1096
3719	836
3720	926
3721	958
3722	983
3723	943
3724	1006
3725	873
3726	939
3727	962
3728	938
3729	921
3730	911
3731	969
3732	887
3733	988
3734	967
3735	1053
3736	963
3737	942
3738	957
3739	991
3740	920
3741	947
3742	1025
3743	870
3744	901
3745	955
3746	977
3747	1087
3748	994
3749	849
3750	1007
3751	901
3752	972
3753	995
3754	940
3755	1021
3756	1021
3757	868
3758	1005
3759	902
3760	876
3761	1031
3762	792
3763	995
3764	1108
3765	860
3766	842
3767	951
3768	888
3769	909
3770	825
3771	1009
3772	1036
3773	896
3774	904
3775	943
3776	839
3777	869
3778	798
3779	956
3780	1111
3781	929
3782	952
3783	959
3784	796
3785	811
3786	818
3787	876
3788	871
3789	821
3790	912
3791	982
3792	912
3793	774
3794	865
3795	886
3796	879
3797	948
3798	894
3799	922
3800	841
3801	932
3802	923
3803	848
3804	955
3805	876
3806	836
3807	860
3808	850
3809	910
3810	870
3811	940
3812	828
3813	831
3814	774
3815	852
3816	934
3817	900
3818	904
3819	920
3820	862
3821	877
3822	945
3823	828
3824	917
3825	812
3826	828
3827	747
3828	957
3829	744
3830	885
3831	812
3832	846
3833	866
3834	846
3835	857
3836	897
3837	815
3838	859
3839	787
3840	894
3841	875
3842	856
3843	842
3844	856
3845	884
3846	906
3847	984
3848	815
3849	834
3850	748
3851	849
3852	889
3853	831
3854	843
3855	944
3856	941
3857	858
3858	864
3859	852
3860	877
3861	949
3862	835
3863	913
3864	862
3865	888
3866	903
3867	858
3868	756
3869	936
3870	899
3871	920
3872	942
3873	867
3874	846
3875	899
3876	822
3877	883
3878	853
3879	853
3880	839
3881	881
3882	829
3883	800
3884	939
3885	897
3886	786
3887	928
3888	825
3889	805
3890	906
3891	905
3892	862
3893	803
3894	911
3895	903
3896	900
3897	824
3898	815
3899	883
3900	893
3901	950
3902	891
3903	901
3904	892
3905	940
3906	953
3907	994
3908	904
3909	1065
3910	963
3911	928
3912	989
3913	917
3914	1018
3915	945
3916	919
3917	983
3918	895
3919	895
3920	954
3921	893
3922	876
3923	921
3924	889
3925	987
3926	1069
3927	857
3928	959
3929	1061
3930	997
3931	1013
3932	863
3933	1043
3934	846
3935	935
3936	884
3937	840
3938	1007
3939	1047
3940	947
3941	940
3942	965
3943	840
3944	883
3945	838
3946	943
3947	934
3948	835
3949	910
3950	942
3951	906
3952	981
3953	923
3954	897
3955	908
3956	880
3957	932
3958	986
3959	978
3960	922
3961	948
3962	960
3963	923
3964	872
3965	985
3966	970
3967	970
3968	1058
3969	927
3970	919
3971	915
3972	891
3973	944
3974	990
3975	815
3976	979
3977	871
3978	919
3979	900
3980	906
3981	907
3982	916
3983	917
3984	939
3985	907
3986	1057
3987	895
3988	786
3989	813
3990	929
3991	840
3992	903
3993	769
3994	803
3995	814
3996	762
3997	840
3998	893
3999	866
4000	874
4001	923
4002	901
4003	856
4004	841
4005	829
4006	876
4007	930
4008	987
4009	954
4010	940
4011	950
4012	895
4013	998
4014	900
4015	960
4016	928
4017	913
4018	871
4019	980
4020	960
4021	950
4022	955
4023	880
4024	1009
4025	941
4026	909
4027	1027
4028	839
4029	922
4030	919
4031	974
4032	1027
4033	980
4034	1041
4035	1017
4036	913
4037	889
4038	912
4039	850
4040	874
4041	923
4042	793
4043	819
4044	931
4045	909
4046	974
4047	911
4048	906
4049	899
4050	917
4051	937
4052	997
4053	912
4054	816
4055	963
4056	761
4057	896
4058	883
4059	949
4060	872
4061	899
4062	892
4063	818
4064	860
4065	999
4066	844
4067	988
4068	855
4069	868
4070	946
4071	960
4072	900
4073	904
4074	885
4075	902
4076	816
4077	925
4078	849
4079	810
4080	819
4081	934
4082	874
4083	910
4084	787
4085	810
4086	864
4087	902
4088	882
4089	869
4090	799
4091	763
4092	820
4093	855
4094	832
4095	814
4096	851
4097	934
4098	945
4099	840
4100	789
4101	855
4102	860
4103	816
4104	835
4105	911
4106	800
4107	733
4108	762
4109	801
4110	862
4111	833
4112	848
4113	741
4114	841
4115	749
4116	795
4117	706
4118	664
4119	866
4120	834
4121	783
4122	738
4123	805
4124	778
4125	824
4126	814
4127	777
4128	734
4129	738
4130	848
4131	822
4132	758
4133	749
4134	703
4135	770
4136	750
4137	815
4138	737
4139	719
4140	805
4141	703
4142	779
4143	813
4144	737
4145	715
4146	732
4147	734
4148	717
4149	717
4150	718
4151	769
4152	689
4153	692
4154	680
4155	723
4156	704
4157	681
4158	612
4159	722
4160	681
4161	669
4162	690
4163	730
4164	663
4165	661
4166	731
4167	724
4168	719
4169	660
4170	664
4171	765
4172	646
4173	753
4174	667
4175	748
4176	785
4177	712
4178	723
4179	660
4180	698
4181	663
4182	659
4183	680
4184	705
4185	749
4186	714
4187	640
4188	721
4189	708
4190	626
4191	736
4192	608
4193	763
4194	661
4195	594
4196	757
4197	624
4198	664
4199	651
4200	710
4201	659
4202	742
4203	758
4204	659
4205	758
4206	793
4207	705
4208	772
4209	709
4210	704
4211	678
4212	727
4213	736
4214	654
4215	669
4216	701
4217	660
4218	778
4219	752
4220	677
4221	762
4222	706
4223	716
4224	589
4225	731
4226	810
4227	705
4228	687
4229	716
4230	654
4231	698
4232	680
4233	736
4234	599
4235	744
4236	669
4237	688
4238	709
4239	664
4240	712
4241	600
4242	665
4243	849
4244	706
4245	752
4246	675
4247	748
4248	665
4249	700
4250	670
4251	646
4252	683
4253	727
4254	678
4255	670
4256	655
4257	574
4258	711
4259	708
4260	734
4261	682
4262	708
4263	702
4264	634
4265	719
4266	684
4267	711
4268	792
4269	765
4270	697
4271	756
4272	741
4273	729
4274	743
4275	660
4276	703
4277	704
4278	694
4279	799
4280	808
4281	824
4282	868
4283	830
4284	870
4285	703
4286	719
4287	789
4288	675
4289	735
4290	664
4291	728
4292	697
4293	706
4294	738
4295	670
4296	733
4297	660
4298	807
4299	756
4300	686
4301	815
4302	732
4303	741
4304	756
4305	658
4306	697
4307	752
4308	725
4309	694
4310	736
4311	684
4312	749
4313	668
4314	732
4315	728
4316	693
4317	632
4318	749
4319	697
4320	688
4321	780
4322	661
4323	701
4324	662
4325	714
4326	713
4327	696
4328	628
4329	720
4330	688
4331	678
4332	671
4333	660
4334	630
4335	610
4336	676
4337	730
4338	702
4339	670
4340	673
4341	693
4342	629
4343	648
4344	655
4345	631
4346	629
4347	677
4348	671
4349	677
4350	628
4351	618
4352	661
4353	618
4354	661
4355	669
4356	597
4357	612
4358	706
4359	692
4360	646
4361	651
4362	689
4363	679
4364	610
4365	652
4366	624
4367	658
4368	547
4369	656
4370	683
4371	587
4372	585
4373	660
4374	695
4375	690
4376	711
4377	699
4378	672
4379	613
4380	612
4381	749
4382	657
4383	686
4384	591
4385	598
4386	563
4387	598
4388	596
4389	677
4390	603
4391	667
4392	720
4393	631
4394	571
4395	661
4396	632
4397	586
4398	630
4399	627
4400	562
4401	565
4402	644
4403	612
4404	604
4405	594
4406	651
4407	611
4408	594
4409	592
4410	642
4411	662
4412	582
4413	667
4414	609
4415	653
4416	559
4417	650
4418	623
4419	630
4420	589
4421	673
4422	634
4423	588
4424	630
4425	586
4426	664
4427	649
4428	566
4429	616
4430	501
4431	638
4432	642
4433	613
4434	621
4435	543
4436	654
4437	539
4438	619
4439	728
4440	633
4441	643
4442	654
4443	583
4444	597
4445	599
4446	589
4447	601
4448	581
4449	640
4450	675
4451	588
4452	588
4453	617
4454	599
4455	677
4456	632
4457	632
4458	561
4459	650
4460	657
4461	629
4462	641
4463	620
4464	618
4465	711
4466	623
4467	562
4468	680
4469	630
4470	641
4471	595
4472	609
4473	609
4474	654
4475	625
4476	561
4477	577
4478	528
4479	678
4480	584
4481	628
4482	609
4483	668
4484	728
4485	695
4486	609
4487	589
4488	614
4489	533
4490	601
4491	664
4492	600
4493	563
4494	651
4495	636
4496	571
4497	730
4498	708
4499	644
4500	592
4501	596
4502	650
4503	638
4504	640
4505	643
4506	627
4507	690
4508	688
4509	616
4510	659
4511	558
4512	620
4513	686
4514	644
4515	649
4516	750
4517	622
4518	701
4519	710
4520	717
4521	700
4522	652
4523	706
4524	653
4525	713
4526	644
4527	693
4528	594
4529	751
4530	666
4531	656
4532	655
4533	630
4534	624
4535	754
4536	612
4537	683
4538	516
4539	600
4540	663
4541	658
4542	695
4543	691
4544	648
4545	616
4546	605
4547	629
4548	657
4549	698
4550	669
4551	584
4552	623
4553	573
4554	647
4555	585
4556	562
4557	611
4558	654
4559	621
4560	659
4561	637
4562	628
4563	698
4564	633
4565	714
4566	663
4567	597
4568	631
4569	524
4570	635
4571	624
4572	554
4573	571
4574	559
4575	596
4576	597
4577	517
4578	627
4579	605
4580	709
4581	587
4582	789
4583	554
4584	562
4585	549
4586	622
4587	611
4588	495
4589	515
4590	622
4591	573
4592	588
4593	575
4594	563
4595	665
4596	507
4597	521
4598	513
4599	554
4600	615
4601	587
4602	488
4603	574
4604	553
4605	562
4606	537
4607	527
4608	555
4609	531
4610	576
4611	589
4612	620
4613	548
4614	582
4615	584
4616	611
4617	564
4618	601
4619	563
4620	568
4621	589
4622	513
4623	624
4624	529
4625	588
4626	618
4627	607
4628	653
4629	609
4630	682
4631	609
4632	708
4633	681
4634	605
4635	640
4636	645
4637	644
4638	644
4639	607
4640	545
4641	568
4642	631
4643	655
4644	581
4645	576
4646	604
4647	552
4648	567
4649	684
4650	529
4651	619
4652	601
4653	574
4654	606
4655	674
4656	627
4657	575
4658	642
4659	604
4660	643
4661	648
4662	655
4663	555
4664	549
4665	635
4666	620
4667	632
4668	652
4669	553
4670	573
4671	649
4672	631
4673	682
4674	623
4675	671
4676	589
4677	646
4678	645
4679	570
4680	602
4681	657
4682	560
4683	698
4684	648
4685	635
4686	587
4687	544
4688	591
4689	629
4690	539
4691	581
4692	608
4693	624
4694	590
4695	625
4696	569
4697	552
4698	520
4699	563
4700	631
4701	601
4702	550
4703	641
4704	618
4705	621
4706	621
4707	624
4708	613
4709	668
4710	634
4711	629
4712	554
4713	646
4714	642
4715	592
4716	620
4717	603
4718	532
4719	617
4720	547
4721	634
4722	585
4723	611
4724	600
4725	565
4726	616
4727	566
4728	555
4729	628
4730	547
4731	603
4732	665
4733	629
4734	614
4735	671
4736	614
4737	599
4738	572
4739	634
4740	530
4741	692
4742	583
4743	594
4744	660
4745	556
4746	622
4747	659
4748	644
4749	604
4750	594
4751	585
4752	579
4753	658
4754	558
4755	635
4756	654
4757	676
4758	607
4759	508
4760	658
4761	668
4762	668
4763	694
4764	652
4765	615
4766	662
4767	744
4768	669
4769	582
4770	670
4771	586
4772	576
4773	663
4774	669
4775	655
4776	654
4777	690
4778	738
4779	641
4780	650
4781	610
4782	716
4783	634
4784	599
4785	636
4786	670
4787	656
4788	635
4789	662
4790	693
4791	576
4792	755
4793	589
4794	633
4795	640
4796	643
4797	693
4798	731
4799	664
4800	660
4801	612
4802	629
4803	622
4804	696
4805	587
4806	624
4807	638
4808	668
4809	598
4810	652
4811	629
4812	673
4813	675
4814	740
4815	732
4816	691
4817	709
4818	695
4819	658
4820	684
4821	643
4822	705
4823	638
4824	624
4825	692
4826	664
4827	664
4828	656
4829	691
4830	708
4831	708
4832	746
4833	627
4834	599
4835	674
4836	685
4837	750
4838	786
4839	731
4840	728
4841	675
4842	753
4843	725
4844	700
4845	700
4846	668
4847	756
4848	753
4849	760
4850	902
4851	828
4852	954
4853	862
4854	1132
4855	763
4856	652
4857	850
4858	818
4859	771
4860	866
4861	789
4862	736
4863	751
4864	655
4865	818
4866	792
4867	875
4868	765
4869	1002
4870	844
4871	798
4872	714
4873	604
4874	655
4875	686
4876	602
4877	725
4878	720
4879	653
4880	709
4881	755
4882	579
4883	628
4884	592
4885	657
4886	776
4887	664
4888	685
4889	699
4890	655
4891	641
4892	670
4893	668
4894	712
4895	736
4896	655
4897	607
4898	612
4899	680
4900	729
4901	691
4902	677
4903	667
4904	645
4905	582
4906	659
4907	642
4908	641
4909	707
4910	579
4911	550
4912	598
4913	584
4914	643
4915	668
4916	628
4917	646
4918	604
4919	643
4920	671
4921	644
4922	636
4923	555
4924	600
4925	553
4926	552
4927	604
4928	610
4929	599
4930	565
4931	548
4932	662
4933	522
4934	653
4935	646
4936	652
4937	551
4938	649
4939	605
4940	584
4941	574
4942	571
4943	654
4944	569
4945	667
4946	584
4947	641
4948	642
4949	652
4950	583
4951	568
4952	623
4953	659
4954	582
4955	560
4956	529
4957	598
4958	705
4959	581
4960	628
4961	580
4962	677
4963	592
4964	632
4965	550
4966	597
4967	551
4968	596
4969	538
4970	552
4971	576
4972	574
4973	583
4974	601
4975	523
4976	551
4977	578
4978	525
4979	567
4980	552
4981	553
4982	574
4983	600
4984	599
4985	582
4986	536
4987	497
4988	507
4989	580
4990	598
4991	593
4992	501
4993	516
4994	533
4995	509
4996	621
4997	639
4998	571
4999	526
5000	523
5001	450
5002	506
5003	543
5004	530
5005	528
5006	528
5007	475
5008	538
5009	571
5010	533
5011	508
5012	560
5013	537
5014	546
5015	509
5016	490
5017	525
5018	573
5019	542
5020	489
5021	522
5022	588
5023	609
5024	505
5025	519
5026	547
5027	540
5028	548
5029	555
5030	497
5031	548
5032	574
5033	516
5034	549
5035	538
5036	479
5037	496
5038	587
5039	538
5040	538
5041	560
5042	507
5043	529
5044	534
5045	563
5046	506
5047	557
5048	538
5049	562
5050	513
5051	506
5052	480
5053	514
5054	564
5055	468
5056	557
5057	556
5058	533
5059	569
5060	485
5061	532
5062	563
5063	485
5064	564
5065	531
5066	451
5067	545
5068	539
5069	488
5070	490
5071	460
5072	588
5073	457
5074	457
5075	521
5076	505
5077	518
5078	527
5079	482
5080	576
5081	447
5082	493
5083	445
5084	523
5085	477
5086	556
5087	413
5088	480
5089	487
5090	501
5091	458
5092	564
5093	533
5094	483
5095	531
5096	494
5097	547
5098	494
5099	474
5100	519
5101	517
5102	573
5103	480
5104	442
5105	509
5106	515
5107	474
5108	517
5109	425
5110	457
5111	454
5112	446
5113	476
5114	515
5115	497
5116	383
5117	468
5118	506
5119	531
5120	449
5121	495
5122	448
5123	529
5124	471
5125	497
5126	446
5127	487
5128	430
5129	531
5130	406
5131	464
5132	503
5133	548
5134	498
5135	516
5136	517
5137	589
5138	524
5139	472
5140	482
5141	488
5142	505
5143	426
5144	467
5145	426
5146	561
5147	479
5148	454
5149	505
5150	500
5151	517
5152	481
5153	500
5154	495
5155	490
5156	527
5157	528
5158	491
5159	570
5160	577
5161	509
5162	521
5163	540
5164	538
5165	635
5166	489
5167	545
5168	560
5169	486
5170	554
5171	442
5172	504
5173	503
5174	514
5175	504
5176	517
5177	549
5178	524
5179	498
5180	492
5181	562
5182	527
5183	572
5184	506
5185	535
5186	485
5187	576
5188	515
5189	487
5190	542
5191	516
5192	534
5193	537
5194	569
5195	527
5196	499
5197	549
5198	516
5199	484
5200	502
5201	545
5202	564
5203	464
5204	493
5205	468
5206	543
5207	482
5208	526
5209	543
5210	485
5211	496
5212	511
5213	424
5214	540
5215	484
5216	415
5217	421
5218	434
5219	472
5220	505
5221	493
5222	466
5223	527
5224	466
5225	450
5226	469
5227	493
5228	482
5229	473
5230	551
5231	437
5232	509
5233	474
5234	510
5235	473
5236	474
5237	467
5238	480
5239	519
5240	412
5241	483
5242	438
5243	468
5244	408
5245	420
5246	484
5247	478
5248	477
5249	409
5250	426
5251	476
5252	461
5253	513
5254	386
5255	471
5256	500
5257	460
5258	473
5259	435
5260	417
5261	439
5262	478
5263	395
5264	431
5265	505
5266	476
5267	451
5268	432
5269	475
5270	519
5271	475
5272	447
5273	405
5274	506
5275	417
5276	469
5277	444
5278	470
5279	427
5280	412
5281	402
5282	442
5283	492
5284	430
5285	447
5286	471
5287	449
5288	453
5289	424
5290	451
5291	474
5292	504
5293	424
5294	456
5295	459
5296	390
5297	403
5298	417
5299	475
5300	416
5301	430
5302	461
5303	454
5304	447
5305	493
5306	505
5307	464
5308	472
5309	466
5310	432
5311	431
5312	443
5313	442
5314	430
5315	446
5316	476
5317	497
5318	490
5319	461
5320	482
5321	493
5322	441
5323	483
5324	412
5325	446
5326	441
5327	398
5328	456
5329	454
5330	402
5331	460
5332	493
5333	417
5334	485
5335	416
5336	467
5337	472
5338	359
5339	442
5340	485
5341	464
5342	418
5343	403
5344	469
5345	434
5346	426
5347	479
5348	482
5349	464
5350	512
5351	465
5352	414
5353	475
5354	417
5355	461
5356	437
5357	467
5358	441
5359	540
5360	440
5361	474
5362	467
5363	412
5364	378
5365	445
5366	437
5367	493
5368	461
5369	446
5370	418
5371	471
5372	475
5373	464
5374	500
5375	489
5376	480
5377	514
5378	496
5379	479
5380	485
5381	455
5382	433
5383	441
5384	468
5385	447
5386	400
5387	434
5388	490
5389	469
5390	469
5391	475
5392	443
5393	439
5394	514
5395	462
5396	417
5397	467
5398	473
5399	412
5400	445
5401	463
5402	444
5403	419
5404	439
5405	484
5406	473
5407	454
5408	490
5409	500
5410	542
5411	440
5412	515
5413	518
5414	532
5415	434
5416	569
5417	459
5418	458
5419	526
5420	500
5421	501
5422	497
5423	559
5424	476
5425	484
5426	522
5427	496
5428	535
5429	613
5430	626
5431	504
5432	614
5433	517
5434	539
5435	598
5436	447
5437	541
5438	480
5439	528
5440	507
5441	537
5442	526
5443	556
5444	537
5445	540
5446	495
5447	573
5448	572
5449	510
5450	493
5451	518
5452	495
5453	497
5454	524
5455	542
5456	532
5457	522
5458	633
5459	543
5460	500
5461	532
5462	616
5463	530
5464	522
5465	507
5466	561
5467	507
5468	591
5469	553
5470	582
5471	530
5472	579
5473	529
5474	500
5475	655
5476	634
5477	617
5478	616
5479	674
5480	620
5481	640
5482	620
5483	631
5484	699
5485	665
5486	655
5487	759
5488	670
5489	736
5490	729
5491	695
5492	696
5493	661
5494	672
5495	745
5496	703
5497	690
5498	837
5499	758
5500	642
5501	755
5502	707
5503	775
5504	783
5505	660
5506	799
5507	773
5508	688
5509	745
5510	728
5511	740
5512	738
5513	758
5514	683
5515	723
5516	708
5517	775
5518	755
5519	708
5520	792
5521	804
5522	853
5523	753
5524	767
5525	835
5526	728
5527	668
5528	718
5529	701
5530	725
5531	774
5532	625
5533	675
5534	612
5535	729
5536	699
5537	677
5538	673
5539	716
5540	728
5541	724
5542	711
5543	687
5544	648
5545	663
5546	696
5547	624
5548	636
5549	617
5550	635
5551	731
5552	766
5553	693
5554	673
5555	626
5556	683
5557	663
5558	679
5559	645
5560	681
5561	668
5562	620
5563	703
5564	652
5565	575
5566	625
5567	617
5568	556
5569	611
5570	574
5571	666
5572	646
5573	602
5574	636
5575	560
5576	625
5577	569
5578	649
5579	564
5580	632
5581	539
5582	558
5583	560
5584	543
5585	589
5586	579
5587	634
5588	593
5589	600
5590	573
5591	506
5592	584
5593	580
5594	564
5595	538
5596	567
5597	506
5598	543
5599	477
5600	531
5601	570
5602	531
5603	526
5604	553
5605	559
5606	552
5607	569
5608	485
5609	604
5610	576
5611	518
5612	554
5613	569
5614	481
5615	475
5616	569
5617	538
5618	524
5619	429
5620	489
5621	460
5622	461
5623	471
5624	582
5625	504
5626	492
5627	479
5628	471
5629	471
5630	456
5631	492
5632	515
5633	545
5634	455
5635	442
5636	524
5637	473
5638	606
5639	499
5640	459
5641	498
5642	577
5643	516
5644	452
5645	503
5646	478
5647	504
5648	478
5649	462
5650	485
5651	470
5652	479
5653	461
5654	452
5655	444
5656	515
5657	471
5658	403
5659	481
5660	482
5661	501
5662	431
5663	425
5664	534
5665	434
5666	472
5667	457
5668	451
5669	573
5670	468
5671	485
5672	462
5673	508
5674	495
5675	450
5676	415
5677	434
5678	455
5679	485
5680	473
5681	461
5682	470
5683	518
5684	475
5685	413
5686	434
5687	482
5688	440
5689	393
5690	415
5691	458
5692	419
5693	419
5694	554
5695	466
5696	504
5697	426
5698	401
5699	473
5700	437
5701	450
5702	559
5703	479
5704	473
5705	472
5706	500
5707	450
5708	462
5709	468
5710	526
5711	513
5712	466
5713	481
5714	488
5715	468
5716	508
5717	563
5718	515
5719	511
5720	473
5721	501
5722	498
5723	544
5724	509
5725	477
5726	479
5727	515
5728	502
5729	524
5730	526
5731	570
5732	547
5733	401
5734	572
5735	542
5736	519
5737	510
5738	573
5739	513
5740	497
5741	465
5742	522
5743	488
5744	505
5745	536
5746	503
5747	560
5748	506
5749	491
5750	530
5751	483
5752	573
5753	657
5754	480
5755	468
5756	450
5757	546
5758	425
5759	518
5760	498
5761	512
5762	542
5763	516
5764	437
5765	540
5766	440
5767	536
5768	501
5769	523
5770	489
5771	603
5772	439
5773	451
5774	515
5775	483
5776	480
5777	455
5778	549
5779	446
5780	477
5781	482
5782	551
5783	505
5784	474
5785	494
5786	477
5787	491
5788	531
5789	466
5790	505
5791	509
5792	525
5793	448
5794	417
5795	482
5796	509
5797	432
5798	442
5799	446
5800	466
5801	446
5802	454
5803	475
5804	476
5805	447
5806	385
5807	446
5808	474
5809	433
5810	452
5811	443
5812	462
5813	455
5814	454
5815	453
5816	384
5817	485
5818	421
5819	507
5820	395
5821	419
5822	545
5823	409
5824	452
5825	450
5826	476
5827	521
5828	437
5829	512
5830	493
5831	531
5832	386
5833	504
5834	449
5835	422
5836	395
5837	443
5838	474
5839	502
5840	417
5841	453
5842	451
5843	404
5844	429
5845	464
5846	456
5847	476
5848	437
5849	435
5850	495
5851	461
5852	418
5853	510
5854	476
5855	471
5856	455
5857	421
5858	467
5859	467
5860	465
5861	513
5862	467
5863	515
5864	407
5865	426
5866	461
5867	484
5868	465
5869	520
5870	397
5871	436
5872	489
5873	441
5874	442
5875	420
5876	418
5877	471
5878	418
5879	421
5880	454
5881	425
5882	414
5883	465
5884	492
5885	431
5886	442
5887	435
5888	416
5889	407
5890	422
5891	405
5892	400
5893	417
5894	499
5895	437
5896	524
5897	457
5898	404
5899	470
5900	405
5901	407
5902	427
5903	455
5904	440
5905	467
5906	452
5907	433
5908	337
5909	416
5910	440
5911	396
5912	492
5913	462
5914	418
5915	422
5916	410
5917	362
5918	387
5919	424
5920	403
5921	438
5922	428
5923	410
5924	469
5925	429
5926	429
5927	373
5928	419
5929	427
5930	462
5931	435
5932	440
5933	437
5934	456
5935	498
5936	448
5937	428
5938	416
5939	397
5940	417
5941	408
5942	379
5943	424
5944	446
5945	411
5946	405
5947	402
5948	453
5949	456
5950	337
5951	478
5952	392
5953	421
5954	367
5955	391
5956	376
5957	444
5958	416
5959	429
5960	356
5961	463
5962	409
5963	438
5964	448
5965	417
5966	396
5967	430
5968	425
5969	364
5970	412
5971	389
5972	394
5973	388
5974	465
5975	413
5976	400
5977	442
5978	405
5979	456
5980	353
5981	368
5982	404
5983	346
5984	375
5985	411
5986	391
5987	360
5988	375
5989	359
5990	319
5991	415
5992	382
5993	417
5994	390
5995	434
5996	325
5997	328
5998	389
5999	404
6000	405
6001	380
6002	351
6003	411
6004	364
6005	384
6006	420
6007	368
6008	450
6009	360
6010	413
6011	410
6012	390
6013	374
6014	406
6015	325
6016	347
6017	368
6018	386
6019	416
6020	376
6021	354
6022	348
6023	351
6024	341
6025	326
6026	393
6027	401
6028	414
6029	357
6030	380
6031	376
6032	324
6033	373
6034	382
6035	358
6036	360
6037	329
6038	390
6039	292
6040	368
6041	325
6042	321
6043	320
6044	382
6045	368
6046	375
6047	381
6048	382
6049	418
6050	366
6051	343
6052	363
6053	345
6054	314
6055	420
6056	391
6057	344
6058	384
6059	415
6060	436
6061	402
6062	358
6063	384
6064	405
6065	442
6066	379
6067	335
6068	354
6069	385
6070	434
6071	388
6072	347
6073	379
6074	397
6075	439
6076	391
6077	320
6078	399
6079	390
6080	430
6081	336
6082	303
6083	370
6084	398
6085	313
6086	369
6087	358
6088	458
6089	399
6090	420
6091	372
6092	394
6093	381
6094	351
6095	382
6096	362
6097	468
6098	371
6099	358
6100	410
6101	402
6102	433
6103	367
6104	402
6105	361
6106	384
6107	368
6108	377
6109	432
6110	387
6111	379
6112	367
6113	418
6114	350
6115	421
6116	444
6117	429
6118	468
6119	401
6120	405
6121	447
6122	453
6123	369
6124	351
6125	362
6126	394
6127	427
6128	376
6129	392
6130	419
6131	382
6132	383
6133	438
6134	432
6135	382
6136	364
6137	409
6138	398
6139	390
6140	368
6141	396
6142	400
6143	355
6144	408
6145	395
6146	444
6147	363
6148	423
6149	398
6150	384
6151	428
6152	385
6153	401
6154	346
6155	427
6156	354
6157	401
6158	335
6159	351
6160	350
6161	384
6162	374
6163	372
6164	306
6165	365
6166	394
6167	422
6168	360
6169	376
6170	361
6171	360
6172	399
6173	420
6174	413
6175	423
6176	420
6177	422
6178	370
6179	341
6180	392
6181	360
6182	384
6183	411
6184	388
6185	376
6186	359
6187	427
6188	414
6189	349
6190	383
6191	381
6192	335
6193	343
6194	421
6195	376
6196	409
6197	333
6198	337
6199	362
6200	407
6201	353
6202	388
6203	344
6204	340
6205	331
6206	325
6207	357
6208	340
6209	422
6210	354
6211	374
6212	425
6213	389
6214	363
6215	375
6216	374
6217	485
6218	402
6219	448
6220	438
6221	361

