## htsjdk.samtools.metrics.StringHeader
# CollectInsertSizeMetrics HISTOGRAM_FILE=/work/ugbogu/pipeline/data/nbl/GSE189367/results/picard/SRR17011030_insert_size_histogram.pdf MINIMUM_PCT=0.5 INPUT=/work/ugbogu/pipeline/data/nbl/GSE189367/results/star/SRR17011030.Aligned.sortedByCoord.out.bam OUTPUT=/work/ugbogu/pipeline/data/nbl/GSE189367/results/picard/SRR17011030_insert_size_metrics.txt    DEVIATIONS=10.0 METRIC_ACCUMULATION_LEVEL=[ALL_READS] INCLUDE_DUPLICATES=false ASSUME_SORTED=true STOP_AFTER=0 VERBOSITY=INFO QUIET=false VALIDATION_STRINGENCY=STRICT COMPRESSION_LEVEL=5 MAX_RECORDS_IN_RAM=500000 CREATE_INDEX=false CREATE_MD5_FILE=false USE_JDK_DEFLATER=false USE_JDK_INFLATER=false
## htsjdk.samtools.metrics.StringHeader
# Started on: Thu Apr 09 21:39:25 UTC 2026

## METRICS CLASS	picard.analysis.InsertSizeMetrics
MEDIAN_INSERT_SIZE	MODE_INSERT_SIZE	MEDIAN_ABSOLUTE_DEVIATION	MIN_INSERT_SIZE	MAX_INSERT_SIZE	MEAN_INSERT_SIZE	STANDARD_DEVIATION	READ_PAIRS	PAIR_ORIENTATION	WIDTH_OF_10_PERCENT	WIDTH_OF_20_PERCENT	WIDTH_OF_30_PERCENT	WIDTH_OF_40_PERCENT	WIDTH_OF_50_PERCENT	WIDTH_OF_60_PERCENT	WIDTH_OF_70_PERCENT	WIDTH_OF_80_PERCENT	WIDTH_OF_90_PERCENT	WIDTH_OF_95_PERCENT	WIDTH_OF_99_PERCENT	SAMPLE	LIBRARY	READ_GROUP
556	153	427	26	3119896	911.348859	1136.375197	46028009	FR	421	613	719	791	855	1353	3549	7997	22667	65231	163021			

## HISTOGRAM	java.lang.Integer
insert_size	All_Reads.fr_count
26	1
27	4
28	1
29	5
30	7
31	11
32	8
33	13
34	39
35	475
36	489
37	495
38	577
39	610
40	588
41	705
42	634
43	701
44	632
45	819
46	787
47	879
48	951
49	878
50	1009
51	893
52	1031
53	1069
54	1093
55	1222
56	1365
57	1475
58	1792
59	1797
60	1853
61	2175
62	2144
63	2251
64	2214
65	2626
66	3002
67	3805
68	3675
69	3581
70	3994
71	5609
72	4534
73	6453
74	5936
75	16727
76	6305
77	5806
78	7569
79	7176
80	7231
81	8039
82	8878
83	9887
84	10669
85	12112
86	13060
87	14390
88	15680
89	16787
90	18615
91	20648
92	22187
93	24002
94	26157
95	29045
96	31534
97	34539
98	38359
99	40495
100	41586
101	43938
102	47683
103	51806
104	56625
105	60863
106	62143
107	66407
108	69119
109	73713
110	76978
111	77432
112	82086
113	85273
114	86534
115	92156
116	97819
117	103253
118	108846
119	103884
120	111389
121	118567
122	115229
123	117806
124	118258
125	117987
126	119405
127	128157
128	127698
129	136536
130	133104
131	140174
132	134831
133	138211
134	138691
135	136471
136	139553
137	138599
138	138212
139	140535
140	140342
141	142682
142	139706
143	140871
144	142728
145	141572
146	140271
147	143043
148	144004
149	143802
150	140381
151	140962
152	143499
153	144774
154	140954
155	138804
156	137422
157	138522
158	136355
159	136001
160	136166
161	134841
162	135855
163	134300
164	132428
165	132833
166	133072
167	135041
168	133638
169	132419
170	130299
171	126344
172	128875
173	126795
174	125427
175	125204
176	123782
177	120074
178	120934
179	120769
180	120268
181	117851
182	116387
183	114819
184	114161
185	113011
186	111375
187	112844
188	109977
189	106918
190	107674
191	108089
192	106365
193	105661
194	103388
195	102493
196	102047
197	100898
198	99939
199	99949
200	100651
201	99459
202	98408
203	97477
204	96797
205	95461
206	94837
207	92322
208	92010
209	90605
210	87698
211	88756
212	90090
213	87819
214	87940
215	85950
216	84618
217	83969
218	83209
219	83516
220	83865
221	83736
222	80534
223	79597
224	79411
225	78868
226	80824
227	80170
228	77070
229	78122
230	75734
231	74928
232	73633
233	72691
234	72161
235	71212
236	71096
237	70573
238	69202
239	69618
240	68696
241	68906
242	67069
243	66379
244	65818
245	65392
246	64207
247	63789
248	64111
249	62315
250	62409
251	62525
252	60536
253	60913
254	59764
255	59850
256	58260
257	58433
258	57306
259	57468
260	56434
261	55365
262	56011
263	55342
264	53513
265	53713
266	53658
267	52899
268	53207
269	52638
270	52048
271	51701
272	50758
273	50321
274	50041
275	49666
276	48722
277	48538
278	48030
279	46970
280	47614
281	47092
282	47405
283	46444
284	45193
285	44860
286	44996
287	44078
288	44394
289	42841
290	42049
291	42555
292	42235
293	42398
294	42063
295	41165
296	40842
297	39918
298	39653
299	39617
300	37986
301	38048
302	38226
303	37012
304	37310
305	37113
306	36166
307	36626
308	35748
309	35344
310	34786
311	34792
312	34572
313	34459
314	34737
315	34214
316	33151
317	32982
318	32157
319	31829
320	32226
321	31884
322	31247
323	31668
324	31533
325	31271
326	29686
327	29583
328	29502
329	29535
330	28943
331	29187
332	28582
333	28125
334	27725
335	27419
336	27215
337	27620
338	26770
339	26808
340	26238
341	26223
342	25733
343	25944
344	25615
345	25015
346	25024
347	24913
348	24370
349	23900
350	23795
351	24185
352	23359
353	23331
354	22967
355	22971
356	22390
357	22893
358	22410
359	22210
360	22100
361	21892
362	21524
363	21776
364	21873
365	21053
366	21463
367	21281
368	21045
369	20887
370	20602
371	20000
372	19764
373	19919
374	19825
375	19640
376	19518
377	19028
378	18755
379	19010
380	19099
381	19057
382	18701
383	18466
384	18311
385	18143
386	18311
387	18151
388	17938
389	17430
390	17606
391	17551
392	17414
393	16974
394	17009
395	16722
396	17060
397	16489
398	16457
399	16101
400	16496
401	16590
402	16194
403	15712
404	15844
405	15738
406	15402
407	15579
408	15639
409	15379
410	15235
411	15169
412	15142
413	14890
414	15088
415	14713
416	14686
417	14907
418	14539
419	14239
420	14529
421	14171
422	13899
423	13940
424	13983
425	13451
426	13758
427	13617
428	13582
429	13411
430	13084
431	13117
432	13181
433	13663
434	13225
435	13022
436	12807
437	12892
438	12756
439	13070
440	12980
441	12815
442	12572
443	12458
444	12898
445	12563
446	12426
447	12598
448	12544
449	12423
450	12290
451	12360
452	12051
453	12315
454	12561
455	12269
456	11583
457	11795
458	11794
459	11819
460	11674
461	11613
462	11340
463	11214
464	11429
465	11373
466	11336
467	11261
468	11054
469	11063
470	10758
471	11050
472	10854
473	10651
474	10548
475	10937
476	10821
477	10633
478	10491
479	10691
480	10439
481	10399
482	10268
483	10616
484	10326
485	10153
486	10437
487	10420
488	10046
489	10099
490	10086
491	10457
492	10212
493	10438
494	10095
495	9907
496	9863
497	9930
498	10132
499	10202
500	9724
501	9972
502	9836
503	9876
504	9732
505	9689
506	9731
507	9958
508	9839
509	10081
510	9570
511	9593
512	9758
513	9796
514	9412
515	9532
516	9795
517	9508
518	9462
519	9673
520	9648
521	9492
522	9609
523	9465
524	9427
525	9299
526	9380
527	9596
528	9676
529	9875
530	9509
531	9436
532	9445
533	9740
534	9778
535	9616
536	9877
537	9325
538	9462
539	9521
540	9714
541	9456
542	9501
543	9490
544	9001
545	9194
546	9466
547	9219
548	9250
549	9032
550	9259
551	9032
552	9220
553	9440
554	8857
555	8894
556	9041
557	9344
558	9119
559	9046
560	9087
561	8845
562	9232
563	9253
564	9071
565	9081
566	9064
567	8876
568	9051
569	8823
570	8955
571	8981
572	9043
573	8988
574	8979
575	8845
576	9022
577	8874
578	8927
579	8885
580	8737
581	8975
582	9060
583	8897
584	8891
585	8829
586	8883
587	8973
588	8691
589	8751
590	8746
591	8894
592	8795
593	8859
594	8583
595	8720
596	8638
597	8714
598	8889
599	8830
600	8942
601	9034
602	8932
603	8651
604	8697
605	8622
606	8568
607	8408
608	8519
609	8686
610	8349
611	8409
612	8464
613	8462
614	8757
615	8396
616	8362
617	8280
618	8502
619	8599
620	8431
621	8156
622	8536
623	8362
624	8763
625	8419
626	8155
627	8511
628	8516
629	8343
630	8446
631	8381
632	8499
633	8613
634	8510
635	8418
636	8122
637	8243
638	8244
639	8516
640	8385
641	8185
642	8269
643	8217
644	8418
645	8292
646	8414
647	8414
648	8076
649	8662
650	7923
651	8209
652	8137
653	8149
654	8428
655	8183
656	8030
657	8031
658	8128
659	8372
660	8360
661	8288
662	8198
663	8148
664	8181
665	8019
666	8124
667	8178
668	8100
669	8401
670	7950
671	7825
672	8152
673	8188
674	7922
675	7944
676	7926
677	7837
678	8038
679	8060
680	8200
681	7840
682	8069
683	8020
684	8113
685	7981
686	7693
687	7760
688	7782
689	7636
690	7861
691	7941
692	7804
693	7847
694	7554
695	7822
696	7819
697	7836
698	7740
699	7656
700	7833
701	7883
702	7770
703	7835
704	7590
705	7708
706	7834
707	7606
708	7676
709	7773
710	7887
711	7917
712	7777
713	7551
714	7699
715	7612
716	7635
717	7723
718	7719
719	7513
720	7484
721	7629
722	7758
723	7747
724	7763
725	7483
726	7607
727	7717
728	7784
729	7820
730	7720
731	7691
732	7573
733	7492
734	7522
735	7811
736	7837
737	7538
738	7394
739	7342
740	7566
741	7540
742	7788
743	7726
744	7655
745	7715
746	7451
747	7407
748	7645
749	7544
750	7632
751	7378
752	7569
753	7661
754	7584
755	7683
756	7627
757	7574
758	7599
759	7790
760	7465
761	7660
762	7518
763	7468
764	7437
765	7551
766	7457
767	7541
768	7576
769	7354
770	7679
771	7394
772	7562
773	7729
774	7392
775	7201
776	7354
777	7512
778	7468
779	7338
780	7629
781	7405
782	7140
783	7460
784	7444
785	7517
786	7576
787	7673
788	7530
789	7401
790	7214
791	7354
792	7505
793	7167
794	7417
795	7269
796	7152
797	7400
798	7204
799	7257
800	7320
801	7363
802	7336
803	7442
804	7494
805	7257
806	7265
807	7364
808	7292
809	7126
810	7345
811	7082
812	7195
813	6972
814	7294
815	7237
816	7284
817	7145
818	7127
819	6863
820	7146
821	7003
822	7128
823	7249
824	7083
825	7023
826	7084
827	7044
828	6984
829	7008
830	7144
831	6974
832	7085
833	7029
834	7098
835	7268
836	7323
837	7298
838	6764
839	7067
840	6895
841	7148
842	6920
843	7072
844	7176
845	7039
846	6986
847	6768
848	6943
849	7011
850	6773
851	7005
852	6970
853	6870
854	6882
855	6779
856	6815
857	7080
858	6683
859	6901
860	7096
861	6641
862	6899
863	7173
864	7036
865	7171
866	7108
867	6845
868	6697
869	6807
870	7055
871	7158
872	6645
873	6966
874	6746
875	6761
876	6922
877	6815
878	6602
879	6774
880	6800
881	6884
882	6940
883	6679
884	6657
885	6711
886	6659
887	6568
888	6654
889	6496
890	6529
891	6741
892	6716
893	6680
894	6753
895	6624
896	6468
897	6682
898	6750
899	6615
900	6660
901	6647
902	6647
903	6643
904	6572
905	6560
906	6616
907	6692
908	6698
909	6543
910	6627
911	6550
912	6604
913	6885
914	6699
915	6416
916	6452
917	6808
918	6660
919	6790
920	6760
921	6694
922	6812
923	6562
924	6851
925	6884
926	6734
927	6529
928	6597
929	6582
930	6628
931	6496
932	6696
933	6551
934	6834
935	6528
936	6603
937	6701
938	6459
939	6694
940	6634
941	6655
942	6540
943	6415
944	6539
945	6492
946	6510
947	6535
948	6563
949	6517
950	6266
951	6521
952	6247
953	6534
954	6363
955	6438
956	6331
957	6360
958	6363
959	6341
960	6726
961	6258
962	6361
963	6577
964	6395
965	6369
966	6686
967	6369
968	6367
969	6442
970	6511
971	6466
972	6723
973	6561
974	6491
975	6334
976	6432
977	6321
978	6361
979	6428
980	6482
981	6329
982	6406
983	6302
984	6259
985	6267
986	6534
987	6350
988	6338
989	6321
990	6326
991	6411
992	6316
993	6145
994	6525
995	6270
996	6190
997	6189
998	6214
999	5918
1000	6304
1001	6245
1002	6471
1003	6443
1004	6321
1005	6378
1006	6294
1007	6385
1008	6248
1009	6043
1010	6067
1011	6198
1012	6290
1013	6351
1014	6277
1015	6123
1016	6029
1017	6331
1018	6369
1019	6262
1020	6167
1021	6218
1022	6194
1023	6069
1024	6036
1025	6189
1026	6055
1027	5878
1028	5850
1029	6058
1030	5885
1031	6045
1032	5966
1033	5743
1034	6059
1035	6078
1036	6026
1037	5994
1038	5812
1039	6237
1040	5803
1041	5933
1042	6090
1043	5743
1044	5947
1045	5884
1046	6014
1047	6072
1048	5877
1049	5789
1050	6069
1051	5861
1052	6112
1053	5839
1054	5663
1055	5764
1056	6051
1057	5923
1058	5845
1059	5672
1060	5822
1061	5678
1062	5805
1063	5836
1064	5597
1065	5489
1066	5806
1067	5722
1068	5812
1069	5762
1070	6007
1071	5653
1072	5595
1073	5733
1074	5541
1075	5646
1076	5491
1077	5767
1078	5741
1079	5890
1080	5756
1081	5549
1082	5492
1083	5747
1084	5687
1085	5518
1086	5410
1087	5593
1088	5721
1089	5528
1090	5480
1091	5363
1092	5458
1093	5546
1094	5899
1095	5618
1096	5478
1097	5307
1098	5335
1099	5303
1100	5435
1101	5294
1102	5452
1103	5160
1104	5517
1105	5286
1106	5197
1107	5434
1108	5392
1109	5510
1110	5237
1111	5339
1112	5249
1113	5544
1114	5403
1115	5336
1116	5381
1117	5345
1118	5506
1119	5438
1120	5488
1121	5606
1122	5307
1123	5334
1124	5504
1125	5358
1126	5380
1127	5406
1128	5319
1129	5520
1130	5391
1131	5255
1132	5312
1133	5246
1134	5173
1135	5330
1136	5256
1137	5294
1138	5375
1139	5147
1140	5109
1141	5493
1142	5139
1143	5206
1144	5134
1145	5069
1146	5172
1147	5133
1148	5247
1149	5339
1150	5202
1151	5561
1152	5320
1153	5387
1154	5178
1155	5070
1156	5251
1157	5228
1158	5238
1159	5310
1160	5406
1161	5272
1162	5447
1163	5388
1164	5286
1165	5329
1166	5308
1167	5214
1168	5339
1169	5125
1170	5361
1171	5333
1172	5190
1173	5275
1174	5397
1175	5088
1176	5133
1177	5203
1178	5305
1179	5135
1180	5201
1181	5017
1182	5288
1183	5139
1184	5240
1185	5206
1186	5129
1187	5004
1188	5125
1189	5070
1190	5159
1191	5200
1192	5280
1193	5304
1194	5165
1195	5016
1196	5176
1197	5133
1198	5062
1199	5161
1200	5118
1201	4961
1202	5145
1203	5136
1204	5098
1205	5156
1206	5054
1207	5045
1208	5143
1209	4938
1210	5037
1211	4978
1212	5005
1213	5141
1214	5126
1215	5054
1216	4935
1217	5108
1218	5155
1219	5109
1220	5185
1221	5369
1222	5161
1223	5198
1224	5305
1225	5193
1226	5244
1227	5323
1228	5136
1229	5188
1230	5445
1231	5298
1232	5315
1233	5391
1234	5335
1235	5242
1236	5402
1237	5186
1238	5168
1239	5182
1240	5071
1241	5204
1242	5325
1243	5245
1244	4999
1245	5074
1246	5201
1247	5388
1248	5117
1249	5270
1250	5368
1251	5487
1252	5182
1253	5427
1254	5631
1255	5418
1256	5284
1257	5234
1258	5392
1259	5187
1260	5328
1261	5188
1262	5362
1263	5623
1264	5715
1265	5248
1266	5317
1267	5262
1268	5471
1269	5390
1270	5318
1271	5139
1272	5319
1273	5418
1274	5149
1275	5278
1276	5146
1277	5105
1278	5224
1279	5404
1280	5243
1281	5137
1282	5013
1283	5061
1284	5242
1285	5319
1286	5188
1287	5252
1288	5407
1289	5142
1290	5049
1291	5291
1292	5087
1293	5219
1294	5202
1295	5124
1296	5224
1297	5329
1298	5471
1299	5445
1300	5483
1301	5875
1302	5609
1303	5739
1304	5619
1305	5499
1306	5510
1307	5658
1308	5833
1309	6195
1310	6030
1311	5891
1312	5483
1313	6118
1314	6232
1315	6184
1316	6387
1317	5715
1318	5987
1319	6103
1320	5915
1321	6844
1322	6737
1323	6727
1324	8509
1325	8516
1326	7111
1327	5577
1328	5577
1329	5843
1330	5389
1331	7193
1332	6717
1333	6130
1334	6555
1335	6445
1336	6023
1337	5413
1338	5438
1339	5477
1340	5681
1341	7139
1342	7384
1343	5508
1344	4967
1345	5160
1346	4806
1347	4930
1348	4942
1349	4914
1350	4830
1351	4949
1352	4950
1353	4868
1354	4800
1355	4780
1356	4690
1357	4847
1358	4666
1359	4716
1360	4742
1361	4805
1362	4735
1363	4591
1364	4885
1365	4576
1366	4581
1367	4765
1368	4799
1369	4860
1370	4704
1371	4715
1372	4575
1373	4734
1374	4691
1375	4684
1376	4967
1377	4659
1378	4533
1379	4679
1380	4756
1381	4917
1382	4748
1383	4617
1384	4724
1385	4784
1386	4709
1387	4636
1388	4654
1389	4704
1390	4644
1391	4729
1392	4624
1393	4687
1394	4739
1395	4485
1396	4661
1397	4701
1398	4573
1399	4713
1400	4648
1401	4557
1402	4491
1403	4466
1404	4424
1405	4630
1406	4583
1407	4808
1408	4592
1409	4597
1410	4475
1411	4492
1412	4529
1413	4518
1414	4506
1415	4623
1416	4637
1417	4568
1418	4581
1419	4389
1420	4458
1421	4371
1422	4433
1423	4446
1424	4619
1425	4480
1426	4481
1427	4504
1428	4398
1429	4525
1430	4424
1431	4429
1432	4390
1433	4459
1434	4502
1435	4598
1436	4602
1437	4472
1438	4356
1439	4409
1440	4544
1441	4651
1442	4528
1443	4562
1444	4503
1445	4530
1446	4470
1447	4725
1448	4466
1449	4420
1450	4494
1451	4532
1452	4576
1453	4674
1454	4690
1455	4331
1456	4611
1457	4636
1458	4629
1459	4624
1460	4623
1461	4738
1462	4495
1463	4545
1464	4499
1465	4394
1466	4676
1467	4468
1468	4385
1469	4571
1470	4592
1471	4362
1472	4715
1473	4616
1474	4561
1475	4476
1476	4432
1477	4463
1478	4460
1479	4567
1480	4384
1481	4739
1482	4858
1483	4819
1484	4441
1485	4475
1486	4604
1487	4299
1488	4453
1489	4612
1490	4407
1491	4565
1492	4416
1493	4662
1494	4445
1495	4409
1496	4417
1497	4699
1498	4751
1499	4789
1500	4753
1501	4726
1502	4685
1503	4763
1504	4671
1505	4641
1506	4749
1507	4642
1508	4678
1509	4602
1510	4623
1511	4613
1512	4560
1513	4881
1514	4749
1515	4795
1516	4596
1517	4760
1518	4539
1519	4848
1520	4859
1521	4772
1522	4684
1523	4717
1524	4846
1525	5008
1526	4831
1527	4487
1528	4672
1529	4551
1530	4692
1531	4633
1532	4693
1533	4801
1534	4804
1535	4684
1536	4780
1537	4908
1538	4562
1539	4685
1540	4768
1541	4577
1542	4936
1543	4301
1544	4757
1545	4597
1546	4698
1547	4772
1548	4762
1549	4828
1550	4591
1551	4752
1552	4831
1553	4839
1554	4791
1555	4746
1556	4728
1557	4623
1558	4774
1559	4808
1560	4679
1561	4611
1562	4507
1563	4661
1564	4738
1565	4695
1566	4737
1567	4503
1568	4502
1569	4540
1570	4930
1571	4710
1572	4839
1573	4704
1574	4511
1575	4541
1576	4657
1577	4401
1578	4595
1579	4620
1580	4591
1581	4746
1582	4718
1583	4576
1584	4673
1585	4594
1586	4446
1587	4478
1588	4327
1589	4503
1590	4405
1591	4588
1592	4442
1593	4606
1594	4500
1595	4293
1596	4348
1597	4367
1598	4665
1599	4647
1600	4626
1601	4496
1602	4535
1603	4637
1604	4470
1605	4408
1606	4390
1607	4617
1608	4388
1609	4282
1610	4467
1611	4457
1612	4470
1613	4424
1614	4507
1615	4367
1616	4403
1617	4473
1618	4487
1619	4472
1620	4386
1621	4359
1622	4572
1623	4361
1624	4391
1625	4353
1626	4137
1627	4326
1628	4394
1629	4161
1630	4301
1631	4302
1632	4265
1633	4430
1634	4559
1635	4507
1636	4438
1637	4495
1638	4452
1639	4363
1640	4268
1641	4294
1642	4305
1643	4396
1644	4312
1645	4367
1646	4479
1647	4306
1648	4391
1649	4268
1650	4518
1651	4318
1652	4187
1653	4321
1654	4244
1655	4262
1656	4480
1657	4552
1658	4636
1659	4274
1660	4372
1661	4324
1662	4437
1663	4560
1664	4360
1665	4271
1666	4348
1667	4439
1668	4369
1669	4335
1670	4411
1671	4451
1672	4472
1673	4201
1674	4238
1675	4223
1676	4187
1677	4476
1678	4460
1679	4479
1680	4605
1681	4347
1682	4207
1683	4483
1684	4195
1685	4275
1686	4267
1687	4338
1688	4326
1689	4140
1690	4343
1691	4113
1692	4161
1693	4268
1694	4233
1695	4122
1696	4321
1697	4268
1698	4424
1699	4221
1700	4122
1701	4312
1702	4619
1703	4355
1704	4244
1705	4296
1706	4360
1707	4403
1708	4334
1709	4473
1710	4283
1711	4224
1712	4411
1713	4207
1714	4208
1715	4281
1716	4470
1717	4389
1718	4342
1719	4289
1720	4255
1721	4369
1722	4372
1723	4355
1724	4592
1725	4363
1726	4504
1727	4491
1728	4306
1729	4630
1730	4461
1731	4576
1732	4574
1733	4369
1734	4425
1735	4302
1736	4526
1737	4455
1738	4463
1739	4407
1740	4302
1741	4577
1742	4448
1743	4299
1744	4376
1745	4435
1746	4254
1747	4360
1748	4382
1749	4439
1750	4371
1751	4373
1752	4231
1753	4401
1754	4383
1755	4405
1756	4265
1757	4303
1758	4341
1759	4536
1760	4294
1761	4239
1762	4289
1763	4325
1764	4246
1765	4053
1766	4431
1767	4417
1768	4321
1769	4551
1770	4329
1771	4365
1772	4509
1773	4331
1774	4394
1775	4121
1776	4315
1777	4318
1778	4427
1779	4200
1780	4194
1781	4280
1782	4194
1783	4099
1784	4029
1785	4054
1786	3978
1787	4303
1788	4142
1789	4164
1790	4155
1791	4029
1792	4240
1793	3994
1794	4010
1795	4157
1796	4048
1797	4163
1798	4045
1799	4014
1800	4229
1801	4272
1802	3969
1803	4157
1804	3935
1805	3921
1806	3986
1807	3988
1808	3837
1809	3963
1810	4034
1811	3802
1812	3816
1813	3895
1814	4013
1815	3811
1816	3817
1817	3801
1818	3871
1819	3835
1820	3813
1821	3926
1822	3789
1823	4058
1824	3853
1825	3769
1826	3828
1827	3879
1828	3720
1829	3741
1830	3762
1831	3785
1832	3877
1833	3625
1834	3692
1835	3724
1836	3758
1837	3770
1838	3628
1839	3622
1840	3527
1841	3627
1842	3705
1843	3579
1844	3593
1845	3752
1846	3792
1847	3419
1848	3766
1849	3562
1850	3598
1851	3645
1852	3807
1853	3572
1854	3668
1855	3633
1856	3736
1857	3727
1858	3482
1859	3723
1860	3712
1861	3726
1862	3627
1863	3572
1864	3719
1865	3685
1866	3653
1867	3514
1868	3597
1869	3554
1870	3643
1871	3463
1872	3662
1873	3626
1874	3503
1875	3505
1876	3531
1877	3550
1878	3440
1879	3654
1880	3495
1881	3550
1882	3555
1883	3537
1884	3737
1885	3582
1886	3725
1887	3655
1888	3580
1889	3499
1890	3595
1891	3619
1892	3708
1893	3719
1894	3712
1895	3724
1896	3547
1897	3738
1898	3782
1899	3660
1900	3700
1901	3709
1902	3683
1903	3689
1904	3766
1905	3638
1906	3696
1907	3685
1908	3597
1909	3646
1910	3664
1911	3782
1912	3634
1913	3760
1914	3726
1915	3673
1916	3748
1917	3627
1918	3950
1919	3861
1920	3687
1921	3732
1922	3747
1923	3709
1924	3713
1925	3810
1926	3722
1927	3717
1928	3660
1929	3826
1930	3838
1931	3655
1932	3655
1933	3884
1934	3814
1935	3847
1936	3875
1937	3912
1938	3946
1939	3970
1940	3819
1941	3862
1942	3941
1943	3786
1944	3785
1945	3925
1946	3891
1947	3667
1948	3761
1949	3769
1950	3811
1951	3776
1952	3738
1953	3799
1954	3686
1955	3752
1956	3608
1957	3766
1958	3903
1959	3783
1960	3993
1961	3929
1962	3843
1963	3890
1964	3851
1965	3862
1966	3721
1967	3869
1968	3871
1969	3935
1970	3845
1971	3988
1972	3810
1973	3963
1974	3954
1975	3801
1976	3779
1977	4021
1978	3991
1979	3993
1980	3961
1981	4009
1982	3924
1983	3897
1984	4034
1985	3927
1986	4092
1987	4029
1988	4169
1989	3979
1990	4197
1991	3991
1992	4240
1993	4198
1994	4071
1995	3941
1996	4100
1997	3980
1998	4044
1999	4115
2000	4195
2001	4182
2002	4185
2003	4057
2004	4087
2005	4040
2006	3955
2007	4142
2008	4134
2009	4212
2010	4227
2011	3903
2012	4222
2013	4239
2014	4131
2015	4080
2016	4234
2017	4286
2018	4194
2019	4214
2020	4183
2021	4079
2022	4085
2023	4180
2024	4081
2025	4120
2026	4232
2027	4072
2028	4210
2029	3921
2030	4089
2031	3941
2032	4089
2033	3893
2034	4137
2035	4104
2036	4190
2037	4082
2038	3997
2039	4013
2040	3985
2041	4080
2042	4026
2043	3941
2044	3974
2045	4027
2046	4040
2047	4102
2048	3978
2049	4122
2050	3945
2051	4081
2052	4103
2053	4003
2054	4134
2055	4229
2056	3933
2057	4058
2058	4133
2059	3991
2060	3901
2061	4041
2062	3924
2063	4031
2064	4014
2065	4012
2066	4035
2067	3869
2068	4115
2069	3930
2070	4028
2071	3882
2072	3725
2073	4033
2074	3871
2075	3744
2076	3770
2077	3801
2078	3850
2079	3854
2080	3751
2081	3810
2082	3850
2083	3955
2084	3731
2085	3728
2086	3453
2087	3500
2088	3743
2089	3881
2090	3853
2091	3796
2092	3613
2093	3659
2094	3550
2095	3689
2096	3624
2097	3830
2098	3455
2099	3572
2100	3687
2101	3748
2102	3693
2103	3588
2104	3571
2105	3772
2106	3648
2107	3575
2108	3723
2109	3548
2110	3526
2111	3618
2112	3537
2113	3486
2114	3409
2115	3545
2116	3538
2117	3576
2118	3593
2119	3446
2120	3587
2121	3428
2122	3562
2123	3508
2124	3470
2125	3427
2126	3553
2127	3480
2128	3460
2129	3472
2130	3497
2131	3547
2132	3473
2133	3625
2134	3366
2135	3294
2136	3326
2137	3391
2138	3436
2139	3482
2140	3586
2141	3398
2142	3494
2143	3414
2144	3432
2145	3331
2146	3412
2147	3125
2148	3368
2149	3072
2150	3315
2151	3300
2152	3406
2153	3327
2154	3136
2155	3241
2156	3107
2157	3306
2158	3421
2159	3190
2160	3270
2161	3343
2162	3374
2163	3329
2164	3252
2165	3397
2166	3397
2167	3352
2168	3255
2169	3278
2170	3337
2171	3330
2172	3298
2173	3244
2174	3383
2175	3365
2176	3276
2177	3322
2178	3277
2179	3351
2180	3234
2181	3312
2182	3161
2183	3299
2184	3288
2185	3404
2186	3469
2187	3172
2188	3224
2189	3276
2190	3196
2191	3265
2192	3396
2193	3364
2194	3221
2195	3347
2196	3166
2197	3109
2198	3197
2199	3450
2200	3336
2201	3165
2202	3216
2203	3235
2204	3218
2205	3368
2206	3264
2207	3159
2208	3338
2209	3413
2210	3351
2211	3295
2212	3280
2213	3318
2214	3445
2215	3327
2216	3176
2217	3151
2218	3324
2219	3433
2220	3294
2221	3355
2222	3362
2223	3129
2224	3282
2225	3247
2226	3324
2227	3038
2228	3254
2229	3307
2230	3420
2231	3328
2232	3333
2233	3421
2234	3362
2235	3121
2236	3317
2237	3268
2238	3393
2239	3327
2240	3410
2241	3435
2242	3387
2243	3440
2244	3292
2245	3337
2246	3294
2247	3293
2248	3287
2249	3264
2250	3367
2251	3445
2252	3324
2253	3401
2254	3525
2255	3337
2256	3358
2257	3369
2258	3589
2259	3548
2260	3402
2261	3386
2262	3402
2263	3370
2264	3490
2265	3333
2266	3381
2267	3083
2268	3357
2269	3362
2270	3261
2271	3266
2272	3423
2273	3406
2274	3229
2275	3459
2276	3357
2277	3325
2278	3245
2279	3400
2280	3391
2281	3172
2282	3275
2283	3268
2284	3325
2285	3323
2286	3421
2287	3413
2288	3327
2289	3152
2290	3196
2291	3238
2292	3408
2293	3118
2294	3306
2295	3267
2296	3190
2297	3332
2298	3249
2299	3266
2300	3296
2301	3319
2302	3346
2303	3338
2304	3164
2305	3261
2306	3180
2307	3222
2308	3077
2309	3247
2310	3357
2311	3237
2312	3276
2313	3338
2314	3203
2315	3311
2316	3285
2317	3259
2318	3204
2319	3283
2320	3286
2321	3331
2322	3247
2323	3288
2324	3244
2325	3211
2326	3141
2327	3007
2328	3167
2329	3206
2330	3101
2331	3296
2332	3185
2333	3307
2334	3215
2335	3247
2336	3313
2337	3289
2338	3178
2339	3182
2340	3330
2341	3131
2342	3222
2343	3195
2344	3158
2345	3123
2346	3139
2347	3326
2348	3402
2349	3146
2350	3073
2351	3129
2352	3038
2353	3091
2354	3078
2355	3287
2356	2969
2357	3202
2358	3132
2359	3116
2360	3079
2361	3008
2362	3234
2363	3160
2364	3189
2365	3147
2366	3024
2367	3009
2368	2900
2369	3011
2370	2903
2371	3132
2372	2863
2373	2974
2374	2880
2375	2897
2376	3021
2377	2865
2378	3059
2379	3160
2380	2907
2381	3029
2382	3090
2383	2878
2384	2914
2385	2885
2386	2961
2387	2851
2388	2966
2389	2768
2390	2839
2391	2869
2392	2852
2393	2708
2394	2848
2395	2756
2396	2817
2397	2870
2398	3028
2399	2998
2400	2823
2401	2813
2402	3000
2403	2891
2404	2876
2405	2918
2406	2805
2407	2846
2408	2664
2409	2861
2410	2717
2411	2781
2412	2727
2413	2909
2414	2888
2415	2843
2416	2900
2417	2845
2418	2721
2419	2755
2420	2755
2421	2685
2422	2668
2423	2847
2424	2777
2425	2699
2426	2672
2427	2748
2428	2649
2429	2756
2430	2717
2431	2659
2432	2632
2433	2633
2434	2765
2435	2738
2436	2750
2437	2624
2438	2702
2439	2782
2440	2751
2441	2670
2442	2683
2443	2644
2444	2701
2445	2614
2446	2742
2447	2717
2448	2658
2449	2568
2450	2729
2451	2697
2452	2666
2453	2687
2454	2573
2455	2609
2456	2690
2457	2553
2458	2561
2459	2753
2460	2590
2461	2626
2462	2616
2463	2595
2464	2511
2465	2698
2466	2611
2467	2586
2468	2605
2469	2605
2470	2685
2471	2595
2472	2608
2473	2633
2474	2646
2475	2640
2476	2783
2477	2691
2478	2697
2479	2527
2480	2732
2481	2609
2482	2650
2483	2583
2484	2706
2485	2697
2486	2694
2487	2715
2488	2677
2489	2664
2490	2683
2491	2681
2492	2753
2493	2689
2494	2752
2495	2702
2496	2839
2497	2698
2498	2625
2499	2671
2500	2673
2501	2626
2502	2699
2503	2775
2504	2723
2505	2553
2506	2612
2507	2700
2508	2799
2509	2644
2510	2696
2511	2662
2512	2834
2513	2617
2514	2787
2515	2772
2516	2869
2517	2817
2518	2754
2519	2779
2520	2821
2521	2574
2522	2733
2523	2826
2524	2820
2525	2693
2526	2890
2527	2748
2528	2851
2529	2750
2530	2651
2531	2706
2532	2665
2533	2605
2534	2656
2535	2559
2536	2714
2537	2614
2538	2793
2539	2703
2540	2729
2541	2803
2542	2866
2543	2797
2544	2880
2545	2775
2546	2637
2547	2697
2548	2833
2549	2690
2550	2652
2551	2691
2552	2750
2553	2717
2554	2658
2555	2818
2556	2770
2557	2842
2558	2666
2559	2819
2560	2638
2561	2778
2562	2610
2563	2799
2564	2780
2565	2953
2566	2754
2567	2697
2568	2744
2569	2647
2570	2764
2571	2685
2572	2847
2573	2784
2574	2705
2575	2653
2576	2744
2577	2719
2578	2793
2579	2701
2580	2801
2581	2742
2582	2551
2583	2731
2584	2670
2585	2686
2586	2678
2587	2811
2588	2764
2589	2643
2590	2657
2591	2657
2592	2655
2593	2771
2594	2630
2595	2628
2596	2594
2597	2717
2598	2833
2599	2624
2600	2639
2601	2656
2602	2574
2603	2699
2604	2571
2605	2586
2606	2577
2607	2745
2608	2657
2609	2636
2610	2705
2611	2699
2612	2657
2613	2607
2614	2630
2615	2624
2616	2675
2617	2627
2618	2649
2619	2601
2620	2682
2621	2637
2622	2633
2623	2723
2624	2706
2625	2591
2626	2624
2627	2550
2628	2689
2629	2750
2630	2626
2631	2592
2632	2699
2633	2847
2634	2759
2635	2793
2636	2698
2637	2637
2638	2596
2639	2747
2640	2537
2641	2763
2642	2574
2643	2677
2644	2640
2645	2922
2646	2717
2647	2681
2648	2654
2649	2632
2650	2730
2651	2911
2652	3077
2653	2656
2654	2748
2655	2622
2656	2690
2657	2720
2658	2752
2659	2703
2660	2748
2661	2924
2662	2624
2663	2764
2664	2785
2665	2915
2666	2605
2667	2772
2668	2788
2669	2678
2670	2762
2671	2632
2672	2691
2673	2788
2674	2790
2675	2808
2676	2849
2677	2840
2678	2761
2679	2898
2680	2812
2681	2798
2682	2853
2683	2772
2684	3052
2685	2755
2686	2879
2687	2875
2688	2965
2689	2692
2690	2936
2691	2987
2692	2735
2693	2815
2694	2724
2695	2796
2696	2838
2697	2847
2698	2596
2699	2979
2700	2957
2701	2960
2702	3293
2703	2921
2704	2995
2705	2804
2706	2823
2707	2738
2708	2936
2709	2987
2710	2983
2711	2874
2712	2608
2713	2710
2714	2712
2715	2772
2716	3045
2717	2914
2718	2986
2719	2969
2720	2756
2721	2775
2722	2630
2723	2745
2724	2774
2725	2527
2726	2644
2727	2695
2728	2659
2729	2738
2730	2640
2731	2616
2732	2773
2733	2692
2734	2605
2735	2682
2736	2704
2737	2819
2738	2680
2739	2663
2740	2745
2741	2658
2742	2536
2743	2613
2744	2522
2745	2496
2746	2665
2747	2463
2748	2692
2749	2598
2750	2534
2751	2539
2752	2533
2753	2681
2754	2627
2755	2622
2756	2617
2757	2513
2758	2585
2759	2656
2760	2597
2761	2668
2762	2745
2763	2535
2764	2654
2765	2681
2766	2670
2767	2669
2768	2745
2769	2666
2770	2527
2771	2743
2772	2680
2773	2599
2774	2696
2775	2511
2776	2659
2777	2596
2778	2678
2779	2566
2780	2607
2781	2589
2782	2471
2783	2602
2784	2365
2785	2413
2786	2533
2787	2567
2788	2531
2789	2498
2790	2521
2791	2380
2792	2428
2793	2479
2794	2403
2795	2507
2796	2566
2797	2458
2798	2511
2799	2497
2800	2523
2801	2499
2802	2563
2803	2364
2804	2306
2805	2386
2806	2569
2807	2539
2808	2486
2809	2472
2810	2453
2811	2557
2812	2515
2813	2387
2814	2489
2815	2484
2816	2525
2817	2622
2818	2427
2819	2504
2820	2477
2821	2425
2822	2612
2823	2496
2824	2572
2825	2432
2826	2518
2827	2394
2828	2469
2829	2377
2830	2482
2831	2422
2832	2488
2833	2489
2834	2319
2835	2382
2836	2389
2837	2353
2838	2468
2839	2565
2840	2513
2841	2400
2842	2330
2843	2397
2844	2366
2845	2484
2846	2380
2847	2509
2848	2555
2849	2407
2850	2399
2851	2240
2852	2462
2853	2495
2854	2420
2855	2398
2856	2397
2857	2361
2858	2438
2859	2437
2860	2416
2861	2434
2862	2415
2863	2395
2864	2330
2865	2362
2866	2439
2867	2443
2868	2426
2869	2410
2870	2429
2871	2487
2872	2352
2873	2309
2874	2371
2875	2435
2876	2335
2877	2385
2878	2434
2879	2532
2880	2486
2881	2448
2882	2514
2883	2326
2884	2498
2885	2387
2886	2452
2887	2317
2888	2396
2889	2464
2890	2438
2891	2364
2892	2372
2893	2362
2894	2535
2895	2316
2896	2421
2897	2533
2898	2434
2899	2410
2900	2380
2901	2531
2902	2396
2903	2485
2904	2454
2905	2440
2906	2390
2907	2441
2908	2385
2909	2311
2910	2483
2911	2466
2912	2413
2913	2424
2914	2293
2915	2386
2916	2292
2917	2409
2918	2251
2919	2484
2920	2363
2921	2367
2922	2203
2923	2337
2924	2341
2925	2304
2926	2214
2927	2257
2928	2370
2929	2230
2930	2328
2931	2366
2932	2347
2933	2252
2934	2474
2935	2328
2936	2405
2937	2400
2938	2226
2939	2352
2940	2226
2941	2458
2942	2291
2943	2327
2944	2227
2945	2194
2946	2292
2947	2314
2948	2237
2949	2294
2950	2214
2951	2307
2952	2413
2953	2366
2954	2368
2955	2357
2956	2289
2957	2185
2958	2303
2959	2385
2960	2325
2961	2342
2962	2373
2963	2413
2964	2424
2965	2357
2966	2437
2967	2380
2968	2281
2969	2458
2970	2287
2971	2195
2972	2417
2973	2412
2974	2486
2975	2539
2976	2380
2977	2360
2978	2262
2979	2388
2980	2321
2981	2479
2982	2299
2983	2347
2984	2521
2985	2536
2986	2465
2987	2402
2988	2420
2989	2334
2990	2356
2991	2382
2992	2383
2993	2475
2994	2401
2995	2430
2996	2476
2997	2477
2998	2429
2999	2473
3000	2371
3001	2506
3002	2490
3003	2513
3004	2304
3005	2420
3006	2423
3007	2334
3008	2336
3009	2362
3010	2354
3011	2415
3012	2394
3013	2434
3014	2459
3015	2380
3016	2453
3017	2440
3018	2398
3019	2520
3020	2422
3021	2381
3022	2368
3023	2399
3024	2358
3025	2331
3026	2423
3027	2341
3028	2411
3029	2314
3030	2385
3031	2396
3032	2334
3033	2319
3034	2276
3035	2508
3036	2420
3037	2320
3038	2465
3039	2408
3040	2448
3041	2444
3042	2467
3043	2457
3044	2420
3045	2490
3046	2538
3047	2459
3048	2407
3049	2414
3050	2479
3051	2505
3052	2369
3053	2376
3054	2352
3055	2466
3056	2508
3057	2381
3058	2461
3059	2342
3060	2470
3061	2340
3062	2344
3063	2342
3064	2277
3065	2286
3066	2283
3067	2280
3068	2387
3069	2300
3070	2317
3071	2445
3072	2439
3073	2226
3074	2460
3075	2372
3076	2372
3077	2362
3078	2395
3079	2339
3080	2368
3081	2364
3082	2340
3083	2209
3084	2321
3085	2359
3086	2229
3087	2317
3088	2391
3089	2305
3090	2189
3091	2309
3092	2362
3093	2362
3094	2321
3095	2387
3096	2325
3097	2381
3098	2236
3099	2251
3100	2464
3101	2340
3102	2366
3103	2254
3104	2357
3105	2192
3106	2374
3107	2281
3108	2248
3109	2225
3110	2328
3111	2236
3112	2352
3113	2306
3114	2469
3115	2321
3116	2271
3117	2302
3118	2258
3119	2352
3120	2270
3121	2342
3122	2358
3123	2253
3124	2093
3125	2252
3126	2231
3127	2280
3128	2314
3129	2158
3130	2197
3131	2196
3132	2206
3133	2121
3134	2229
3135	2269
3136	2246
3137	2376
3138	2214
3139	2361
3140	2323
3141	2387
3142	2187
3143	2260
3144	2348
3145	2123
3146	2143
3147	2265
3148	2185
3149	2157
3150	2158
3151	2248
3152	2236
3153	2237
3154	2242
3155	2162
3156	2170
3157	2222
3158	2198
3159	2237
3160	2230
3161	2200
3162	2199
3163	2218
3164	2159
3165	2175
3166	2215
3167	2254
3168	2282
3169	2220
3170	2152
3171	2295
3172	2103
3173	2076
3174	2136
3175	2099
3176	2112
3177	2200
3178	2128
3179	2105
3180	2170
3181	2165
3182	2118
3183	2160
3184	2118
3185	2055
3186	2153
3187	2189
3188	2145
3189	2203
3190	1992
3191	2190
3192	2212
3193	2137
3194	2263
3195	2187
3196	2110
3197	2185
3198	2060
3199	2173
3200	2155
3201	2172
3202	2134
3203	2145
3204	2167
3205	2210
3206	2226
3207	2198
3208	2118
3209	2085
3210	2120
3211	2128
3212	2217
3213	2165
3214	2144
3215	2049
3216	1983
3217	2028
3218	2175
3219	2140
3220	2080
3221	2219
3222	2136
3223	2150
3224	2079
3225	2078
3226	2048
3227	2187
3228	2119
3229	2127
3230	2186
3231	1991
3232	2116
3233	2113
3234	2117
3235	2248
3236	2160
3237	2204
3238	2158
3239	2184
3240	2206
3241	2199
3242	2052
3243	2120
3244	2097
3245	2144
3246	2045
3247	2075
3248	2067
3249	2254
3250	2053
3251	2168
3252	2232
3253	2057
3254	2188
3255	2220
3256	2135
3257	2274
3258	2114
3259	2050
3260	2369
3261	2232
3262	2132
3263	2128
3264	2060
3265	2228
3266	2141
3267	2262
3268	2141
3269	2130
3270	2200
3271	2209
3272	2267
3273	2118
3274	2249
3275	2172
3276	2198
3277	2255
3278	2192
3279	2174
3280	2237
3281	2232
3282	2117
3283	2291
3284	2303
3285	2288
3286	2369
3287	2256
3288	2198
3289	2219
3290	2217
3291	2198
3292	2142
3293	2245
3294	2233
3295	2145
3296	2147
3297	2251
3298	2268
3299	2252
3300	2229
3301	2209
3302	2319
3303	2143
3304	2208
3305	2157
3306	2219
3307	2111
3308	2256
3309	2353
3310	2340
3311	2231
3312	2218
3313	2421
3314	2234
3315	2273
3316	2250
3317	2250
3318	2189
3319	2179
3320	2287
3321	2203
3322	2230
3323	2379
3324	2217
3325	2251
3326	2256
3327	2221
3328	2143
3329	2264
3330	2237
3331	2216
3332	2322
3333	2150
3334	2244
3335	2375
3336	2246
3337	2220
3338	2236
3339	2250
3340	2288
3341	2170
3342	2347
3343	2258
3344	2165
3345	2245
3346	2254
3347	2285
3348	2170
3349	2245
3350	2084
3351	2297
3352	2066
3353	2193
3354	2221
3355	2275
3356	2135
3357	2095
3358	2265
3359	2263
3360	2058
3361	2126
3362	2125
3363	2050
3364	2159
3365	2061
3366	2137
3367	2244
3368	2010
3369	2190
3370	2157
3371	2122
3372	2109
3373	2068
3374	2003
3375	2105
3376	1940
3377	2014
3378	1955
3379	2140
3380	1962
3381	1932
3382	2060
3383	1909
3384	1993
3385	2030
3386	1992
3387	1987
3388	2024
3389	2053
3390	2100
3391	2013
3392	1906
3393	2059
3394	1961
3395	1991
3396	2026
3397	2101
3398	1981
3399	2011
3400	1918
3401	1908
3402	1981
3403	1921
3404	2014
3405	2081
3406	2148
3407	2053
3408	1948
3409	1980
3410	1987
3411	1928
3412	2041
3413	1983
3414	1944
3415	2000
3416	1946
3417	1917
3418	2053
3419	1918
3420	1991
3421	1920
3422	1993
3423	1975
3424	1933
3425	1948
3426	2050
3427	1959
3428	2063
3429	1977
3430	1918
3431	1899
3432	1842
3433	1906
3434	1915
3435	2027
3436	2013
3437	1985
3438	2060
3439	1962
3440	1886
3441	1865
3442	1957
3443	1957
3444	1949
3445	1899
3446	2021
3447	1859
3448	1837
3449	1976
3450	2001
3451	2081
3452	2025
3453	1951
3454	1952
3455	1909
3456	1923
3457	2106
3458	1958
3459	1945
3460	1930
3461	1857
3462	1888
3463	1994
3464	1912
3465	1877
3466	1824
3467	1946
3468	1860
3469	1873
3470	1885
3471	1879
3472	2034
3473	2056
3474	1902
3475	1947
3476	1832
3477	1889
3478	1873
3479	1927
3480	1955
3481	1884
3482	1873
3483	1829
3484	1858
3485	1906
3486	1930
3487	1956
3488	2014
3489	1919
3490	1820
3491	1839
3492	1847
3493	1857
3494	1844
3495	1898
3496	1983
3497	1974
3498	1966
3499	1938
3500	2001
3501	1988
3502	1898
3503	1986
3504	1894
3505	1916
3506	1966
3507	2006
3508	1907
3509	1968
3510	1922
3511	1901
3512	1775
3513	1964
3514	1931
3515	1946
3516	1884
3517	1865
3518	1962
3519	1996
3520	2054
3521	1915
3522	1920
3523	1966
3524	1980
3525	1906
3526	2005
3527	1950
3528	1886
3529	1952
3530	2017
3531	1968
3532	1907
3533	1929
3534	1878
3535	1976
3536	1872
3537	1905
3538	1960
3539	1874
3540	1984
3541	1986
3542	1882
3543	1838
3544	1804
3545	1905
3546	1919
3547	1811
3548	1912
3549	1803
3550	1878
3551	1813
3552	1854
3553	1903
3554	1856
3555	1846
3556	1862
3557	1938
3558	1937
3559	1894
3560	1908
3561	2003
3562	1855
3563	1866
3564	1989
3565	1924
3566	1974
3567	1907
3568	1830
3569	1824
3570	1810
3571	1934
3572	1893
3573	1978
3574	1894
3575	2021
3576	1879
3577	1830
3578	1945
3579	2046
3580	1981
3581	1877
3582	1791
3583	1894
3584	1895
3585	1873
3586	1963
3587	1959
3588	1995
3589	1892
3590	1876
3591	1985
3592	1864
3593	1980
3594	1908
3595	1836
3596	1866
3597	1895
3598	1813
3599	1911
3600	1962
3601	1848
3602	1839
3603	1896
3604	1767
3605	1803
3606	1873
3607	1877
3608	2006
3609	1920
3610	1879
3611	1850
3612	1881
3613	1800
3614	1844
3615	1882
3616	1785
3617	1819
3618	1821
3619	1785
3620	1802
3621	1814
3622	1864
3623	1808
3624	1904
3625	1853
3626	1808
3627	1853
3628	1768
3629	1899
3630	1875
3631	1896
3632	1855
3633	1853
3634	1935
3635	1772
3636	1857
3637	1803
3638	1797
3639	1942
3640	1714
3641	1882
3642	1747
3643	1796
3644	1864
3645	1768
3646	1897
3647	1743
3648	1880
3649	1865
3650	1812
3651	1854
3652	1793
3653	1921
3654	1790
3655	1887
3656	1781
3657	1686
3658	1789
3659	1866
3660	1759
3661	1796
3662	1842
3663	1686
3664	1694
3665	1848
3666	1772
3667	1771
3668	1736
3669	1726
3670	1741
3671	1798
3672	1891
3673	1896
3674	1775
3675	1843
3676	1775
3677	1768
3678	1838
3679	1746
3680	1855
3681	1865
3682	1815
3683	1802
3684	1710
3685	1834
3686	1771
3687	1728
3688	1824
3689	1821
3690	1807
3691	1884
3692	1837
3693	1841
3694	1897
3695	1884
3696	1840
3697	1865
3698	1938
3699	2046
3700	2053
3701	1901
3702	1823
3703	1733
3704	1931
3705	1884
3706	1830
3707	1923
3708	1954
3709	2031
3710	2001
3711	2122
3712	2070
3713	1902
3714	1814
3715	1872
3716	1900
3717	1920
3718	2084
3719	1882
3720	1904
3721	1920
3722	1776
3723	1949
3724	1859
3725	1837
3726	2040
3727	1954
3728	2005
3729	1843
3730	1881
3731	1958
3732	1883
3733	1897
3734	1890
3735	1971
3736	1976
3737	1939
3738	1895
3739	1900
3740	1889
3741	1891
3742	2051
3743	2068
3744	2104
3745	2087
3746	2011
3747	1925
3748	1788
3749	1863
3750	1910
3751	1883
3752	1892
3753	2026
3754	1926
3755	1988
3756	1853
3757	1895
3758	1871
3759	1867
3760	1900
3761	1898
3762	1884
3763	1925
3764	2016
3765	2113
3766	1982
3767	2009
3768	2025
3769	1969
3770	1901
3771	2035
3772	2023
3773	1910
3774	2002
3775	1979
3776	1937
3777	1953
3778	1874
3779	1824
3780	1941
3781	1835
3782	1858
3783	2007
3784	1918
3785	1944
3786	1915
3787	1838
3788	1886
3789	1863
3790	1839
3791	1734
3792	1801
3793	1666
3794	1885
3795	1794
3796	1830
3797	1778
3798	1888
3799	1771
3800	1827
3801	1782
3802	1821
3803	1807
3804	1677
3805	1740
3806	1736
3807	1709
3808	1807
3809	1694
3810	1838
3811	1824
3812	1635
3813	1779
3814	1800
3815	1828
3816	1717
3817	1797
3818	1734
3819	1725
3820	1617
3821	1642
3822	1711
3823	1725
3824	1657
3825	1666
3826	1675
3827	1728
3828	1831
3829	1603
3830	1539
3831	1675
3832	1610
3833	1682
3834	1646
3835	1653
3836	1631
3837	1569
3838	1651
3839	1608
3840	1632
3841	1567
3842	1651
3843	1719
3844	1562
3845	1646
3846	1665
3847	1543
3848	1566
3849	1636
3850	1567
3851	1726
3852	1677
3853	1633
3854	1654
3855	1648
3856	1662
3857	1702
3858	1622
3859	1716
3860	1647
3861	1798
3862	1656
3863	1690
3864	1688
3865	1653
3866	1562
3867	1743
3868	1668
3869	1559
3870	1675
3871	1591
3872	1661
3873	1746
3874	1624
3875	1718
3876	1684
3877	1532
3878	1704
3879	1590
3880	1882
3881	1664
3882	1665
3883	1651
3884	1738
3885	1726
3886	1642
3887	1694
3888	1596
3889	1575
3890	1713
3891	1635
3892	1706
3893	1699
3894	1728
3895	1804
3896	1661
3897	1730
3898	1605
3899	1640
3900	1644
3901	1772
3902	1725
3903	1786
3904	1664
3905	1762
3906	1712
3907	1782
3908	1768
3909	1673
3910	1625
3911	1695
3912	1713
3913	1713
3914	1683
3915	1791
3916	1698
3917	1808
3918	1805
3919	1733
3920	1806
3921	1890
3922	1691
3923	1741
3924	1822
3925	1805
3926	1785
3927	1691
3928	1776
3929	1744
3930	1706
3931	1717
3932	1888
3933	1753
3934	1799
3935	1783
3936	1760
3937	1791
3938	1779
3939	1765
3940	1874
3941	1731
3942	1745
3943	1681
3944	1903
3945	1910
3946	1807
3947	1763
3948	1774
3949	1739
3950	1922
3951	1828
3952	1868
3953	1867
3954	1816
3955	1850
3956	1870
3957	1869
3958	1887
3959	1886
3960	1939
3961	1974
3962	1859
3963	1800
3964	1862
3965	1825
3966	1886
3967	1769
3968	1794
3969	1885
3970	1892
3971	1960
3972	1913
3973	1890
3974	1735
3975	1904
3976	1889
3977	1862
3978	1859
3979	1857
3980	1811
3981	1843
3982	1643
3983	1683
3984	1742
3985	1724
3986	1739
3987	1884
3988	1881
3989	1793
3990	1877
3991	1668
3992	1744
3993	1745
3994	1757
3995	1816
3996	1798
3997	1788
3998	1827
3999	1934
4000	1776
4001	1709
4002	1720
4003	1623
4004	1838
4005	1852
4006	1783
4007	1833
4008	1804
4009	1825
4010	1920
4011	1721
4012	1802
4013	1755
4014	1775
4015	1715
4016	1774
4017	1708
4018	1770
4019	1808
4020	1916
4021	1869
4022	1748
4023	1772
4024	1714
4025	1741
4026	1771
4027	1717
4028	1659
4029	1779
4030	1926
4031	1857
4032	2180
4033	1736
4034	1750
4035	1748
4036	1662
4037	1734
4038	1711
4039	1702
4040	1780
4041	1878
4042	1755
4043	1675
4044	1554
4045	1616
4046	1651
4047	1674
4048	1654
4049	1594
4050	1671
4051	1729
4052	1691
4053	1644
4054	1708
4055	1736
4056	1598
4057	1774
4058	1611
4059	1641
4060	1781
4061	1676
4062	1715
4063	1641
4064	1721
4065	1715
4066	1712
4067	1768
4068	1600
4069	1637
4070	1692
4071	1679
4072	1834
4073	1713
4074	1712
4075	1821
4076	1577
4077	1671
4078	1729
4079	1751
4080	1677
4081	1635
4082	1789
4083	1616
4084	1696
4085	1560
4086	1730
4087	1716
4088	1702
4089	1710
4090	1707
4091	1697
4092	1687
4093	1633
4094	1645
4095	1644
4096	1756
4097	1731
4098	1802
4099	1630
4100	1676
4101	1645
4102	1718
4103	1680
4104	1677
4105	1681
4106	1653
4107	1746
4108	1627
4109	1585
4110	1696
4111	1863
4112	1633
4113	1718
4114	1549
4115	1652
4116	1811
4117	1864
4118	1648
4119	1637
4120	1688
4121	1685
4122	1656
4123	1612
4124	1597
4125	1746
4126	1695
4127	1699
4128	1556
4129	1642
4130	1543
4131	1718
4132	1597
4133	1596
4134	1505
4135	1515
4136	1516
4137	1576
4138	1527
4139	1543
4140	1503
4141	1571
4142	1558
4143	1599
4144	1506
4145	1568
4146	1558
4147	1666
4148	1574
4149	1639
4150	1652
4151	1586
4152	1621
4153	1525
4154	1595
4155	1559
4156	1499
4157	1498
4158	1600
4159	1496
4160	1606
4161	1564
4162	1576
4163	1593
4164	1564
4165	1546
4166	1493
4167	1581
4168	1509
4169	1465
4170	1474
4171	1558
4172	1483
4173	1443
4174	1449
4175	1525
4176	1475
4177	1450
4178	1482
4179	1447
4180	1567
4181	1401
4182	1536
4183	1481
4184	1601
4185	1510
4186	1509
4187	1510
4188	1541
4189	1513
4190	1568
4191	1554
4192	1454
4193	1543
4194	1532
4195	1479
4196	1565
4197	1471
4198	1526
4199	1534
4200	1482
4201	1545
4202	1502
4203	1512
4204	1551
4205	1570
4206	1334
4207	1514
4208	1466
4209	1486
4210	1511
4211	1587
4212	1511
4213	1511
4214	1598
4215	1504
4216	1599
4217	1565
4218	1632
4219	1488
4220	1425
4221	1528
4222	1565
4223	1462
4224	1519
4225	1553
4226	1600
4227	1628
4228	1476
4229	1624
4230	1504
4231	1488
4232	1536
4233	1625
4234	1517
4235	1541
4236	1489
4237	1564
4238	1453
4239	1542
4240	1496
4241	1433
4242	1491
4243	1508
4244	1467
4245	1445
4246	1593
4247	1457
4248	1597
4249	1432
4250	1569
4251	1520
4252	1500
4253	1467
4254	1571
4255	1464
4256	1551
4257	1472
4258	1469
4259	1532
4260	1607
4261	1545
4262	1459
4263	1434
4264	1483
4265	1561
4266	1456
4267	1568
4268	1573
4269	1582
4270	1537
4271	1639
4272	1600
4273	1568
4274	1554
4275	1536
4276	1666
4277	1530
4278	1537
4279	1552
4280	1548
4281	1528
4282	1565
4283	1545
4284	1569
4285	1527
4286	1471
4287	1525
4288	1575
4289	1536
4290	1529
4291	1498
4292	1510
4293	1497
4294	1510
4295	1537
4296	1540
4297	1536
4298	1618
4299	1475
4300	1500
4301	1443
4302	1584
4303	1538
4304	1590
4305	1636
4306	1506
4307	1558
4308	1558
4309	1498
4310	1554
4311	1577
4312	1465
4313	1456
4314	1519
4315	1479
4316	1448
4317	1484
4318	1396
4319	1464
4320	1467
4321	1438
4322	1423
4323	1525
4324	1460
4325	1507
4326	1473
4327	1454
4328	1404
4329	1500
4330	1417
4331	1412
4332	1498
4333	1427
4334	1399
4335	1550
4336	1379
4337	1378
4338	1354
4339	1438
4340	1415
4341	1424
4342	1356
4343	1464
4344	1407
4345	1436
4346	1311
4347	1344
4348	1430
4349	1484
4350	1396
4351	1315
4352	1386
4353	1328
4354	1318
4355	1319
4356	1357
4357	1245
4358	1319
4359	1356
4360	1312
4361	1411
4362	1399
4363	1415
4364	1365
4365	1337
4366	1326
4367	1458
4368	1400
4369	1387
4370	1319
4371	1373
4372	1297
4373	1359
4374	1367
4375	1384
4376	1361
4377	1439
4378	1339
4379	1300
4380	1328
4381	1396
4382	1405
4383	1319
4384	1318
4385	1381
4386	1368
4387	1414
4388	1301
4389	1415
4390	1423
4391	1331
4392	1330
4393	1333
4394	1356
4395	1318
4396	1258
4397	1408
4398	1372
4399	1260
4400	1329
4401	1424
4402	1318
4403	1390
4404	1299
4405	1353
4406	1349
4407	1346
4408	1288
4409	1385
4410	1323
4411	1343
4412	1285
4413	1197
4414	1379
4415	1373
4416	1307
4417	1299
4418	1371
4419	1315
4420	1232
4421	1246
4422	1300
4423	1354
4424	1306
4425	1284
4426	1311
4427	1302
4428	1328
4429	1343
4430	1427
4431	1282
4432	1329
4433	1341
4434	1269
4435	1219
4436	1212
4437	1228
4438	1219
4439	1353
4440	1391
4441	1236
4442	1341
4443	1239
4444	1282
4445	1266
4446	1231
4447	1267
4448	1358
4449	1348
4450	1352
4451	1277
4452	1333
4453	1227
4454	1216
4455	1249
4456	1292
4457	1299
4458	1270
4459	1292
4460	1225
4461	1271
4462	1339
4463	1312
4464	1316
4465	1213
4466	1288
4467	1227
4468	1224
4469	1335
4470	1311
4471	1267
4472	1324
4473	1308
4474	1329
4475	1177
4476	1272
4477	1281
4478	1286
4479	1238
4480	1278
4481	1280
4482	1273
4483	1350
4484	1398
4485	1281
4486	1264
4487	1232
4488	1274
4489	1196
4490	1256
4491	1261
4492	1264
4493	1330
4494	1363
4495	1211
4496	1232
4497	1330
4498	1284
4499	1379
4500	1262
4501	1387
4502	1272
4503	1289
4504	1352
4505	1300
4506	1280
4507	1358
4508	1327
4509	1352
4510	1356
4511	1270
4512	1385
4513	1311
4514	1304
4515	1387
4516	1287
4517	1326
4518	1336
4519	1245
4520	1334
4521	1239
4522	1385
4523	1261
4524	1379
4525	1274
4526	1283
4527	1292
4528	1310
4529	1277
4530	1329
4531	1293
4532	1313
4533	1282
4534	1219
4535	1292
4536	1258
4537	1312
4538	1344
4539	1315
4540	1236
4541	1282
4542	1363
4543	1265
4544	1305
4545	1294
4546	1405
4547	1465
4548	1345
4549	1373
4550	1295
4551	1259
4552	1320
4553	1303
4554	1298
4555	1241
4556	1232
4557	1286
4558	1346
4559	1241
4560	1274
4561	1297
4562	1239
4563	1248
4564	1331
4565	1291
4566	1295
4567	1267
4568	1282
4569	1219
4570	1347
4571	1293
4572	1313
4573	1294
4574	1237
4575	1347
4576	1319
4577	1293
4578	1228
4579	1198
4580	1240
4581	1243
4582	1199
4583	1286
4584	1288
4585	1300
4586	1254
4587	1191
4588	1294
4589	1261
4590	1224
4591	1236
4592	1251
4593	1304
4594	1332
4595	1272
4596	1309
4597	1251
4598	1258
4599	1252
4600	1251
4601	1182
4602	1294
4603	1186
4604	1202
4605	1233
4606	1325
4607	1314
4608	1282
4609	1217
4610	1338
4611	1246
4612	1325
4613	1380
4614	1301
4615	1310
4616	1362
4617	1272
4618	1362
4619	1313
4620	1345
4621	1360
4622	1256
4623	1413
4624	1325
4625	1370
4626	1252
4627	1293
4628	1391
4629	1338
4630	1342
4631	1486
4632	1348
4633	1324
4634	1278
4635	1385
4636	1316
4637	1264
4638	1365
4639	1331
4640	1295
4641	1252
4642	1299
4643	1429
4644	1475
4645	1413
4646	1307
4647	1225
4648	1289
4649	1410
4650	1422
4651	1378
4652	1415
4653	1279
4654	1294
4655	1365
4656	1325
4657	1333
4658	1273
4659	1427
4660	1305
4661	1403
4662	1303
4663	1362
4664	1319
4665	1390
4666	1391
4667	1298
4668	1323
4669	1307
4670	1294
4671	1332
4672	1380
4673	1407
4674	1237
4675	1323
4676	1346
4677	1431
4678	1400
4679	1279
4680	1348
4681	1353
4682	1318
4683	1330
4684	1317
4685	1413
4686	1351
4687	1261
4688	1237
4689	1319
4690	1373
4691	1210
4692	1279
4693	1246
4694	1323
4695	1208
4696	1210
4697	1278
4698	1295
4699	1272
4700	1353
4701	1259
4702	1305
4703	1321
4704	1314
4705	1233
4706	1245
4707	1298
4708	1349
4709	1339
4710	1303
4711	1279
4712	1251
4713	1191
4714	1221
4715	1271
4716	1283
4717	1279
4718	1232
4719	1252
4720	1263
4721	1323
4722	1293
4723	1213
4724	1326
4725	1223
4726	1248
4727	1248
4728	1316
4729	1303
4730	1262
4731	1254
4732	1304
4733	1272
4734	1196
4735	1204
4736	1257
4737	1283
4738	1174
4739	1174
4740	1169
4741	1309
4742	1236
4743	1246
4744	1228
4745	1329
4746	1283
4747	1222
4748	1229
4749	1282
4750	1334
4751	1263
4752	1317
4753	1227
4754	1252
4755	1293
4756	1332
4757	1250
4758	1321
4759	1323
4760	1245
4761	1246
4762	1189
4763	1311
4764	1245
4765	1324
4766	1287
4767	1400
4768	1336
4769	1269
4770	1262
4771	1288
4772	1352
4773	1315
4774	1311
4775	1313
4776	1387
4777	1299
4778	1308
4779	1279
4780	1317
4781	1290
4782	1362
4783	1367
4784	1264
4785	1399
4786	1239
4787	1283
4788	1213
4789	1302
4790	1259
4791	1283
4792	1264
4793	1327
4794	1307
4795	1395
4796	1297
4797	1211
4798	1217
4799	1265
4800	1338
4801	1354
4802	1183
4803	1322
4804	1341
4805	1343
4806	1338
4807	1331
4808	1343
4809	1406
4810	1368
4811	1400
4812	1244
4813	1340
4814	1344
4815	1334
4816	1329
4817	1375
4818	1338
4819	1393
4820	1363
4821	1287
4822	1331
4823	1411
4824	1317
4825	1330
4826	1276

