## htsjdk.samtools.metrics.StringHeader
# CollectInsertSizeMetrics HISTOGRAM_FILE=/work/ugbogu/pipeline/data/nbl/GSE189367/results/picard/SRR17011002_insert_size_histogram.pdf MINIMUM_PCT=0.5 INPUT=/work/ugbogu/pipeline/data/nbl/GSE189367/results/star/SRR17011002.Aligned.sortedByCoord.out.bam OUTPUT=/work/ugbogu/pipeline/data/nbl/GSE189367/results/picard/SRR17011002_insert_size_metrics.txt    DEVIATIONS=10.0 METRIC_ACCUMULATION_LEVEL=[ALL_READS] INCLUDE_DUPLICATES=false ASSUME_SORTED=true STOP_AFTER=0 VERBOSITY=INFO QUIET=false VALIDATION_STRINGENCY=STRICT COMPRESSION_LEVEL=5 MAX_RECORDS_IN_RAM=500000 CREATE_INDEX=false CREATE_MD5_FILE=false USE_JDK_DEFLATER=false USE_JDK_INFLATER=false
## htsjdk.samtools.metrics.StringHeader
# Started on: Wed Apr 15 21:31:41 UTC 2026

## METRICS CLASS	picard.analysis.InsertSizeMetrics
MEDIAN_INSERT_SIZE	MODE_INSERT_SIZE	MEDIAN_ABSOLUTE_DEVIATION	MIN_INSERT_SIZE	MAX_INSERT_SIZE	MEAN_INSERT_SIZE	STANDARD_DEVIATION	READ_PAIRS	PAIR_ORIENTATION	WIDTH_OF_10_PERCENT	WIDTH_OF_20_PERCENT	WIDTH_OF_30_PERCENT	WIDTH_OF_40_PERCENT	WIDTH_OF_50_PERCENT	WIDTH_OF_60_PERCENT	WIDTH_OF_70_PERCENT	WIDTH_OF_80_PERCENT	WIDTH_OF_90_PERCENT	WIDTH_OF_95_PERCENT	WIDTH_OF_99_PERCENT	SAMPLE	LIBRARY	READ_GROUP
607	124	490	27	3321285	1020.048938	1297.490223	27455186	FR	491	741	857	927	981	1367	3523	7671	20571	56823	167057			

## HISTOGRAM	java.lang.Integer
insert_size	All_Reads.fr_count
27	1
28	1
29	5
30	3
31	1
32	3
33	5
34	19
35	148
36	164
37	210
38	197
39	210
40	267
41	301
42	303
43	321
44	302
45	408
46	406
47	475
48	437
49	598
50	635
51	713
52	763
53	822
54	863
55	973
56	1123
57	1267
58	1510
59	1701
60	1810
61	2143
62	2374
63	2546
64	2556
65	2919
66	3239
67	3904
68	4366
69	4891
70	5301
71	6520
72	6128
73	8223
74	8866
75	22518
76	11042
77	12060
78	16437
79	13038
80	13339
81	16169
82	15602
83	16321
84	16936
85	18122
86	19492
87	21002
88	22610
89	24395
90	26728
91	29865
92	32491
93	34253
94	36729
95	40336
96	41228
97	45870
98	48182
99	51172
100	53993
101	56923
102	59139
103	62023
104	65692
105	70048
106	73159
107	75087
108	76139
109	79483
110	81979
111	82122
112	84223
113	86331
114	87754
115	88707
116	91468
117	92093
118	95147
119	94836
120	97010
121	99060
122	98735
123	101125
124	102264
125	101416
126	100943
127	101541
128	99685
129	99481
130	100801
131	100414
132	98866
133	101709
134	101722
135	99789
136	101196
137	99275
138	97651
139	97797
140	98044
141	95806
142	94745
143	93697
144	93576
145	92956
146	90610
147	88692
148	90086
149	88058
150	86368
151	88700
152	84858
153	85334
154	83836
155	84630
156	83199
157	81299
158	80871
159	78290
160	78814
161	76566
162	74914
163	75375
164	72555
165	71706
166	71371
167	69849
168	68772
169	68872
170	68880
171	67084
172	67202
173	65357
174	64753
175	63955
176	63197
177	61036
178	61775
179	60264
180	59199
181	58308
182	57528
183	56630
184	56068
185	55224
186	54323
187	54282
188	53368
189	52220
190	52237
191	51836
192	50971
193	50358
194	49232
195	48933
196	48013
197	48172
198	46363
199	46152
200	46266
201	45595
202	45610
203	44816
204	43889
205	43285
206	42282
207	41657
208	42005
209	41689
210	40823
211	40003
212	39993
213	39255
214	39566
215	39270
216	38527
217	38597
218	37125
219	37242
220	37423
221	36156
222	36274
223	35421
224	35191
225	34991
226	34933
227	34624
228	34003
229	33825
230	34448
231	33202
232	33014
233	33360
234	32530
235	31843
236	32099
237	31305
238	30337
239	30262
240	29641
241	29484
242	29223
243	28724
244	28657
245	28389
246	27500
247	27642
248	27518
249	26642
250	27162
251	26385
252	26289
253	25902
254	25873
255	25446
256	25059
257	25056
258	24627
259	24719
260	24195
261	23910
262	24197
263	24024
264	23253
265	23170
266	23103
267	22308
268	22014
269	22179
270	22153
271	21795
272	21121
273	21252
274	21311
275	21083
276	20513
277	20183
278	20542
279	20236
280	20222
281	19775
282	19281
283	19199
284	19345
285	18990
286	18740
287	18388
288	18394
289	18067
290	17974
291	17726
292	17781
293	17733
294	17686
295	17003
296	17033
297	16796
298	16595
299	16479
300	16430
301	16169
302	15938
303	15625
304	15887
305	15655
306	15230
307	15207
308	15210
309	15210
310	14880
311	14769
312	14830
313	14456
314	14446
315	14139
316	14227
317	14094
318	13863
319	13648
320	13618
321	13834
322	13547
323	13404
324	13459
325	13399
326	12979
327	12900
328	12613
329	12886
330	12844
331	12523
332	12394
333	12677
334	12570
335	12540
336	12243
337	12116
338	11847
339	11759
340	11720
341	11537
342	11689
343	11410
344	11135
345	11350
346	11485
347	11771
348	11248
349	11011
350	11097
351	11010
352	10840
353	10901
354	10621
355	10477
356	10254
357	10821
358	10304
359	10374
360	10551
361	10288
362	10351
363	10106
364	9888
365	10071
366	9942
367	9899
368	9978
369	9694
370	9946
371	9432
372	9453
373	9518
374	9365
375	9507
376	9381
377	9242
378	9370
379	9152
380	9381
381	9027
382	8978
383	8977
384	8943
385	8830
386	8883
387	8775
388	8705
389	8388
390	8489
391	8775
392	8465
393	8506
394	8465
395	8395
396	8517
397	8423
398	8546
399	8138
400	8385
401	8094
402	8067
403	8169
404	7724
405	8091
406	7899
407	7721
408	7724
409	7774
410	7784
411	7699
412	7662
413	7373
414	7682
415	7668
416	7461
417	7415
418	7410
419	7204
420	7251
421	7342
422	7422
423	7146
424	7519
425	7131
426	7347
427	7290
428	7037
429	7156
430	7204
431	7137
432	7153
433	7118
434	7006
435	7105
436	6972
437	6899
438	6779
439	6796
440	6772
441	6938
442	7083
443	6927
444	7020
445	6915
446	6712
447	6649
448	6612
449	6892
450	6607
451	6695
452	6652
453	6812
454	6933
455	6891
456	6555
457	6225
458	6383
459	6465
460	6372
461	6172
462	6330
463	6367
464	6132
465	6424
466	6138
467	6256
468	6017
469	6199
470	6212
471	6194
472	6117
473	6167
474	6149
475	6196
476	5918
477	6162
478	6099
479	5964
480	6112
481	5890
482	5938
483	5824
484	6095
485	6026
486	5972
487	5782
488	5984
489	5879
490	5945
491	5882
492	6034
493	5951
494	5789
495	5918
496	5882
497	5801
498	6031
499	5845
500	5874
501	5876
502	5813
503	5938
504	5498
505	5965
506	5950
507	6018
508	6028
509	6035
510	5937
511	5805
512	5960
513	5938
514	5654
515	5712
516	5449
517	5997
518	5770
519	5851
520	5830
521	5698
522	5900
523	5474
524	5700
525	5668
526	5654
527	5835
528	5853
529	5657
530	5636
531	5704
532	5677
533	5698
534	5495
535	5757
536	5727
537	5693
538	5694
539	5736
540	5993
541	5717
542	5641
543	5760
544	5807
545	5697
546	5574
547	5565
548	5265
549	5351
550	5441
551	5470
552	5391
553	5465
554	5320
555	5414
556	5440
557	5443
558	5564
559	5539
560	5436
561	5319
562	5399
563	5687
564	5442
565	5168
566	5363
567	5492
568	5415
569	5373
570	5224
571	5560
572	5233
573	5520
574	5223
575	5215
576	5204
577	5446
578	5516
579	5245
580	5107
581	5226
582	5279
583	5450
584	5301
585	5360
586	5200
587	5188
588	5163
589	5185
590	5105
591	5185
592	5221
593	5111
594	5142
595	5193
596	5142
597	5300
598	5245
599	5133
600	4971
601	5153
602	5048
603	5156
604	5017
605	5109
606	4939
607	4998
608	5037
609	4988
610	4804
611	5025
612	4969
613	4847
614	4964
615	4979
616	5081
617	5060
618	5037
619	4941
620	4874
621	4739
622	4836
623	4686
624	5017
625	4853
626	5210
627	5075
628	4783
629	4931
630	4745
631	4770
632	4875
633	4892
634	4905
635	4894
636	5092
637	5003
638	4916
639	4891
640	5025
641	4639
642	4731
643	4591
644	4602
645	4727
646	4799
647	4954
648	4856
649	4998
650	4769
651	4754
652	4981
653	4818
654	4976
655	4836
656	4641
657	4636
658	4859
659	4849
660	4594
661	4796
662	4692
663	4960
664	4819
665	4902
666	4763
667	4535
668	4801
669	4951
670	4993
671	4554
672	4868
673	4739
674	4516
675	4696
676	4845
677	4727
678	4793
679	4638
680	4788
681	4717
682	4890
683	4666
684	4741
685	4728
686	4720
687	4614
688	4642
689	4703
690	4671
691	4728
692	4872
693	4820
694	4733
695	4837
696	4938
697	4621
698	4680
699	4824
700	4787
701	4792
702	4808
703	4872
704	4955
705	4825
706	4715
707	4623
708	4881
709	4646
710	4676
711	4749
712	4759
713	4877
714	4782
715	5035
716	4857
717	4810
718	4675
719	4675
720	4737
721	4786
722	4673
723	4774
724	4876
725	4939
726	4840
727	4833
728	4713
729	4831
730	4588
731	4598
732	4705
733	4837
734	4769
735	4767
736	4766
737	4604
738	4586
739	4560
740	4675
741	4731
742	4676
743	4842
744	4672
745	4747
746	4573
747	4695
748	4706
749	4701
750	4451
751	4394
752	4479
753	4801
754	4875
755	4532
756	4403
757	4591
758	4747
759	4811
760	4672
761	4405
762	4687
763	4450
764	4522
765	4568
766	4608
767	4617
768	4493
769	4556
770	4611
771	4531
772	4638
773	4691
774	4462
775	4569
776	4466
777	4394
778	4447
779	4370
780	4546
781	4506
782	4450
783	4605
784	4298
785	4399
786	4477
787	4511
788	4488
789	4392
790	4389
791	4499
792	4542
793	4511
794	4584
795	4503
796	4571
797	4503
798	4462
799	4471
800	4421
801	4395
802	4608
803	4550
804	4512
805	4582
806	4695
807	4381
808	4417
809	4488
810	4261
811	4509
812	4126
813	4357
814	4343
815	4402
816	4382
817	4344
818	4400
819	4315
820	4310
821	4404
822	4200
823	4274
824	4118
825	4241
826	4321
827	4243
828	4315
829	4315
830	4560
831	4337
832	4403
833	4411
834	4251
835	4382
836	4439
837	4655
838	4593
839	4480
840	4509
841	4429
842	4328
843	4308
844	4403
845	4421
846	4405
847	4352
848	4234
849	4256
850	4274
851	4332
852	4331
853	4313
854	4296
855	4256
856	4321
857	4485
858	4298
859	4317
860	4506
861	4272
862	4300
863	4336
864	4325
865	4244
866	4355
867	4279
868	4272
869	4242
870	4153
871	4343
872	4312
873	4210
874	4298
875	4116
876	4224
877	4262
878	4189
879	4252
880	4288
881	4366
882	4212
883	4198
884	4402
885	4371
886	4359
887	4438
888	4320
889	4245
890	4339
891	4341
892	4325
893	4247
894	4067
895	4274
896	4216
897	4078
898	3899
899	4210
900	4230
901	4154
902	4028
903	4115
904	4015
905	4086
906	4351
907	4004
908	4154
909	4087
910	4216
911	4060
912	4076
913	4179
914	4358
915	4062
916	4090
917	4049
918	4087
919	4036
920	4111
921	4341
922	4319
923	4149
924	3974
925	4150
926	4028
927	3831
928	4014
929	4053
930	3854
931	4062
932	4134
933	4105
934	4074
935	4083
936	4153
937	4143
938	4034
939	4083
940	4128
941	4186
942	4129
943	4267
944	4177
945	3983
946	4032
947	4023
948	4061
949	3833
950	3906
951	4120
952	3857
953	3796
954	3975
955	3976
956	3843
957	3982
958	3953
959	3858
960	3750
961	3715
962	3942
963	3867
964	3878
965	3833
966	3974
967	3930
968	3731
969	3667
970	3842
971	3766
972	3722
973	4033
974	3952
975	3673
976	3865
977	3918
978	4030
979	3957
980	3842
981	3871
982	3888
983	3860
984	3749
985	3792
986	3997
987	3933
988	3922
989	3727
990	3788
991	3798
992	3843
993	3735
994	3728
995	3545
996	3634
997	3641
998	3772
999	3833
1000	3809
1001	3726
1002	3579
1003	3697
1004	3611
1005	3635
1006	3513
1007	3780
1008	3743
1009	3615
1010	3626
1011	3715
1012	3755
1013	3704
1014	3700
1015	3882
1016	3769
1017	3774
1018	3657
1019	3826
1020	3590
1021	3682
1022	3679
1023	3648
1024	3732
1025	3505
1026	3731
1027	3601
1028	3548
1029	3560
1030	3578
1031	3358
1032	3575
1033	3475
1034	3592
1035	3405
1036	3577
1037	3546
1038	3709
1039	3404
1040	3608
1041	3557
1042	3538
1043	3443
1044	3561
1045	3625
1046	3628
1047	3721
1048	3435
1049	3453
1050	3519
1051	3543
1052	3449
1053	3543
1054	3460
1055	3568
1056	3413
1057	3629
1058	3361
1059	3395
1060	3488
1061	3403
1062	3427
1063	3461
1064	3474
1065	3592
1066	3480
1067	3508
1068	3513
1069	3316
1070	3318
1071	3306
1072	3307
1073	3547
1074	3407
1075	3447
1076	3258
1077	3519
1078	3531
1079	3367
1080	3345
1081	3595
1082	3213
1083	3376
1084	3304
1085	3377
1086	3498
1087	3379
1088	3513
1089	3295
1090	3451
1091	3300
1092	3187
1093	3269
1094	3387
1095	3358
1096	3168
1097	3320
1098	3419
1099	3426
1100	3361
1101	3330
1102	3416
1103	3241
1104	3506
1105	3368
1106	3230
1107	3293
1108	3344
1109	3468
1110	3352
1111	3655
1112	3365
1113	3304
1114	3365
1115	3621
1116	3212
1117	3425
1118	3514
1119	3188
1120	3443
1121	3485
1122	3452
1123	3585
1124	3475
1125	3530
1126	3515
1127	3537
1128	3395
1129	3351
1130	3396
1131	3486
1132	3550
1133	3656
1134	3490
1135	3475
1136	3488
1137	3265
1138	3533
1139	3360
1140	3466
1141	3575
1142	3446
1143	3522
1144	3497
1145	3447
1146	3550
1147	3596
1148	3503
1149	3459
1150	3438
1151	3608
1152	3657
1153	3570
1154	3431
1155	3318
1156	3590
1157	3699
1158	3417
1159	3479
1160	3517
1161	3557
1162	3568
1163	3435
1164	3691
1165	3481
1166	3543
1167	3404
1168	3592
1169	3532
1170	3410
1171	3371
1172	3339
1173	3330
1174	3540
1175	3482
1176	3231
1177	3406
1178	3527
1179	3378
1180	3360
1181	3357
1182	3335
1183	3308
1184	3460
1185	3484
1186	3355
1187	3302
1188	3556
1189	3415
1190	3366
1191	3414
1192	3473
1193	3402
1194	3522
1195	3393
1196	3453
1197	3329
1198	3411
1199	3356
1200	3480
1201	3436
1202	3351
1203	3449
1204	3485
1205	3368
1206	3277
1207	3459
1208	3414
1209	3394
1210	3398
1211	3533
1212	3405
1213	3414
1214	3423
1215	3345
1216	3319
1217	3277
1218	3471
1219	3462
1220	3484
1221	3417
1222	3285
1223	3388
1224	3536
1225	3337
1226	3625
1227	3588
1228	3621
1229	3393
1230	3396
1231	3478
1232	3390
1233	3420
1234	3471
1235	3553
1236	3299
1237	3679
1238	3300
1239	3446
1240	3375
1241	3558
1242	3302
1243	3327
1244	3251
1245	3132
1246	3273
1247	3320
1248	3366
1249	3312
1250	3456
1251	3352
1252	3402
1253	3554
1254	3253
1255	3587
1256	3387
1257	3524
1258	3330
1259	3422
1260	3431
1261	3361
1262	3275
1263	3397
1264	3424
1265	3421
1266	3319
1267	3668
1268	3363
1269	3434
1270	3324
1271	3252
1272	3359
1273	3452
1274	3294
1275	3311
1276	3142
1277	3265
1278	3138
1279	3052
1280	3166
1281	3213
1282	3397
1283	3177
1284	3135
1285	3147
1286	3114
1287	3318
1288	3302
1289	3199
1290	3139
1291	3184
1292	3265
1293	3257
1294	3137
1295	3094
1296	3128
1297	3159
1298	3116
1299	3235
1300	3072
1301	3102
1302	3190
1303	3198
1304	3172
1305	3303
1306	3266
1307	3042
1308	3279
1309	3192
1310	3189
1311	3133
1312	3081
1313	3209
1314	3216
1315	3343
1316	3171
1317	3282
1318	3046
1319	3207
1320	3271
1321	3113
1322	3159
1323	2989
1324	3258
1325	2959
1326	3170
1327	3053
1328	3153
1329	3125
1330	3113
1331	3083
1332	3049
1333	3095
1334	3146
1335	2988
1336	2951
1337	2963
1338	3053
1339	3138
1340	3024
1341	3007
1342	2893
1343	3054
1344	3116
1345	2980
1346	2989
1347	3049
1348	3260
1349	3032
1350	2936
1351	3173
1352	2960
1353	3099
1354	3070
1355	3042
1356	3001
1357	3050
1358	3053
1359	3007
1360	3018
1361	2985
1362	3136
1363	3082
1364	2889
1365	3013
1366	3149
1367	3122
1368	3016
1369	3111
1370	2969
1371	3081
1372	2917
1373	3007
1374	2816
1375	3159
1376	2927
1377	3038
1378	3042
1379	2887
1380	2985
1381	2987
1382	2877
1383	2973
1384	2931
1385	3090
1386	3105
1387	2931
1388	2860
1389	2973
1390	2884
1391	2900
1392	2834
1393	2881
1394	2849
1395	2886
1396	2830
1397	2993
1398	2908
1399	2916
1400	2886
1401	2955
1402	2879
1403	2930
1404	2797
1405	2862
1406	2941
1407	2872
1408	2924
1409	2908
1410	2783
1411	2975
1412	2886
1413	2742
1414	2883
1415	2891
1416	3075
1417	2692
1418	2880
1419	2927
1420	2885
1421	2970
1422	2757
1423	2925
1424	2862
1425	2791
1426	2738
1427	2932
1428	2777
1429	2925
1430	2743
1431	2742
1432	2842
1433	2871
1434	2897
1435	2834
1436	2794
1437	2901
1438	2613
1439	2787
1440	2744
1441	2942
1442	3047
1443	2931
1444	2845
1445	2790
1446	2824
1447	2607
1448	2862
1449	2738
1450	2787
1451	2878
1452	2995
1453	2873
1454	2923
1455	2794
1456	2825
1457	3022
1458	2948
1459	2774
1460	2847
1461	2932
1462	3011
1463	3034
1464	3075
1465	2795
1466	2871
1467	2837
1468	2963
1469	2912
1470	2769
1471	2784
1472	3007
1473	2898
1474	3066
1475	2835
1476	2846
1477	2911
1478	2945
1479	2867
1480	2801
1481	2901
1482	3012
1483	2813
1484	3052
1485	2888
1486	3037
1487	2991
1488	2933
1489	3007
1490	2961
1491	3060
1492	3111
1493	3157
1494	2901
1495	2980
1496	2832
1497	2935
1498	3129
1499	3313
1500	3091
1501	3150
1502	2962
1503	3034
1504	2863
1505	3136
1506	3054
1507	3164
1508	3061
1509	3005
1510	3140
1511	3050
1512	3012
1513	3027
1514	3049
1515	2858
1516	2978
1517	3025
1518	2978
1519	2977
1520	2890
1521	3017
1522	3157
1523	3121
1524	3087
1525	3081
1526	3095
1527	3108
1528	2968
1529	3085
1530	3001
1531	3139
1532	3154
1533	3071
1534	3068
1535	3088
1536	3271
1537	3084
1538	3083
1539	3089
1540	3083
1541	3142
1542	3142
1543	2933
1544	3084
1545	3075
1546	2995
1547	2884
1548	3094
1549	3070
1550	2974
1551	3167
1552	3291
1553	3149
1554	2943
1555	3102
1556	3111
1557	3167
1558	3261
1559	3200
1560	3021
1561	3033
1562	3076
1563	3058
1564	2989
1565	3071
1566	3122
1567	3115
1568	3041
1569	3008
1570	3104
1571	3031
1572	3003
1573	3137
1574	3233
1575	3173
1576	2836
1577	2724
1578	2760
1579	2838
1580	3068
1581	3021
1582	2939
1583	2922
1584	2992
1585	3173
1586	3030
1587	2998
1588	2878
1589	2955
1590	3079
1591	2859
1592	2863
1593	2933
1594	3074
1595	2949
1596	2885
1597	2911
1598	2947
1599	2743
1600	2932
1601	3010
1602	2830
1603	3083
1604	2743
1605	2931
1606	2861
1607	3007
1608	2762
1609	2902
1610	2980
1611	2945
1612	2812
1613	2753
1614	2824
1615	2923
1616	2652
1617	2676
1618	2794
1619	2766
1620	2787
1621	2804
1622	2779
1623	2797
1624	2848
1625	2863
1626	2947
1627	3025
1628	2770
1629	3000
1630	2671
1631	2862
1632	2828
1633	2655
1634	2828
1635	2706
1636	2718
1637	2764
1638	2674
1639	2914
1640	2893
1641	2831
1642	2780
1643	2791
1644	2929
1645	2782
1646	2895
1647	2741
1648	2676
1649	2763
1650	2762
1651	2876
1652	2919
1653	2778
1654	2733
1655	2652
1656	2694
1657	2673
1658	2663
1659	2611
1660	2837
1661	2765
1662	2751
1663	2767
1664	2831
1665	2796
1666	2876
1667	2847
1668	2894
1669	2673
1670	2852
1671	2789
1672	2890
1673	2905
1674	2857
1675	2780
1676	2752
1677	2679
1678	2800
1679	2813
1680	2864
1681	2915
1682	2978
1683	2730
1684	2652
1685	2806
1686	2945
1687	2640
1688	2739
1689	2672
1690	2742
1691	2900
1692	2847
1693	2782
1694	2906
1695	2743
1696	2662
1697	2632
1698	2817
1699	2734
1700	2715
1701	2888
1702	2662
1703	2842
1704	2837
1705	2752
1706	2853
1707	2790
1708	2859
1709	2869
1710	3032
1711	2704
1712	2888
1713	2983
1714	2879
1715	2982
1716	2739
1717	2859
1718	2841
1719	2629
1720	2689
1721	2678
1722	2916
1723	2866
1724	2860
1725	2606
1726	2735
1727	2763
1728	2695
1729	2780
1730	2821
1731	2817
1732	2696
1733	2755
1734	2752
1735	2747
1736	2591
1737	2779
1738	2729
1739	2733
1740	2636
1741	2621
1742	2701
1743	2616
1744	2652
1745	2736
1746	2707
1747	2604
1748	2679
1749	2640
1750	2617
1751	2677
1752	2665
1753	2689
1754	2699
1755	2688
1756	2619
1757	2653
1758	2658
1759	2707
1760	2606
1761	2469
1762	2563
1763	2558
1764	2510
1765	2668
1766	2478
1767	2566
1768	2610
1769	2608
1770	2542
1771	2609
1772	2720
1773	2656
1774	2577
1775	2618
1776	2577
1777	2650
1778	2456
1779	2522
1780	2372
1781	2504
1782	2652
1783	2554
1784	2439
1785	2488
1786	2388
1787	2436
1788	2499
1789	2463
1790	2449
1791	2455
1792	2435
1793	2430
1794	2472
1795	2335
1796	2312
1797	2356
1798	2516
1799	2375
1800	2304
1801	2282
1802	2471
1803	2425
1804	2421
1805	2359
1806	2394
1807	2491
1808	2607
1809	2501
1810	2424
1811	2396
1812	2350
1813	2442
1814	2446
1815	2255
1816	2421
1817	2327
1818	2414
1819	2372
1820	2272
1821	2251
1822	2337
1823	2374
1824	2240
1825	2204
1826	2510
1827	2405
1828	2334
1829	2264
1830	2324
1831	2294
1832	2335
1833	2320
1834	2242
1835	2217
1836	2249
1837	2226
1838	2250
1839	2250
1840	2292
1841	2152
1842	2273
1843	2265
1844	2445
1845	2244
1846	2447
1847	2183
1848	2251
1849	2405
1850	2320
1851	2375
1852	2248
1853	2238
1854	2341
1855	2260
1856	2371
1857	2372
1858	2292
1859	2240
1860	2255
1861	2187
1862	2359
1863	2371
1864	2308
1865	2344
1866	2326
1867	2254
1868	2242
1869	2361
1870	2376
1871	2195
1872	2249
1873	2326
1874	2336
1875	2238
1876	2234
1877	2357
1878	2340
1879	2437
1880	2290
1881	2315
1882	2378
1883	2362
1884	2336
1885	2311
1886	2281
1887	2271
1888	2219
1889	2396
1890	2233
1891	2387
1892	2237
1893	2299
1894	2354
1895	2421
1896	2249
1897	2460
1898	2233
1899	2456
1900	2508
1901	2388
1902	2343
1903	2361
1904	2308
1905	2351
1906	2352
1907	2497
1908	2488
1909	2396
1910	2498
1911	2387
1912	2358
1913	2476
1914	2376
1915	2440
1916	2504
1917	2359
1918	2495
1919	2266
1920	2417
1921	2401
1922	2383
1923	2343
1924	2405
1925	2365
1926	2418
1927	2264
1928	2306
1929	2394
1930	2333
1931	2398
1932	2387
1933	2380
1934	2496
1935	2336
1936	2323
1937	2326
1938	2521
1939	2505
1940	2299
1941	2389
1942	2494
1943	2311
1944	2492
1945	2470
1946	2402
1947	2385
1948	2470
1949	2394
1950	2486
1951	2219
1952	2394
1953	2526
1954	2354
1955	2382
1956	2361
1957	2368
1958	2437
1959	2454
1960	2410
1961	2378
1962	2422
1963	2377
1964	2400
1965	2459
1966	2438
1967	2319
1968	2453
1969	2311
1970	2379
1971	2265
1972	2380
1973	2382
1974	2432
1975	2395
1976	2457
1977	2580
1978	2501
1979	2551
1980	2606
1981	2393
1982	2513
1983	2505
1984	2392
1985	2376
1986	2558
1987	2490
1988	2434
1989	2449
1990	2473
1991	2488
1992	2603
1993	2659
1994	2690
1995	2642
1996	2763
1997	2560
1998	2678
1999	2664
2000	2655
2001	2569
2002	2807
2003	2660
2004	2586
2005	2647
2006	2409
2007	2631
2008	2659
2009	2576
2010	2576
2011	2401
2012	2553
2013	2609
2014	2606
2015	2583
2016	2524
2017	2574
2018	2581
2019	2462
2020	2630
2021	2665
2022	2586
2023	2649
2024	2764
2025	2560
2026	2618
2027	2650
2028	2534
2029	2666
2030	2552
2031	2513
2032	2395
2033	2483
2034	2601
2035	2519
2036	2490
2037	2476
2038	2580
2039	2511
2040	2469
2041	2433
2042	2393
2043	2551
2044	2359
2045	2397
2046	2503
2047	2420
2048	2585
2049	2522
2050	2364
2051	2384
2052	2342
2053	2496
2054	2487
2055	2344
2056	2618
2057	2543
2058	2473
2059	2347
2060	2365
2061	2385
2062	2446
2063	2509
2064	2475
2065	2549
2066	2312
2067	2320
2068	2265
2069	2377
2070	2420
2071	2251
2072	2310
2073	2405
2074	2132
2075	2266
2076	2305
2077	2240
2078	2285
2079	2455
2080	2357
2081	2319
2082	2330
2083	2328
2084	2208
2085	2338
2086	2222
2087	2077
2088	2337
2089	2189
2090	2227
2091	2304
2092	2338
2093	2248
2094	2211
2095	2183
2096	2275
2097	2343
2098	2266
2099	2181
2100	2196
2101	2158
2102	2197
2103	2193
2104	2075
2105	2315
2106	2202
2107	2127
2108	2166
2109	2270
2110	2220
2111	2187
2112	2302
2113	2151
2114	2065
2115	1999
2116	2073
2117	2013
2118	2160
2119	2140
2120	2089
2121	2146
2122	2238
2123	2104
2124	2118
2125	2046
2126	2041
2127	2052
2128	2133
2129	2127
2130	2131
2131	2092
2132	2181
2133	2117
2134	2182
2135	2359
2136	2159
2137	2156
2138	2209
2139	2153
2140	1928
2141	2081
2142	1988
2143	2179
2144	2165
2145	2086
2146	2090
2147	2042
2148	2000
2149	1995
2150	2137
2151	2020
2152	2139
2153	2117
2154	2067
2155	2042
2156	2029
2157	1984
2158	1943
2159	2095
2160	2013
2161	2183
2162	2100
2163	1999
2164	1918
2165	2058
2166	1985
2167	1940
2168	2109
2169	2019
2170	1988
2171	2224
2172	2067
2173	1968
2174	2064
2175	2141
2176	2094
2177	1990
2178	1996
2179	2193
2180	2037
2181	2147
2182	2019
2183	2062
2184	2030
2185	2118
2186	2126
2187	2156
2188	2150
2189	2078
2190	2100
2191	2078
2192	2052
2193	1940
2194	2084
2195	1994
2196	2024
2197	2064
2198	2021
2199	2134
2200	2148
2201	2051
2202	2060
2203	2269
2204	2152
2205	2220
2206	2020
2207	2045
2208	2093
2209	2097
2210	2122
2211	2178
2212	2185
2213	2196
2214	2073
2215	2070
2216	1857
2217	2037
2218	1970
2219	2095
2220	2081
2221	2151
2222	2077
2223	2052
2224	2061
2225	2088
2226	2148
2227	2068
2228	2080
2229	2048
2230	2114
2231	2053
2232	2075
2233	2188
2234	2144
2235	2240
2236	2262
2237	2165
2238	2224
2239	2206
2240	2122
2241	2207
2242	2168
2243	2143
2244	2271
2245	2194
2246	2177
2247	1976
2248	1966
2249	2056
2250	2235
2251	2039
2252	2165
2253	2144
2254	2112
2255	2207
2256	2071
2257	2263
2258	2253
2259	2258
2260	2192
2261	2155
2262	2093
2263	2126
2264	2337
2265	2093
2266	1940
2267	2000
2268	2126
2269	2125
2270	2261
2271	2084
2272	2054
2273	2008
2274	2052
2275	1977
2276	2112
2277	2052
2278	2210
2279	2058
2280	2011
2281	2060
2282	1972
2283	1990
2284	1970
2285	1988
2286	2036
2287	1972
2288	2109
2289	2083
2290	2069
2291	2011
2292	1976
2293	1921
2294	2017
2295	1981
2296	1999
2297	2025
2298	1947
2299	2047
2300	1949
2301	2032
2302	2053
2303	1999
2304	1897
2305	2052
2306	1967
2307	1906
2308	1942
2309	2031
2310	2098
2311	2003
2312	2005
2313	1997
2314	1991
2315	1976
2316	1917
2317	1912
2318	2008
2319	1982
2320	2072
2321	2005
2322	2005
2323	1964
2324	1929
2325	2066
2326	2058
2327	1995
2328	1927
2329	1883
2330	1887
2331	1891
2332	1946
2333	1828
2334	1928
2335	1905
2336	1844
2337	1802
2338	2016
2339	1851
2340	1947
2341	2019
2342	2049
2343	1900
2344	1807
2345	1921
2346	1839
2347	2022
2348	1995
2349	1860
2350	1842
2351	1960
2352	1845
2353	1902
2354	1914
2355	1828
2356	1770
2357	2001
2358	1872
2359	1889
2360	1899
2361	1898
2362	1742
2363	1799
2364	1911
2365	1965
2366	1718
2367	1863
2368	1824
2369	1714
2370	1946
2371	1842
2372	1894
2373	1855
2374	1750
2375	1802
2376	1825
2377	1792
2378	1837
2379	1737
2380	1849
2381	1671
2382	1759
2383	1847
2384	1753
2385	1765
2386	1806
2387	1734
2388	1922
2389	1787
2390	1763
2391	1879
2392	1810
2393	1788
2394	1653
2395	1692
2396	1797
2397	1666
2398	1708
2399	1858
2400	1814
2401	1814
2402	1775
2403	1742
2404	1716
2405	1844
2406	1945
2407	1750
2408	1777
2409	1745
2410	1783
2411	1709
2412	1723
2413	1702
2414	1599
2415	1674
2416	1691
2417	1775
2418	1759
2419	1622
2420	1658
2421	1760
2422	1671
2423	1587
2424	1783
2425	1674
2426	1805
2427	1747
2428	1728
2429	1866
2430	1726
2431	1601
2432	1627
2433	1682
2434	1679
2435	1689
2436	1694
2437	1665
2438	1723
2439	1695
2440	1772
2441	1684
2442	1838
2443	1730
2444	1687
2445	1674
2446	1755
2447	1701
2448	1575
2449	1734
2450	1662
2451	1685
2452	1624
2453	1632
2454	1645
2455	1572
2456	1648
2457	1648
2458	1619
2459	1812
2460	1719
2461	1636
2462	1649
2463	1629
2464	1626
2465	1618
2466	1685
2467	1721
2468	1796
2469	1665
2470	1545
2471	1541
2472	1535
2473	1673
2474	1785
2475	1654
2476	1647
2477	1680
2478	1595
2479	1752
2480	1607
2481	1746
2482	1605
2483	1710
2484	1795
2485	1785
2486	1714
2487	1750
2488	1701
2489	1678
2490	1690
2491	1686
2492	1599
2493	1625
2494	1699
2495	1770
2496	1747
2497	1790
2498	1765
2499	1725
2500	1642
2501	1634
2502	1673
2503	1811
2504	1789
2505	1679
2506	1734
2507	1665
2508	1833
2509	1663
2510	1688
2511	1749
2512	1659
2513	1828
2514	1671
2515	1778
2516	1696
2517	1707
2518	1749
2519	1834
2520	1636
2521	1749
2522	1697
2523	1667
2524	1683
2525	1769
2526	1547
2527	1679
2528	1780
2529	1753
2530	1741
2531	1759
2532	1730
2533	1691
2534	1706
2535	1675
2536	1617
2537	1791
2538	1792
2539	1713
2540	1698
2541	1746
2542	1819
2543	1798
2544	1727
2545	1667
2546	1692
2547	1684
2548	1879
2549	1657
2550	1822
2551	1684
2552	1760
2553	1722
2554	1596
2555	1775
2556	1723
2557	1728
2558	1754
2559	1615
2560	1754
2561	1730
2562	1761
2563	1727
2564	1775
2565	1868
2566	1841
2567	1653
2568	1819
2569	1890
2570	1749
2571	1715
2572	1752
2573	1745
2574	1650
2575	1803
2576	1678
2577	1755
2578	1717
2579	1681
2580	1612
2581	1675
2582	1782
2583	1668
2584	1746
2585	1683
2586	1696
2587	1707
2588	1639
2589	1643
2590	1603
2591	1756
2592	1686
2593	1804
2594	1618
2595	1711
2596	1666
2597	1659
2598	1624
2599	1665
2600	1604
2601	1658
2602	1660
2603	1722
2604	1705
2605	1712
2606	1641
2607	1757
2608	1719
2609	1600
2610	1651
2611	1719
2612	1729
2613	1596
2614	1631
2615	1610
2616	1651
2617	1596
2618	1651
2619	1604
2620	1703
2621	1762
2622	1731
2623	1624
2624	1731
2625	1714
2626	1776
2627	1704
2628	1642
2629	1698
2630	1727
2631	1684
2632	1679
2633	1710
2634	1720
2635	1669
2636	1782
2637	1688
2638	1807
2639	1835
2640	1819
2641	1914
2642	1685
2643	1763
2644	1703
2645	1778
2646	1730
2647	1793
2648	1650
2649	1613
2650	1609
2651	1723
2652	1892
2653	1786
2654	1982
2655	1781
2656	1708
2657	1789
2658	1745
2659	1726
2660	1705
2661	1671
2662	1658
2663	1595
2664	1711
2665	1800
2666	1659
2667	1797
2668	1704
2669	1579
2670	1694
2671	1722
2672	2101
2673	1746
2674	2013
2675	2462
2676	1744
2677	1682
2678	2154
2679	3616
2680	1807
2681	1630
2682	1763
2683	1702
2684	1679
2685	1864
2686	1775
2687	1810
2688	1738
2689	1815
2690	1861
2691	1807
2692	1632
2693	1854
2694	1743
2695	1653
2696	1782
2697	1699
2698	1679
2699	1713
2700	1752
2701	1728
2702	1868
2703	1752
2704	1641
2705	1667
2706	1743
2707	1750
2708	1748
2709	1923
2710	1976
2711	1915
2712	1703
2713	1665
2714	1694
2715	1726
2716	1690
2717	1767
2718	1692
2719	1720
2720	1746
2721	1770
2722	1667
2723	1652
2724	1728
2725	1491
2726	1595
2727	1615
2728	1663
2729	1710
2730	1677
2731	1726
2732	1614
2733	1642
2734	1701
2735	1613
2736	1685
2737	1694
2738	1685
2739	1720
2740	1739
2741	1663
2742	1613
2743	1572
2744	1505
2745	1621
2746	1606
2747	1588
2748	1572
2749	1649
2750	1610
2751	1609
2752	1522
2753	1617
2754	1623
2755	1549
2756	1487
2757	1654
2758	1548
2759	1546
2760	1598
2761	1542
2762	1641
2763	1619
2764	1653
2765	2038
2766	1791
2767	1652
2768	1568
2769	1719
2770	1552
2771	1667
2772	1690
2773	1616
2774	1597
2775	1569
2776	1626
2777	1514
2778	1597
2779	1584
2780	1478
2781	1551
2782	1490
2783	1547
2784	1564
2785	1584
2786	1581
2787	1412
2788	1582
2789	1443
2790	1577
2791	1531
2792	1465
2793	1563
2794	1663
2795	1533
2796	1514
2797	1548
2798	1486
2799	1539
2800	1561
2801	1479
2802	1566
2803	1428
2804	1472
2805	1512
2806	1503
2807	1500
2808	1578
2809	1542
2810	1539
2811	1377
2812	1494
2813	1638
2814	1544
2815	1551
2816	1499
2817	1501
2818	1631
2819	1581
2820	1550
2821	1576
2822	1602
2823	1603
2824	1446
2825	1558
2826	1468
2827	1513
2828	1429
2829	1481
2830	1447
2831	1430
2832	1594
2833	1453
2834	1432
2835	1478
2836	1507
2837	1517
2838	1602
2839	1409
2840	1468
2841	1483
2842	1412
2843	1443
2844	1396
2845	1483
2846	1529
2847	1445
2848	1500
2849	1443
2850	1482
2851	1535
2852	1482
2853	1378
2854	1454
2855	1455
2856	1499
2857	1515
2858	1475
2859	1456
2860	1516
2861	1525
2862	1581
2863	1725
2864	1567
2865	1487
2866	1547
2867	1393
2868	1527
2869	1416
2870	1529
2871	1460
2872	1485
2873	1429
2874	1489
2875	1500
2876	1522
2877	1416
2878	1595
2879	1347
2880	1512
2881	1486
2882	1580
2883	1521
2884	1536
2885	1435
2886	1576
2887	1449
2888	1579
2889	1439
2890	1535
2891	1527
2892	1551
2893	1493
2894	1564
2895	1564
2896	1430
2897	1535
2898	1555
2899	1606
2900	1603
2901	1622
2902	1543
2903	1556
2904	1537
2905	1408
2906	1484
2907	1549
2908	1494
2909	1589
2910	1503
2911	1504
2912	1591
2913	1608
2914	1531
2915	1603
2916	1498
2917	1485
2918	1434
2919	1471
2920	1392
2921	1539
2922	1539
2923	1496
2924	1517
2925	1545
2926	1575
2927	1546
2928	1536
2929	1545
2930	1502
2931	1433
2932	1493
2933	1490
2934	1436
2935	1610
2936	1481
2937	1546
2938	1429
2939	1536
2940	1458
2941	1575
2942	1598
2943	1472
2944	1432
2945	1476
2946	1427
2947	1510
2948	1539
2949	1607
2950	1531
2951	1469
2952	1562
2953	1550
2954	1519
2955	1489
2956	1579
2957	1525
2958	1517
2959	1552
2960	1499
2961	1559
2962	1538
2963	1440
2964	1581
2965	1524
2966	1574
2967	1445
2968	1558
2969	1648
2970	1569
2971	1599
2972	1553
2973	1613
2974	1608
2975	1580
2976	1463
2977	1577
2978	1506
2979	1489
2980	1479
2981	1624
2982	1403
2983	1549
2984	1569
2985	1553
2986	1494
2987	1509
2988	1513
2989	1572
2990	1580
2991	1588
2992	1495
2993	1508
2994	1492
2995	1544
2996	1457
2997	1453
2998	1535
2999	1456
3000	1547
3001	1433
3002	1549
3003	1628
3004	1449
3005	1537
3006	1574
3007	1518
3008	1460
3009	1434
3010	1488
3011	1411
3012	1434
3013	1414
3014	1457
3015	1581
3016	1491
3017	1405
3018	1437
3019	1362
3020	1422
3021	1492
3022	1476
3023	1510
3024	1553
3025	1538
3026	1421
3027	1463
3028	1534
3029	1335
3030	1495
3031	1504
3032	1462
3033	1572
3034	1523
3035	1472
3036	1406
3037	1371
3038	1348
3039	1365
3040	1425
3041	1410
3042	1464
3043	1441
3044	1484
3045	1471
3046	1388
3047	1517
3048	1518
3049	1458
3050	1629
3051	1661
3052	1465
3053	1538
3054	1599
3055	1568
3056	1538
3057	1561
3058	1644
3059	1628
3060	1676
3061	1544
3062	1541
3063	1647
3064	1606
3065	1578
3066	1512
3067	1569
3068	1614
3069	1590
3070	1515
3071	1594
3072	1638
3073	1529
3074	1684
3075	1529
3076	1557
3077	1710
3078	1656
3079	1646
3080	1784
3081	1606
3082	1502
3083	1519
3084	1467
3085	1574
3086	1597
3087	1587
3088	1611
3089	1557
3090	1535
3091	1586
3092	1575
3093	1623
3094	1565
3095	1619
3096	1573
3097	1748
3098	1601
3099	1602
3100	1534
3101	1584
3102	1494
3103	1552
3104	1572
3105	1494
3106	1583
3107	1633
3108	1604
3109	1476
3110	1532
3111	1497
3112	1518
3113	1491
3114	1608
3115	1556
3116	1704
3117	1552
3118	1751
3119	1457
3120	1682
3121	1484
3122	1520
3123	1436
3124	1522
3125	1580
3126	1496
3127	1530
3128	1489
3129	1510
3130	1598
3131	1524
3132	1476
3133	1502
3134	1470
3135	1510
3136	1425
3137	1556
3138	1485
3139	1291
3140	1484
3141	1557
3142	1505
3143	1580
3144	1641
3145	1479
3146	1535
3147	1408
3148	1408
3149	1470
3150	1329
3151	1415
3152	1485
3153	1433
3154	1420
3155	1397
3156	1473
3157	1391
3158	1494
3159	1473
3160	1439
3161	1443
3162	1381
3163	1345
3164	1560
3165	1465
3166	1474
3167	1442
3168	1471
3169	1453
3170	1485
3171	1306
3172	1479
3173	1357
3174	1351
3175	1336
3176	1428
3177	1552
3178	1486
3179	1347
3180	1367
3181	1325
3182	1393
3183	1582
3184	1397
3185	1474
3186	1409
3187	1324
3188	1459
3189	1379
3190	1458
3191	1482
3192	1498
3193	1374
3194	1458
3195	1496
3196	1513
3197	1437
3198	1421
3199	1356
3200	1385
3201	1401
3202	1498
3203	1355
3204	1578
3205	1485
3206	1379
3207	1551
3208	1361
3209	1423
3210	1334
3211	1317
3212	1527
3213	1473
3214	1393
3215	1367
3216	1272
3217	1357
3218	1442
3219	1283
3220	1398
3221	1487
3222	1507
3223	1456
3224	1408
3225	1442
3226	1520
3227	1485
3228	1470
3229	1421
3230	1365
3231	1355
3232	1318
3233	1476
3234	1386
3235	1396
3236	1399
3237	1457
3238	1496
3239	1417
3240	1486
3241	1391
3242	1334
3243	1345
3244	1331
3245	1338
3246	1498
3247	1341
3248	1326
3249	1347
3250	1350
3251	1302
3252	1443
3253	1402
3254	1454
3255	1463
3256	1370
3257	1338
3258	1401
3259	1456
3260	1466
3261	1367
3262	1410
3263	1369
3264	1375
3265	1424
3266	1358
3267	1260
3268	1478
3269	1417
3270	1347
3271	1444
3272	1392
3273	1385
3274	1444
3275	1399
3276	1354
3277	1351
3278	1417
3279	1522
3280	1474
3281	1466
3282	1403
3283	1356
3284	1346
3285	1435
3286	1446
3287	1369
3288	1369
3289	1419
3290	1367
3291	1389
3292	1372
3293	1404
3294	1441
3295	1378
3296	1435
3297	1503
3298	1459
3299	1398
3300	1429
3301	1400
3302	1440
3303	1371
3304	1443
3305	1439
3306	1489
3307	1417
3308	1370
3309	1465
3310	1440
3311	1425
3312	1458
3313	1511
3314	1307
3315	1308
3316	1476
3317	1459
3318	1428
3319	1474
3320	1463
3321	1440
3322	1404
3323	1411
3324	1433
3325	1403
3326	1471
3327	1503
3328	1418
3329	1287
3330	1491
3331	1384
3332	1448
3333	1441
3334	1393
3335	1403
3336	1416
3337	1376
3338	1429
3339	1420
3340	1271
3341	1418
3342	1355
3343	1380
3344	1349
3345	1342
3346	1417
3347	1427
3348	1373
3349	1363
3350	1444
3351	1443
3352	1268
3353	1219
3354	1316
3355	1335
3356	1369
3357	1356
3358	1328
3359	1277
3360	1327
3361	1198
3362	1379
3363	1325
3364	1229
3365	1305
3366	1254
3367	1306
3368	1220
3369	1246
3370	1290
3371	1262
3372	1216
3373	1305
3374	1300
3375	1259
3376	1277
3377	1245
3378	1260
3379	1225
3380	1229
3381	1273
3382	1185
3383	1288
3384	1217
3385	1220
3386	1259
3387	1281
3388	1281
3389	1171
3390	1218
3391	1262
3392	1147
3393	1244
3394	1231
3395	1223
3396	1258
3397	1275
3398	1255
3399	1271
3400	1170
3401	1266
3402	1272
3403	1133
3404	1241
3405	1283
3406	1292
3407	1222
3408	1220
3409	1332
3410	1306
3411	1264
3412	1321
3413	1187
3414	1225
3415	1287
3416	1166
3417	1242
3418	1302
3419	1303
3420	1369
3421	1329
3422	1243
3423	1236
3424	1275
3425	1216
3426	1216
3427	1306
3428	1216
3429	1164
3430	1183
3431	1230
3432	1199
3433	1250
3434	1278
3435	1326
3436	1187
3437	1242
3438	1253
3439	1136
3440	1230
3441	1327
3442	1255
3443	1278
3444	1200
3445	1270
3446	1231
3447	1313
3448	1249
3449	1163
3450	1270
3451	1270
3452	1217
3453	1302
3454	1288
3455	1201
3456	1239
3457	1216
3458	1224
3459	1177
3460	1188
3461	1356
3462	1193
3463	1310
3464	1251
3465	1199
3466	1183
3467	1207
3468	1226
3469	1177
3470	1167
3471	1214
3472	1179
3473	1119
3474	1280
3475	1250
3476	1141
3477	1248
3478	1161
3479	1253
3480	1152
3481	1212
3482	1125
3483	1163
3484	1267
3485	1160
3486	1211
3487	1303
3488	1251
3489	1246
3490	1179
3491	1121
3492	1108
3493	1190
3494	1244
3495	1257
3496	1126
3497	1098
3498	1181
3499	1187
3500	1181
3501	1276
3502	1191
3503	1189
3504	1158
3505	1065
3506	1278
3507	1253
3508	1253
3509	1145
3510	1218
3511	1383
3512	1130
3513	1096
3514	1183
3515	1273
3516	1111
3517	1223
3518	1207
3519	1126
3520	1212
3521	1279
3522	1198
3523	1181
3524	1227
3525	1199
3526	1216
3527	1278
3528	1276
3529	1246
3530	1218
3531	1080
3532	1185
3533	1199
3534	1145
3535	1205
3536	1178
3537	1168
3538	1208
3539	1244
3540	1294
3541	1273
3542	1178
3543	1149
3544	1170
3545	1251
3546	1153
3547	1228
3548	1199
3549	1240
3550	1245
3551	1201
3552	1111
3553	1185
3554	1168
3555	1128
3556	1148
3557	1219
3558	1148
3559	1194
3560	1270
3561	1164
3562	1073
3563	1223
3564	1189
3565	1106
3566	1171
3567	1133
3568	1126
3569	1183
3570	1146
3571	1166
3572	1213
3573	1144
3574	1174
3575	1146
3576	1231
3577	1268
3578	1165
3579	1256
3580	1158
3581	1134
3582	1198
3583	1189
3584	1202
3585	1290
3586	1277
3587	1236
3588	1238
3589	1199
3590	1197
3591	1188
3592	1223
3593	1190
3594	1282
3595	1213
3596	1318
3597	1263
3598	1227
3599	1146
3600	1218
3601	1199
3602	1225
3603	1227
3604	1221
3605	1274
3606	1197
3607	1177
3608	1195
3609	1211
3610	1218
3611	1175
3612	1203
3613	1153
3614	1226
3615	1173
3616	1113
3617	1170
3618	1203
3619	1308
3620	1213
3621	1235
3622	1136
3623	1275
3624	1202
3625	1132
3626	1219
3627	1218
3628	1268
3629	1145
3630	1297
3631	1219
3632	1201
3633	1173
3634	1197
3635	1173
3636	1179
3637	1259
3638	1247
3639	1228
3640	1171
3641	1206
3642	1137
3643	1139
3644	1323
3645	1169
3646	1155
3647	1241
3648	1188
3649	1183
3650	1168
3651	1221
3652	1244
3653	1143
3654	1218
3655	1166
3656	1180
3657	1142
3658	1235
3659	1160
3660	1192
3661	1122
3662	1142
3663	1202
3664	1172
3665	1205
3666	1149
3667	1143
3668	1285
3669	1052
3670	1079
3671	1140
3672	1131
3673	1194
3674	1228
3675	1180
3676	1195
3677	1251
3678	1211
3679	1322
3680	1229
3681	1311
3682	1311
3683	1181
3684	1254
3685	1143
3686	1194
3687	1216
3688	1143
3689	1138
3690	1201
3691	1208
3692	1166
3693	1179
3694	1209
3695	1329
3696	1271
3697	1149
3698	1195
3699	1272
3700	1211
3701	1254
3702	1138
3703	1309
3704	1210
3705	1223
3706	1357
3707	1251
3708	1202
3709	1298
3710	1305
3711	1253
3712	1242
3713	1209
3714	1164
3715	1271
3716	1284
3717	1187
3718	1346
3719	1212
3720	1192
3721	1125
3722	1164
3723	1119
3724	1137
3725	1222
3726	1222
3727	1367
3728	1328
3729	1322
3730	1340
3731	1335
3732	1311
3733	1247
3734	1226
3735	1216
3736	1158
3737	1330
3738	1353
3739	1224
3740	1267
3741	1246
3742	1227
3743	1376
3744	1244
3745	1264
3746	1323
3747	1366
3748	1213
3749	1327
3750	1280
3751	1371
3752	1367
3753	1172
3754	1276
3755	1243
3756	1277
3757	1267
3758	1156
3759	1271
3760	1169
3761	1244
3762	1188
3763	1248
3764	1261
3765	1121
3766	1240
3767	1158
3768	1185
3769	1231
3770	1268
3771	1196
3772	1224
3773	1150
3774	1174
3775	1199
3776	1172
3777	1155
3778	1123
3779	1210
3780	1247
3781	1200
3782	1231
3783	1133
3784	1100
3785	1172
3786	1174
3787	1248
3788	1109
3789	1122
3790	1147
3791	1133
3792	1148
3793	1153
3794	1069
3795	1152
3796	1101
3797	1138
3798	1232
3799	1115
3800	1122
3801	1182
3802	1124
3803	1205
3804	1040
3805	1166
3806	1065
3807	1130
3808	1077
3809	1153
3810	1111
3811	1036
3812	1089
3813	1121
3814	1111
3815	1116
3816	1017
3817	1041
3818	1101
3819	1049
3820	1062
3821	1086
3822	1090
3823	1017
3824	1081
3825	1082
3826	1111
3827	1088
3828	1088
3829	1045
3830	990
3831	988
3832	1076
3833	1047
3834	966
3835	1104
3836	1014
3837	970
3838	920
3839	953
3840	1040
3841	1018
3842	1043
3843	1010
3844	1061
3845	1011
3846	1142
3847	1057
3848	1049
3849	951
3850	1061
3851	1044
3852	1042
3853	1075
3854	1034
3855	1036
3856	967
3857	1062
3858	1002
3859	1049
3860	1092
3861	1047
3862	1019
3863	1057
3864	983
3865	929
3866	990
3867	1057
3868	1057
3869	995
3870	1030
3871	956
3872	1049
3873	1038
3874	1042
3875	1171
3876	1095
3877	1031
3878	995
3879	1017
3880	1254
3881	1095
3882	1053
3883	1135
3884	1017
3885	1012
3886	994
3887	1071
3888	1027
3889	1061
3890	935
3891	1033
3892	1030
3893	934
3894	1060
3895	1107
3896	1079
3897	967
3898	1099
3899	1117
3900	1052
3901	1095
3902	1073
3903	1044
3904	1098
3905	1131
3906	1010
3907	979
3908	1072
3909	1084
3910	1074
3911	1155
3912	1160
3913	1098
3914	1096
3915	1034
3916	1094
3917	1138
3918	1164
3919	1068
3920	1257
3921	1118
3922	1227
3923	1138
3924	1136
3925	1059
3926	1185
3927	1047
3928	1155
3929	1194
3930	1091
3931	1288
3932	1246
3933	1164
3934	1080
3935	1197
3936	1170
3937	1228
3938	1176
3939	1135
3940	1132
3941	1118
3942	1132
3943	1077
3944	1137
3945	1136
3946	1123
3947	1118
3948	1066
3949	1147
3950	1264
3951	1079
3952	1076
3953	1067
3954	1144
3955	1098
3956	1162
3957	1129
3958	1197
3959	1152
3960	1076
3961	1237
3962	1120
3963	1255
3964	1235
3965	1247
3966	1028
3967	1160
3968	1115
3969	1130
3970	1064
3971	1166
3972	1002
3973	1088
3974	1097
3975	1161
3976	1143
3977	1080
3978	1104
3979	1077
3980	1144
3981	1119
3982	1197
3983	1061
3984	1145
3985	1192
3986	1034
3987	1128
3988	1091
3989	1082
3990	1147
3991	1065
3992	1041
3993	1141
3994	1043
3995	1121
3996	1101
3997	959
3998	1161
3999	1042
4000	934
4001	1095
4002	1056
4003	1121
4004	933
4005	1029
4006	1067
4007	1068
4008	1037
4009	1119
4010	1065
4011	1151
4012	1005
4013	1107
4014	1101
4015	1101
4016	1142
4017	1096
4018	1081
4019	1080
4020	1234
4021	1090
4022	1092
4023	1125
4024	1227
4025	1174
4026	1138
4027	1126
4028	1088
4029	1117
4030	1090
4031	1103
4032	1207
4033	1152
4034	1119
4035	1176
4036	1100
4037	1182
4038	1134
4039	1097
4040	1115
4041	1054
4042	1086
4043	1027
4044	977
4045	1053
4046	1062
4047	997
4048	1095
4049	1016
4050	1045
4051	1038
4052	1071
4053	989
4054	1068
4055	1057
4056	1043
4057	1128
4058	1151
4059	1014
4060	1093
4061	1023
4062	1055
4063	1106
4064	950
4065	1048
4066	1104
4067	1111
4068	1083
4069	964
4070	1103
4071	992
4072	1098
4073	953
4074	1025
4075	1098
4076	1047
4077	1014
4078	1024
4079	1022
4080	1047
4081	963
4082	1017
4083	952
4084	1031
4085	1040
4086	1072
4087	1012
4088	945
4089	1061
4090	972
4091	976
4092	991
4093	1057
4094	979
4095	982
4096	1074
4097	1025
4098	1050
4099	1098
4100	1034
4101	972
4102	914
4103	969
4104	1125
4105	1048
4106	993
4107	1038
4108	984
4109	984
4110	1022
4111	1020
4112	996
4113	910
4114	1003
4115	967
4116	1073
4117	1065
4118	1045
4119	1063
4120	1010
4121	1087
4122	973
4123	1103
4124	1100
4125	1125
4126	1074
4127	1132
4128	933
4129	1055
4130	1085
4131	1015
4132	1047
4133	1031
4134	1018
4135	1015
4136	1017
4137	1002
4138	945
4139	1013
4140	982
4141	994
4142	921
4143	956
4144	991
4145	925
4146	1010
4147	1025
4148	974
4149	873
4150	1031
4151	1002
4152	902
4153	903
4154	878
4155	1035
4156	978
4157	1032
4158	1001
4159	934
4160	931
4161	1032
4162	892
4163	892
4164	959
4165	892
4166	902
4167	896
4168	1035
4169	983
4170	941
4171	895
4172	961
4173	976
4174	1003
4175	982
4176	958
4177	882
4178	896
4179	987
4180	918
4181	1032
4182	963
4183	881
4184	904
4185	1015
4186	969
4187	1017
4188	941
4189	951
4190	981
4191	958
4192	1049
4193	1000
4194	959
4195	920
4196	913
4197	965
4198	1015
4199	1030
4200	900
4201	975
4202	887
4203	1008
4204	969
4205	925
4206	925
4207	889
4208	934
4209	983
4210	930
4211	941
4212	850
4213	1023
4214	994
4215	1009
4216	962
4217	843
4218	978
4219	983
4220	996
4221	847
4222	972
4223	893
4224	982
4225	896
4226	978
4227	962
4228	1003
4229	1003
4230	1000
4231	907
4232	910
4233	944
4234	920
4235	909
4236	1037
4237	891
4238	970
4239	978
4240	993
4241	950
4242	954
4243	958
4244	948
4245	957
4246	957
4247	812
4248	974
4249	869
4250	947
4251	910
4252	943
4253	913
4254	936
4255	971
4256	1002
4257	933
4258	886
4259	865
4260	961
4261	917
4262	1017
4263	1042
4264	930
4265	981
4266	956
4267	1016
4268	1006
4269	963
4270	992
4271	969
4272	978
4273	997
4274	963
4275	875
4276	980
4277	1006
4278	924
4279	988
4280	1070
4281	997
4282	1027
4283	965
4284	891
4285	998
4286	1007
4287	911
4288	919
4289	923
4290	966
4291	1015
4292	996
4293	999
4294	1010
4295	1030
4296	990
4297	904
4298	912
4299	1010
4300	942
4301	1051
4302	954
4303	925
4304	922
4305	963
4306	942
4307	901
4308	983
4309	1032
4310	987
4311	903
4312	1023
4313	942
4314	1010
4315	887
4316	905
4317	952
4318	978
4319	902
4320	872
4321	910
4322	863
4323	949
4324	1002
4325	1025
4326	933
4327	909
4328	946
4329	896
4330	956
4331	956
4332	889
4333	944
4334	874
4335	915
4336	957
4337	949
4338	932
4339	909
4340	892
4341	892
4342	898
4343	869
4344	883
4345	875
4346	848
4347	862
4348	926
4349	894
4350	927
4351	882
4352	878
4353	876
4354	837
4355	872
4356	886
4357	933
4358	897
4359	897
4360	922
4361	853
4362	798
4363	928
4364	862
4365	875
4366	895
4367	815
4368	921
4369	791
4370	907
4371	758
4372	871
4373	850
4374	830
4375	922
4376	835
4377	877
4378	812
4379	817
4380	885
4381	849
4382	844
4383	872
4384	803
4385	798
4386	893
4387	841
4388	813
4389	854
4390	865
4391	937
4392	896
4393	801
4394	861
4395	846
4396	828
4397	829
4398	833
4399	814
4400	884
4401	781
4402	832
4403	873
4404	813
4405	898
4406	834
4407	828
4408	843
4409	881
4410	762
4411	835
4412	837
4413	854
4414	794
4415	820
4416	867
4417	888
4418	856
4419	824
4420	799
4421	812
4422	872
4423	876
4424	775
4425	849
4426	839
4427	881
4428	834
4429	821
4430	865
4431	838
4432	796
4433	804
4434	842
4435	891
4436	877
4437	759
4438	808
4439	821
4440	742
4441	816
4442	794
4443	811
4444	826
4445	751
4446	752
4447	833
4448	840
4449	864
4450	831
4451	863
4452	760
4453	853
4454	775
4455	842
4456	880
4457	781
4458	814
4459	755
4460	742
4461	755
4462	817
4463	796
4464	774
4465	746
4466	755
4467	864
4468	765
4469	866
4470	841
4471	747
4472	799
4473	815
4474	821
4475	821
4476	910
4477	828
4478	796
4479	799
4480	830
4481	765
4482	814
4483	838
4484	712
4485	787
4486	748
4487	868
4488	875
4489	772
4490	885
4491	831
4492	758
4493	796
4494	782
4495	796
4496	808
4497	808
4498	759
4499	821
4500	784
4501	765
4502	834
4503	845
4504	870
4505	834
4506	864
4507	897
4508	878
4509	849
4510	867
4511	854
4512	794
4513	793
4514	805
4515	877
4516	844
4517	806
4518	784
4519	762
4520	827
4521	781
4522	795
4523	761
4524	769
4525	814
4526	819
4527	795
4528	797
4529	750
4530	802
4531	738
4532	804
4533	731
4534	745
4535	703
4536	800
4537	833
4538	849
4539	779
4540	718
4541	754
4542	766
4543	726
4544	731
4545	745
4546	812
4547	817
4548	789
4549	765
4550	794
4551	770
4552	739
4553	715
4554	773
4555	755
4556	677
4557	762
4558	764
4559	709
4560	765
4561	765
4562	766
4563	753
4564	750
4565	750
4566	779
4567	710
4568	809
4569	842
4570	737
4571	736
4572	799
4573	727
4574	769
4575	732
4576	733
4577	781
4578	696
4579	809
4580	789
4581	720
4582	798
4583	753
4584	755
4585	765
4586	831
4587	759
4588	708
4589	794
4590	729
4591	798
4592	719
4593	808
4594	782
4595	784
4596	747
4597	737
4598	750
4599	808
4600	823
4601	787
4602	733
4603	808
4604	753
4605	782
4606	751
4607	767
4608	742
4609	751
4610	755
4611	739
4612	754
4613	785
4614	798
4615	811
4616	774
4617	809
4618	939
4619	838
4620	848
4621	912
4622	796
4623	855
4624	832
4625	819
4626	823
4627	867
4628	840
4629	869
4630	850
4631	875
4632	851
4633	842
4634	828
4635	846
4636	877
4637	816
4638	857
4639	832
4640	836
4641	808
4642	800
4643	779
4644	804
4645	817
4646	825
4647	850
4648	820
4649	856
4650	802
4651	800
4652	956
4653	843
4654	837
4655	860
4656	775
4657	811
4658	835
4659	857
4660	773
4661	870
4662	833
4663	876
4664	846
4665	799
4666	840
4667	796
4668	826
4669	789
4670	829
4671	799
4672	814
4673	788
4674	820
4675	876
4676	770
4677	833
4678	844
4679	805
4680	786
4681	834
4682	786
4683	867
4684	810
4685	801
4686	853
4687	828
4688	866
4689	794
4690	831
4691	812
4692	817
4693	720
4694	787
4695	815
4696	773
4697	769
4698	821
4699	814
4700	817
4701	911
4702	782
4703	780
4704	789
4705	823
4706	725
4707	777
4708	811
4709	818
4710	751
4711	806
4712	833
4713	801
4714	812
4715	752
4716	827
4717	757
4718	725
4719	780
4720	768
4721	763
4722	783
4723	767
4724	741
4725	812
4726	727
4727	839
4728	836
4729	749
4730	754
4731	748
4732	770
4733	715
4734	825
4735	876
4736	802
4737	753
4738	784
4739	812
4740	779
4741	860
4742	827
4743	798
4744	755
4745	846
4746	824
4747	801
4748	734
4749	747
4750	813
4751	769
4752	825
4753	818
4754	827
4755	847
4756	838
4757	857
4758	776
4759	942
4760	815
4761	802
4762	756
4763	835
4764	776
4765	861
4766	863
4767	887
4768	847
4769	898
4770	828
4771	766
4772	852
4773	761
4774	874
4775	753
4776	733
4777	870
4778	856
4779	800
4780	778
4781	818
4782	839
4783	830
4784	789
4785	863
4786	811
4787	770
4788	874
4789	783
4790	808
4791	774
4792	728
4793	779
4794	843
4795	842
4796	869
4797	785
4798	817
4799	796
4800	941
4801	878
4802	838
4803	794
4804	844
4805	821
4806	818
4807	794
4808	821
4809	828
4810	852
4811	837
4812	867
4813	834
4814	742
4815	842
4816	872
4817	902
4818	824
4819	881
4820	810
4821	807
4822	812
4823	905
4824	876
4825	877
4826	835
4827	843
4828	952
4829	853
4830	781
4831	813
4832	847
4833	901
4834	847
4835	790
4836	842
4837	844
4838	783
4839	828
4840	778
4841	889
4842	888
4843	828
4844	837
4845	914
4846	888
4847	818
4848	842
4849	801
4850	882
4851	848
4852	908
4853	985
4854	991
4855	781
4856	714
4857	793
4858	885
4859	857
4860	787
4861	739
4862	808
4863	871
4864	814
4865	759
4866	724
4867	834
4868	744
4869	852
4870	903
4871	788
4872	814
4873	791
4874	778
4875	815
4876	785
4877	780
4878	729
4879	723
4880	769
4881	787
4882	832
4883	785
4884	824
4885	744
4886	708
4887	759
4888	808
4889	778
4890	750
4891	757
4892	748
4893	743
4894	693
4895	718
4896	785
4897	730
4898	761
4899	701
4900	721
4901	699
4902	685
4903	780
4904	749
4905	661
4906	684
4907	731
4908	748
4909	711
4910	742
4911	716
4912	786
4913	640
4914	724
4915	846
4916	798
4917	697
4918	691
4919	716
4920	661
4921	779
4922	757
4923	737
4924	740
4925	662
4926	647
4927	707
4928	662
4929	800
4930	694
4931	744
4932	755
4933	752
4934	716
4935	709
4936	788
4937	704
4938	737
4939	682
4940	759
4941	747
4942	729
4943	785
4944	780
4945	697
4946	689
4947	722
4948	714
4949	720
4950	787
4951	737
4952	762
4953	748
4954	723
4955	802
4956	712
4957	714
4958	780
4959	749
4960	740
4961	723
4962	758
4963	779
4964	764
4965	684
4966	736
4967	725
4968	729
4969	783
4970	702
4971	743
4972	776
4973	746
4974	839
4975	728
4976	693
4977	773
4978	715
4979	740
4980	740
4981	730
4982	749
4983	748
4984	715
4985	742
4986	786
4987	716
4988	752
4989	729
4990	737
4991	708
4992	772
4993	741
4994	707
4995	665
4996	680
4997	703
4998	751
4999	632
5000	729
5001	714
5002	764
5003	693
5004	685
5005	656
5006	746
5007	651
5008	681
5009	665
5010	749
5011	705
5012	686
5013	790
5014	706
5015	751
5016	665
5017	682
5018	705
5019	715
5020	765
5021	687
5022	653
5023	771
5024	690
5025	639
5026	749
5027	735
5028	737
5029	732
5030	721
5031	704
5032	750
5033	766
5034	720
5035	654
5036	700
5037	759
5038	749
5039	703
5040	657
5041	710
5042	695
5043	616
5044	727
5045	695
5046	717
5047	680
5048	672
5049	659
5050	612
5051	753
5052	636
5053	635
5054	661
5055	657
5056	685
5057	647
5058	621
5059	749
5060	669
5061	685
5062	694
5063	650
5064	700
5065	716
5066	675
5067	687
5068	664
5069	641
5070	592
5071	638
5072	775
5073	708
5074	672
5075	650
5076	624
5077	690
5078	617
5079	663
5080	648
5081	624
5082	705
5083	696
5084	698
5085	639
5086	758
5087	689
5088	592
5089	644
5090	666
5091	636
5092	701
5093	664
5094	696
5095	627
5096	707
5097	732
5098	709
5099	625
5100	738
5101	649
5102	689
5103	695
5104	636
5105	655
5106	722
5107	759
5108	638
5109	652
5110	732
5111	705
5112	691
5113	644
5114	673
5115	659
5116	709
5117	722
5118	693
5119	686
5120	709
5121	769
5122	642
5123	683
5124	656
5125	664
5126	744
5127	700
5128	637
5129	647
5130	606
5131	705
5132	649
5133	638
5134	676
5135	676
5136	594
5137	653
5138	609
5139	660
5140	673
5141	712
5142	710
5143	612
5144	751
5145	702
5146	619
5147	721
5148	646
5149	692
5150	629
5151	689
5152	730
5153	596
5154	648
5155	598
5156	619
5157	663
5158	694
5159	688
5160	663
5161	659
5162	619
5163	680
5164	694
5165	684
5166	663
5167	673
5168	676
5169	647
5170	625
5171	625
5172	596
5173	674
5174	694
5175	713
5176	670
5177	672
5178	597
5179	677
5180	680
5181	576
5182	618
5183	642
5184	696
5185	599
5186	658
5187	629
5188	737
5189	647
5190	650
5191	669
5192	630
5193	634
5194	714
5195	684
5196	612
5197	705
5198	638
5199	699
5200	689
5201	652
5202	633
5203	617
5204	736
5205	594
5206	644
5207	599
5208	632
5209	616
5210	653
5211	667
5212	680
5213	569
5214	630
5215	622
5216	643
5217	599
5218	657
5219	607
5220	652
5221	673
5222	616
5223	554
5224	617
5225	647
5226	644
5227	668
5228	633
5229	658
5230	623
5231	632
5232	671
5233	681
5234	642
5235	719
5236	676
5237	650
5238	600
5239	618
5240	626
5241	691
5242	686
5243	701
5244	660
5245	675
5246	706
5247	608
5248	618
5249	621
5250	599
5251	603
5252	618
5253	644
5254	627
5255	648
5256	555
5257	632
5258	595
5259	619
5260	706
5261	620
5262	670
5263	596
5264	662
5265	660
5266	653
5267	625
5268	575
5269	596
5270	614
5271	629
5272	614
5273	716
5274	568
5275	628
5276	713
5277	579
5278	645
5279	615
5280	622
5281	592
5282	590
5283	604
5284	634
5285	582
5286	622
5287	637
5288	583
5289	635
5290	623
5291	623
5292	627
5293	553
5294	609
5295	589
5296	658
5297	574
5298	696
5299	641
5300	625
5301	614
5302	656
5303	640
5304	619
5305	667
5306	639
5307	607
5308	611
5309	645
5310	671
5311	587
5312	588
5313	629
5314	589
5315	608
5316	600
5317	702
5318	604
5319	632
5320	617
5321	581
5322	669
5323	607
5324	553
5325	602
5326	612
5327	622
5328	588
5329	586
5330	616
5331	581
5332	598
5333	639
5334	571
5335	607
5336	498
5337	615
5338	519
5339	574
5340	540
5341	679
5342	652
5343	601
5344	591
5345	573
5346	687
5347	588
5348	551
5349	593
5350	566
5351	580
5352	668
5353	602
5354	595
5355	585
5356	653
5357	587
5358	657
5359	694
5360	651
5361	572
5362	610
5363	703
5364	628
5365	632
5366	627
5367	677
5368	673
5369	608
5370	641
5371	603
5372	652
5373	581
5374	635
5375	646
5376	681
5377	685
5378	603
5379	642
5380	632
5381	587
5382	647
5383	641
5384	630
5385	665
5386	671
5387	714
5388	693
5389	610
5390	676
5391	683
5392	595
5393	676
5394	616
5395	639
5396	662
5397	657
5398	604
5399	624
5400	632
5401	699
5402	724
5403	646
5404	690
5405	672
5406	681
5407	739
5408	653
5409	712
5410	661
5411	658
5412	708
5413	678
5414	682
5415	741
5416	707
5417	678
5418	694
5419	743
5420	687
5421	698
5422	778
5423	721
5424	755
5425	657
5426	679
5427	633
5428	664
5429	728
5430	721
5431	757
5432	738
5433	673
5434	671
5435	764
5436	756
5437	683
5438	677
5439	708
5440	646
5441	792
5442	754
5443	719
5444	688
5445	689
5446	738
5447	749
5448	711
5449	748
5450	740
5451	754
5452	681
5453	632
5454	737
5455	715
5456	706
5457	669
5458	715
5459	650
5460	633
5461	643
5462	669
5463	670
5464	649
5465	666
5466	694
5467	700
5468	698
5469	764
5470	748
5471	677
5472	733
5473	660
5474	754
5475	693
5476	784
5477	728
5478	769
5479	774
5480	731
5481	749
5482	752
5483	677
5484	764
5485	733
5486	715
5487	811
5488	788
5489	749
5490	812
5491	781
5492	749
5493	762
5494	704
5495	743
5496	710
5497	700
5498	692
5499	780
5500	744
5501	718
5502	800
5503	778
5504	715
5505	718
5506	855
5507	786

