## htsjdk.samtools.metrics.StringHeader
# CollectInsertSizeMetrics HISTOGRAM_FILE=/work/ugbogu/pipeline/data/nbl/GSE189367/results/picard/SRR17011028_insert_size_histogram.pdf MINIMUM_PCT=0.5 INPUT=/work/ugbogu/pipeline/data/nbl/GSE189367/results/star/SRR17011028.Aligned.sortedByCoord.out.bam OUTPUT=/work/ugbogu/pipeline/data/nbl/GSE189367/results/picard/SRR17011028_insert_size_metrics.txt    DEVIATIONS=10.0 METRIC_ACCUMULATION_LEVEL=[ALL_READS] INCLUDE_DUPLICATES=false ASSUME_SORTED=true STOP_AFTER=0 VERBOSITY=INFO QUIET=false VALIDATION_STRINGENCY=STRICT COMPRESSION_LEVEL=5 MAX_RECORDS_IN_RAM=500000 CREATE_INDEX=false CREATE_MD5_FILE=false USE_JDK_DEFLATER=false USE_JDK_INFLATER=false
## htsjdk.samtools.metrics.StringHeader
# Started on: Wed Apr 15 05:23:11 UTC 2026

## METRICS CLASS	picard.analysis.InsertSizeMetrics
MEDIAN_INSERT_SIZE	MODE_INSERT_SIZE	MEDIAN_ABSOLUTE_DEVIATION	MIN_INSERT_SIZE	MAX_INSERT_SIZE	MEAN_INSERT_SIZE	STANDARD_DEVIATION	READ_PAIRS	PAIR_ORIENTATION	WIDTH_OF_10_PERCENT	WIDTH_OF_20_PERCENT	WIDTH_OF_30_PERCENT	WIDTH_OF_40_PERCENT	WIDTH_OF_50_PERCENT	WIDTH_OF_60_PERCENT	WIDTH_OF_70_PERCENT	WIDTH_OF_80_PERCENT	WIDTH_OF_90_PERCENT	WIDTH_OF_95_PERCENT	WIDTH_OF_99_PERCENT	SAMPLE	LIBRARY	READ_GROUP
813	151	671	24	3186272	1353.485725	1711.055967	66836549	FR	577	991	1165	1267	1343	1497	3807	8365	23433	80293	153991			

## HISTOGRAM	java.lang.Integer
insert_size	All_Reads.fr_count
24	1
25	4
27	1
28	5
29	6
30	3
31	14
32	13
33	14
34	36
35	562
36	544
37	661
38	654
39	672
40	744
41	797
42	656
43	722
44	700
45	810
46	871
47	789
48	939
49	810
50	936
51	860
52	1083
53	976
54	1030
55	1149
56	1176
57	1403
58	1559
59	1446
60	1666
61	1835
62	1925
63	2149
64	2113
65	2536
66	2720
67	3190
68	3333
69	3399
70	3641
71	4818
72	4263
73	5756
74	5699
75	12810
76	6298
77	6130
78	7474
79	7687
80	8021
81	9106
82	9840
83	10867
84	12073
85	13267
86	14691
87	15890
88	17655
89	18954
90	20936
91	23645
92	25573
93	27608
94	30531
95	33666
96	36672
97	42255
98	46611
99	47475
100	49407
101	52687
102	56506
103	61455
104	67320
105	72600
106	75176
107	81590
108	84263
109	88411
110	91608
111	94374
112	100453
113	104569
114	109777
115	116644
116	122875
117	126927
118	143338
119	131782
120	145244
121	154774
122	144712
123	154335
124	148805
125	147662
126	148528
127	154994
128	155930
129	162413
130	164014
131	167108
132	166121
133	171658
134	172264
135	169451
136	173104
137	173022
138	173713
139	175715
140	177849
141	177665
142	176250
143	176783
144	177604
145	178321
146	174284
147	175922
148	178430
149	178299
150	177896
151	180876
152	177995
153	178937
154	176500
155	175319
156	173915
157	174573
158	173555
159	173263
160	171571
161	171146
162	170120
163	170905
164	168598
165	166017
166	166971
167	168001
168	165916
169	164831
170	164203
171	161300
172	161908
173	161787
174	159597
175	159672
176	156563
177	153824
178	154314
179	153011
180	151911
181	150222
182	149931
183	147901
184	145970
185	145513
186	143849
187	143938
188	142088
189	139496
190	139600
191	139101
192	137717
193	135603
194	135076
195	132158
196	131823
197	131010
198	129042
199	128275
200	128564
201	126576
202	127834
203	126206
204	124298
205	123472
206	121163
207	120677
208	120550
209	118049
210	115823
211	116147
212	116960
213	114514
214	112992
215	111836
216	112031
217	110351
218	109522
219	108690
220	109518
221	108575
222	106733
223	106071
224	105281
225	104056
226	105100
227	103381
228	101173
229	100869
230	100773
231	98755
232	99584
233	97118
234	95964
235	96785
236	95203
237	93244
238	91688
239	90858
240	90128
241	90683
242	90058
243	88881
244	88067
245	87067
246	86128
247	85147
248	85079
249	83214
250	83694
251	84482
252	81519
253	80911
254	80077
255	79904
256	78839
257	78286
258	78234
259	77191
260	76868
261	75391
262	74917
263	75182
264	73624
265	73064
266	71550
267	71777
268	71123
269	70355
270	70242
271	69523
272	68103
273	67872
274	67085
275	66802
276	65724
277	64999
278	64267
279	64677
280	63111
281	62774
282	63270
283	62437
284	61689
285	60925
286	60977
287	60034
288	59340
289	59006
290	57391
291	57545
292	57866
293	56684
294	57093
295	55623
296	55220
297	54287
298	53960
299	54066
300	52646
301	53428
302	53132
303	51049
304	51458
305	50393
306	49805
307	50096
308	49803
309	48029
310	48573
311	47729
312	47311
313	47157
314	47640
315	46544
316	46153
317	46236
318	44520
319	43723
320	43785
321	44192
322	44492
323	43754
324	42900
325	42788
326	42235
327	41041
328	41945
329	40350
330	40235
331	40510
332	40436
333	39144
334	38737
335	38927
336	38814
337	38339
338	37781
339	37266
340	36641
341	37412
342	36200
343	35842
344	36171
345	35965
346	35838
347	35897
348	34774
349	34012
350	33956
351	34108
352	33777
353	33467
354	32690
355	32658
356	33286
357	33517
358	32065
359	31825
360	32127
361	31498
362	31998
363	30907
364	30660
365	30498
366	30793
367	30792
368	30256
369	29335
370	28981
371	28728
372	28496
373	28437
374	28231
375	28866
376	28235
377	27418
378	27744
379	27307
380	27608
381	27416
382	26312
383	26174
384	26745
385	26316
386	26762
387	26145
388	25866
389	25626
390	25655
391	25838
392	25117
393	25503
394	24750
395	24142
396	24130
397	24058
398	23869
399	23581
400	24520
401	24291
402	23337
403	23416
404	22681
405	23100
406	22673
407	22842
408	22915
409	21687
410	21985
411	21884
412	21680
413	21656
414	21715
415	20930
416	20707
417	21466
418	21075
419	20813
420	20334
421	20218
422	19880
423	20248
424	20102
425	19827
426	19820
427	19732
428	19485
429	19220
430	19570
431	19335
432	19328
433	19400
434	19372
435	19008
436	18955
437	19443
438	18983
439	19203
440	19466
441	19270
442	18764
443	18651
444	18376
445	17717
446	18787
447	18840
448	18532
449	18242
450	18168
451	18218
452	18450
453	18432
454	19490
455	18001
456	17633
457	17309
458	17326
459	17247
460	17417
461	16896
462	16721
463	16841
464	16880
465	16780
466	16643
467	16960
468	16302
469	16540
470	16222
471	16445
472	16313
473	16080
474	16147
475	16228
476	15975
477	16565
478	15543
479	15670
480	16012
481	15715
482	15759
483	15581
484	15486
485	16224
486	15582
487	15569
488	15708
489	15634
490	14973
491	15584
492	15992
493	15464
494	15404
495	15208
496	14976
497	14863
498	15138
499	16030
500	15587
501	15185
502	15212
503	15271
504	14721
505	14979
506	15049
507	15027
508	15164
509	15479
510	15118
511	14971
512	14839
513	14749
514	14660
515	14613
516	14644
517	14562
518	14758
519	14862
520	14605
521	14613
522	14579
523	14626
524	14962
525	14531
526	14795
527	14526
528	14434
529	14248
530	14680
531	14920
532	14521
533	15148
534	15390
535	15912
536	15619
537	14933
538	14769
539	15002
540	15403
541	14890
542	14692
543	14575
544	14242
545	14398
546	14387
547	14365
548	14595
549	14270
550	14031
551	14214
552	14277
553	14318
554	13950
555	14175
556	13805
557	13964
558	14206
559	13877
560	14067
561	13565
562	13610
563	13900
564	13653
565	13646
566	13799
567	13651
568	13471
569	13264
570	13711
571	13722
572	13840
573	14012
574	13480
575	13633
576	13588
577	13594
578	13596
579	13527
580	13137
581	13410
582	13370
583	13543
584	13663
585	13627
586	13601
587	13679
588	13476
589	13834
590	13322
591	13405
592	13516
593	13682
594	13315
595	13613
596	13595
597	13591
598	13726
599	13698
600	14013
601	13299
602	13340
603	13350
604	13242
605	13263
606	13062
607	12962
608	13185
609	13011
610	13074
611	13065
612	13216
613	13159
614	13310
615	13002
616	12891
617	12804
618	12883
619	13022
620	12877
621	12975
622	13005
623	12994
624	13459
625	13306
626	13037
627	12757
628	12768
629	12848
630	13320
631	13167
632	13362
633	13691
634	13233
635	13462
636	13194
637	13015
638	12869
639	13172
640	12736
641	13038
642	12891
643	13090
644	13277
645	12950
646	13262
647	13503
648	13135
649	14266
650	12921
651	12613
652	13218
653	12932
654	13474
655	12686
656	13047
657	13000
658	13370
659	13357
660	13254
661	13164
662	13247
663	13226
664	13613
665	13143
666	13398
667	13430
668	13611
669	13559
670	13486
671	13192
672	13132
673	13070
674	12765
675	13125
676	13287
677	13424
678	13265
679	13671
680	13049
681	13032
682	12944
683	13037
684	13295
685	13211
686	12761
687	12766
688	12827
689	13030
690	13479
691	13095
692	13046
693	12949
694	12847
695	12411
696	13119
697	12510
698	12755
699	13020
700	13105
701	13279
702	13374
703	13260
704	12502
705	13312
706	12692
707	12597
708	13123
709	12662
710	12878
711	13261
712	13159
713	12685
714	12536
715	12828
716	12466
717	12535
718	12916
719	12647
720	12701
721	12569
722	12732
723	13072
724	12607
725	12458
726	13063
727	12491
728	12829
729	12736
730	12466
731	12649
732	12496
733	12732
734	12761
735	12659
736	12614
737	12310
738	12231
739	12407
740	12228
741	12187
742	12974
743	12336
744	12233
745	12677
746	12003
747	12038
748	11961
749	12528
750	12474
751	12295
752	12268
753	12448
754	12359
755	12108
756	12289
757	12211
758	12696
759	12508
760	12471
761	12527
762	12674
763	12533
764	12390
765	12162
766	12134
767	11907
768	12098
769	11828
770	12382
771	11777
772	12045
773	12708
774	11784
775	11669
776	11580
777	11651
778	11435
779	11676
780	11760
781	11726
782	11715
783	11684
784	11847
785	11755
786	12254
787	12038
788	11465
789	11290
790	11288
791	11415
792	11132
793	11100
794	11885
795	11364
796	11329
797	11024
798	11633
799	11063
800	10809
801	11388
802	11150
803	11516
804	11338
805	11095
806	11075
807	11444
808	11232
809	11019
810	11169
811	10853
812	10769
813	11142
814	11075
815	11188
816	10931
817	10709
818	10693
819	10526
820	10668
821	10809
822	10452
823	11038
824	10821
825	10913
826	10799
827	11003
828	11086
829	10770
830	11026
831	11113
832	10757
833	11042
834	11201
835	11306
836	11320
837	11758
838	11076
839	10723
840	10536
841	10730
842	10669
843	10855
844	10821
845	11118
846	10977
847	10494
848	10542
849	10220
850	10610
851	10828
852	10705
853	10741
854	10545
855	10749
856	10423
857	10553
858	10509
859	10443
860	10628
861	10567
862	10679
863	10741
864	11101
865	10406
866	10949
867	10612
868	10759
869	10361
870	10554
871	10851
872	10595
873	10930
874	10122
875	10454
876	10931
877	10603
878	10242
879	10500
880	10928
881	10680
882	10700
883	10304
884	10437
885	10469
886	10450
887	10704
888	10400
889	10539
890	10680
891	10295
892	10362
893	10344
894	10245
895	10576
896	10380
897	10491
898	10329
899	10397
900	10429
901	10228
902	10174
903	10458
904	10248
905	9934
906	10417
907	10532
908	10588
909	10625
910	10265
911	10425
912	10057
913	10858
914	10619
915	10318
916	10514
917	10606
918	10265
919	10529
920	10617
921	10666
922	10384
923	10624
924	10433
925	10552
926	10568
927	10356
928	10288
929	10737
930	10648
931	10333
932	10731
933	10365
934	10562
935	10559
936	10535
937	10656
938	10276
939	10462
940	10468
941	10654
942	10488
943	10245
944	10451
945	10372
946	10314
947	10389
948	10346
949	10003
950	10349
951	10299
952	10138
953	10074
954	10348
955	10161
956	10282
957	10114
958	10124
959	10045
960	10409
961	10540
962	10370
963	10338
964	10112
965	10370
966	10476
967	10112
968	9962
969	10461
970	10412
971	10172
972	10304
973	10414
974	10485
975	9983
976	10269
977	9821
978	9758
979	10338
980	10158
981	10086
982	10093
983	10091
984	9917
985	10091
986	10125
987	10265
988	10129
989	10136
990	10317
991	9799
992	10436
993	10025
994	9893
995	9888
996	9776
997	9666
998	10128
999	9698
1000	10152
1001	9949
1002	9917
1003	9945
1004	9859
1005	10221
1006	10103
1007	10290
1008	10018
1009	9766
1010	10029
1011	9880
1012	10225
1013	10130
1014	10670
1015	9901
1016	10014
1017	10021
1018	10256
1019	10097
1020	9830
1021	10047
1022	9854
1023	9749
1024	9982
1025	9997
1026	9623
1027	9486
1028	9176
1029	9641
1030	9267
1031	9579
1032	9373
1033	9477
1034	9730
1035	9418
1036	9620
1037	9417
1038	9486
1039	9560
1040	9412
1041	9391
1042	9353
1043	9346
1044	9460
1045	9723
1046	9637
1047	9619
1048	9719
1049	9656
1050	9906
1051	9627
1052	10093
1053	9496
1054	9586
1055	9622
1056	9482
1057	9911
1058	9628
1059	9690
1060	9416
1061	9536
1062	9683
1063	9585
1064	9271
1065	9315
1066	9474
1067	9746
1068	9501
1069	9531
1070	9804
1071	9773
1072	9311
1073	9495
1074	9303
1075	9352
1076	9329
1077	9935
1078	10539
1079	9607
1080	9293
1081	9471
1082	9508
1083	9935
1084	9538
1085	9334
1086	9883
1087	9289
1088	9011
1089	9156
1090	8763
1091	8999
1092	9303
1093	9687
1094	10476
1095	9274
1096	9006
1097	9108
1098	8994
1099	9075
1100	8929
1101	9056
1102	8910
1103	8728
1104	9047
1105	8808
1106	8628
1107	8838
1108	8719
1109	9186
1110	9054
1111	8720
1112	8872
1113	8975
1114	8803
1115	8772
1116	8776
1117	8998
1118	8928
1119	9020
1120	9481
1121	9429
1122	9144
1123	8896
1124	8973
1125	8716
1126	8686
1127	8805
1128	8853
1129	8675
1130	8792
1131	8791
1132	8681
1133	8642
1134	8934
1135	8742
1136	8829
1137	8268
1138	8530
1139	8684
1140	8699
1141	9347
1142	8879
1143	8652
1144	8331
1145	8502
1146	8454
1147	8572
1148	8994
1149	8858
1150	9053
1151	9245
1152	8696
1153	8615
1154	8726
1155	8747
1156	8928
1157	9299
1158	8767
1159	8678
1160	9075
1161	8746
1162	8980
1163	8729
1164	8624
1165	8448
1166	8682
1167	8308
1168	8530
1169	8442
1170	8468
1171	8584
1172	8514
1173	8706
1174	8466
1175	8600
1176	8353
1177	8498
1178	8867
1179	8638
1180	8887
1181	8544
1182	8327
1183	8569
1184	8700
1185	8502
1186	8463
1187	8293
1188	8378
1189	8208
1190	8544
1191	8464
1192	8631
1193	8682
1194	8499
1195	8508
1196	8477
1197	8444
1198	8420
1199	8286
1200	8377
1201	8567
1202	8672
1203	8704
1204	8513
1205	8484
1206	8503
1207	8415
1208	8408
1209	8065
1210	8749
1211	8292
1212	8377
1213	8405
1214	8508
1215	8526
1216	8144
1217	8761
1218	8403
1219	8864
1220	8640
1221	8685
1222	8551
1223	8660
1224	8634
1225	8845
1226	8459
1227	8800
1228	9238
1229	8976
1230	8971
1231	9077
1232	8924
1233	8940
1234	9023
1235	8928
1236	8864
1237	8858
1238	8792
1239	8687
1240	8767
1241	8833
1242	8619
1243	8838
1244	8378
1245	8860
1246	9125
1247	9192
1248	8635
1249	8917
1250	9251
1251	9027
1252	9129
1253	9333
1254	9422
1255	9466
1256	9016
1257	9575
1258	9217
1259	8778
1260	8857
1261	8890
1262	9274
1263	10301
1264	10037
1265	9190
1266	9012
1267	9339
1268	8597
1269	8975
1270	9258
1271	8818
1272	8922
1273	8725
1274	8510
1275	8522
1276	8536
1277	8810
1278	8276
1279	8765
1280	8668
1281	8516
1282	8375
1283	8525
1284	8387
1285	8612
1286	8359
1287	8434
1288	8517
1289	8537
1290	8469
1291	8446
1292	8465
1293	8316
1294	8466
1295	8190
1296	8238
1297	8431
1298	8711
1299	8834
1300	8327
1301	8642
1302	8227
1303	8513
1304	8477
1305	8938
1306	8972
1307	8785
1308	8877
1309	8602
1310	8753
1311	8588
1312	8256
1313	8647
1314	8347
1315	8721
1316	8842
1317	8753
1318	8961
1319	8560
1320	8554
1321	8306
1322	8348
1323	8311
1324	8751
1325	8646
1326	9154
1327	8189
1328	8075
1329	8197
1330	7960
1331	8318
1332	8190
1333	8092
1334	8016
1335	7726
1336	7862
1337	7848
1338	7964
1339	8026
1340	7889
1341	7931
1342	7744
1343	8014
1344	7945
1345	7933
1346	7901
1347	8142
1348	8068
1349	8046
1350	8045
1351	8471
1352	8018
1353	8257
1354	7941
1355	7982
1356	7772
1357	7966
1358	8093
1359	8077
1360	7865
1361	7688
1362	7563
1363	7727
1364	7745
1365	7593
1366	7792
1367	7627
1368	7750
1369	7627
1370	7642
1371	7692
1372	7721
1373	7622
1374	7663
1375	7748
1376	7561
1377	7789
1378	7518
1379	7405
1380	7415
1381	7974
1382	7810
1383	7520
1384	7461
1385	7478
1386	7508
1387	7549
1388	7545
1389	7564
1390	7638
1391	7573
1392	7494
1393	7686
1394	7517
1395	7958
1396	7437
1397	7572
1398	7646
1399	7799
1400	7352
1401	7496
1402	7535
1403	7514
1404	7396
1405	7150
1406	7321
1407	7436
1408	7336
1409	7478
1410	7412
1411	7424
1412	7500
1413	7251
1414	7313
1415	7245
1416	7219
1417	7194
1418	7220
1419	7373
1420	7321
1421	7127
1422	7180
1423	7487
1424	7250
1425	7454
1426	7372
1427	7181
1428	7198
1429	7166
1430	6980
1431	7368
1432	7155
1433	7215
1434	7242
1435	7161
1436	7377
1437	7396
1438	7225
1439	7365
1440	7211
1441	7581
1442	7522
1443	7347
1444	7386
1445	7332
1446	7212
1447	7399
1448	7201
1449	6974
1450	7234
1451	7578
1452	7350
1453	7605
1454	7405
1455	7511
1456	7651
1457	7937
1458	7802
1459	8082
1460	7672
1461	7770
1462	7695
1463	7760
1464	7371
1465	7296
1466	7478
1467	7459
1468	7518
1469	7692
1470	7434
1471	7452
1472	7897
1473	7649
1474	7355
1475	7525
1476	7362
1477	7369
1478	7607
1479	7364
1480	7804
1481	8286
1482	8033
1483	8220
1484	7750
1485	7501
1486	7448
1487	7554
1488	7554
1489	7802
1490	7645
1491	7897
1492	7880
1493	7994
1494	7535
1495	7605
1496	7557
1497	8091
1498	7748
1499	8623
1500	8080
1501	7973
1502	7874
1503	7808
1504	8030
1505	7822
1506	7754
1507	7766
1508	7784
1509	7775
1510	7963
1511	7591
1512	7752
1513	8017
1514	8043
1515	8112
1516	8013
1517	8183
1518	7762
1519	7840
1520	7985
1521	8004
1522	7955
1523	8224
1524	8265
1525	8399
1526	8612
1527	7950
1528	8115
1529	7624
1530	8200
1531	8158
1532	8201
1533	8300
1534	8649
1535	8607
1536	8263
1537	9404
1538	7995
1539	7895
1540	7935
1541	7795
1542	8180
1543	7348
1544	8178
1545	7982
1546	8383
1547	8666
1548	8309
1549	8401
1550	7977
1551	8106
1552	8427
1553	7952
1554	8688
1555	8266
1556	8303
1557	8126
1558	8675
1559	8337
1560	7942
1561	7816
1562	8167
1563	8388
1564	8277
1565	8517
1566	7850
1567	7835
1568	7864
1569	8170
1570	8217
1571	8244
1572	8215
1573	8337
1574	8164
1575	8041
1576	7924
1577	7536
1578	8047
1579	7980
1580	7893
1581	7876
1582	8105
1583	8094
1584	8057
1585	8405
1586	8011
1587	7719
1588	7737
1589	7895
1590	7797
1591	7898
1592	7932
1593	7976
1594	7705
1595	7652
1596	7601
1597	7673
1598	7680
1599	8311
1600	7970
1601	8659
1602	8010
1603	8046
1604	7598
1605	8038
1606	7641
1607	7880
1608	7648
1609	7648
1610	7634
1611	7453
1612	7692
1613	7838
1614	7753
1615	7418
1616	7584
1617	7681
1618	7711
1619	7572
1620	7385
1621	7330
1622	7513
1623	7721
1624	7556
1625	7512
1626	7402
1627	7758
1628	7646
1629	7565
1630	7622
1631	7442
1632	7550
1633	7297
1634	7972
1635	7806
1636	7524
1637	7347
1638	7220
1639	7663
1640	7265
1641	7285
1642	7372
1643	7428
1644	7563
1645	7594
1646	7661
1647	7153
1648	7213
1649	7143
1650	7031
1651	7417
1652	7211
1653	7041
1654	6904
1655	7204
1656	7264
1657	7298
1658	7429
1659	7187
1660	7152
1661	7454
1662	7356
1663	7399
1664	7519
1665	7029
1666	7242
1667	7370
1668	7449
1669	7585
1670	7633
1671	7585
1672	7011
1673	7123
1674	7114
1675	7178
1676	7297
1677	7161
1678	7508
1679	7569
1680	7684
1681	7101
1682	7153
1683	7201
1684	6930
1685	7463
1686	7369
1687	7439
1688	7407
1689	7044
1690	7336
1691	7505
1692	7266
1693	7290
1694	7214
1695	7134
1696	7446
1697	7280
1698	7508
1699	7635
1700	7298
1701	7295
1702	7662
1703	7799
1704	7598
1705	7298
1706	7388
1707	7346
1708	7329
1709	7315
1710	7587
1711	7285
1712	7231
1713	7314
1714	7251
1715	7234
1716	7348
1717	7440
1718	7374
1719	7192
1720	7535
1721	7737
1722	7510
1723	7773
1724	7317
1725	7597
1726	7518
1727	7657
1728	7720
1729	7828
1730	7570
1731	7731
1732	7436
1733	7482
1734	7591
1735	7331
1736	7447
1737	7475
1738	7045
1739	7160
1740	7534
1741	7717
1742	7591
1743	7226
1744	7654
1745	7389
1746	7480
1747	7506
1748	7175
1749	7773
1750	7550
1751	7428
1752	7568
1753	7678
1754	7704
1755	7271
1756	7253
1757	7216
1758	7627
1759	7851
1760	7337
1761	7137
1762	7498
1763	7365
1764	7443
1765	7273
1766	7640
1767	7263
1768	7436
1769	7597
1770	7453
1771	7208
1772	7265
1773	7170
1774	7044
1775	7200
1776	6787
1777	7494
1778	7157
1779	7023
1780	6967
1781	7053
1782	7085
1783	7005
1784	6857
1785	6821
1786	6685
1787	6985
1788	6740
1789	6959
1790	6971
1791	6679
1792	6892
1793	6736
1794	6648
1795	6768
1796	6878
1797	6946
1798	6580
1799	6891
1800	6850
1801	6911
1802	6679
1803	6684
1804	6726
1805	6525
1806	6612
1807	6576
1808	6328
1809	6202
1810	6504
1811	6301
1812	6439
1813	6715
1814	6594
1815	6364
1816	6486
1817	6603
1818	6155
1819	6501
1820	6260
1821	6329
1822	6329
1823	6772
1824	6353
1825	6538
1826	6385
1827	6246
1828	5961
1829	6105
1830	6264
1831	6243
1832	6015
1833	5973
1834	6150
1835	6165
1836	6338
1837	6061
1838	5974
1839	5889
1840	6077
1841	6224
1842	6411
1843	5870
1844	5875
1845	5964
1846	6075
1847	5966
1848	6104
1849	5959
1850	6024
1851	6023
1852	6216
1853	6213
1854	6339
1855	6073
1856	6045
1857	6021
1858	6038
1859	6236
1860	6238
1861	6220
1862	6342
1863	5980
1864	6018
1865	6159
1866	5765
1867	5834
1868	6025
1869	6000
1870	6101
1871	6056
1872	5945
1873	6115
1874	5994
1875	5941
1876	6194
1877	6007
1878	6016
1879	6098
1880	6062
1881	5968
1882	6181
1883	6227
1884	6108
1885	6103
1886	6219
1887	6232
1888	6233
1889	5919
1890	6210
1891	6106
1892	6021
1893	6190
1894	6375
1895	6125
1896	6069
1897	6385
1898	6247
1899	6345
1900	6569
1901	6183
1902	6136
1903	6182
1904	6242
1905	6078
1906	6244
1907	6280
1908	6033
1909	6002
1910	6052
1911	6060
1912	5997
1913	6129
1914	6319
1915	6066
1916	6382
1917	6053
1918	6096
1919	5935
1920	5954
1921	6288
1922	6147
1923	5990
1924	5894
1925	6081
1926	6189
1927	5936
1928	6020
1929	6280
1930	6179
1931	6155
1932	6118
1933	6323
1934	5796
1935	6001
1936	6065
1937	6046
1938	6402
1939	6079
1940	6114
1941	6034
1942	5921
1943	6167
1944	6021
1945	6031
1946	6263
1947	5908
1948	5956
1949	6001
1950	5968
1951	5933
1952	6056
1953	6384
1954	5875
1955	5930
1956	5969
1957	6143
1958	5840
1959	5874
1960	5994
1961	6434
1962	6461
1963	5912
1964	6310
1965	6030
1966	6172
1967	6124
1968	6055
1969	6243
1970	6143
1971	6193
1972	5938
1973	6105
1974	6185
1975	6043
1976	6368
1977	6052
1978	5897
1979	6125
1980	6240
1981	6340
1982	6476
1983	6356
1984	6398
1985	6330
1986	6281
1987	6320
1988	6504
1989	6421
1990	6618
1991	6565
1992	6665
1993	6463
1994	6876
1995	6341
1996	6319
1997	6556
1998	6680
1999	6725
2000	6888
2001	6773
2002	6953
2003	6839
2004	6737
2005	6654
2006	6559
2007	6531
2008	7015
2009	6572
2010	6697
2011	6269
2012	6625
2013	7015
2014	6710
2015	6799
2016	6384
2017	6526
2018	6908
2019	6596
2020	6790
2021	6504
2022	6727
2023	6752
2024	6453
2025	6673
2026	6430
2027	6739
2028	6932
2029	6702
2030	6759
2031	6452
2032	6597
2033	6190
2034	6720
2035	6367
2036	6779
2037	6588
2038	6613
2039	6432
2040	6549
2041	6761
2042	6814
2043	6786
2044	6475
2045	6231
2046	6774
2047	6548
2048	6686
2049	6610
2050	6617
2051	6778
2052	6654
2053	7007
2054	7003
2055	6772
2056	6382
2057	6672
2058	6678
2059	6663
2060	6615
2061	6528
2062	6563
2063	6722
2064	6865
2065	6730
2066	6645
2067	6736
2068	6448
2069	6524
2070	6300
2071	6757
2072	6265
2073	6325
2074	6624
2075	6178
2076	6293
2077	6118
2078	6379
2079	6229
2080	6135
2081	6684
2082	6430
2083	6384
2084	6138
2085	6202
2086	5878
2087	5902
2088	6065
2089	6265
2090	6397
2091	6257
2092	6055
2093	5846
2094	5604
2095	5892
2096	6160
2097	6274
2098	5826
2099	6151
2100	5764
2101	6048
2102	6053
2103	5664
2104	5713
2105	5796
2106	5963
2107	5902
2108	5963
2109	6065
2110	5646
2111	5544
2112	5672
2113	5817
2114	5868
2115	6084
2116	5731
2117	5728
2118	5629
2119	5911
2120	6133
2121	5784
2122	5996
2123	5690
2124	6073
2125	5813
2126	6125
2127	5884
2128	5784
2129	5677
2130	5931
2131	6050
2132	5706
2133	5968
2134	5704
2135	5871
2136	5505
2137	5854
2138	5607
2139	5814
2140	5547
2141	5713
2142	5909
2143	5630
2144	5565
2145	5464
2146	5588
2147	5573
2148	5664
2149	5290
2150	5557
2151	5400
2152	5570
2153	5668
2154	5497
2155	5495
2156	5527
2157	5459
2158	5483
2159	5703
2160	5453
2161	5711
2162	5374
2163	5480
2164	5342
2165	5742
2166	5600
2167	5681
2168	5532
2169	5640
2170	5865
2171	5453
2172	5497
2173	5463
2174	5685
2175	5707
2176	5525
2177	5714
2178	5447
2179	5495
2180	5688
2181	5612
2182	5374
2183	5296
2184	5559
2185	5682
2186	5385
2187	5212
2188	5302
2189	5707
2190	5500
2191	5422
2192	5493
2193	5442
2194	5394
2195	5592
2196	5532
2197	5662
2198	5629
2199	5442
2200	5468
2201	5395
2202	5472
2203	5408
2204	5576
2205	5348
2206	5206
2207	5213
2208	5467
2209	5208
2210	5474
2211	5424
2212	5230
2213	5326
2214	5628
2215	5682
2216	5475
2217	5545
2218	5587
2219	5570
2220	5426
2221	5366
2222	5220
2223	5193
2224	5257
2225	5049
2226	5295
2227	5242
2228	5132
2229	5531
2230	5133
2231	5328
2232	5215
2233	5498
2234	5533
2235	5370
2236	5325
2237	5313
2238	5482
2239	5315
2240	5327
2241	5274
2242	5628
2243	5618
2244	5539
2245	5388
2246	5460
2247	5623
2248	5499
2249	5450
2250	5321
2251	5448
2252	5349
2253	5509
2254	5857
2255	5482
2256	5334
2257	5577
2258	5486
2259	5703
2260	5652
2261	5445
2262	5353
2263	5504
2264	5539
2265	5285
2266	5477
2267	5404
2268	5373
2269	5593
2270	5153
2271	5156
2272	5633
2273	5329
2274	5476
2275	5574
2276	5280
2277	5249
2278	5323
2279	5376
2280	5383
2281	5265
2282	5483
2283	5660
2284	5491
2285	5442
2286	5285
2287	5410
2288	5422
2289	5474
2290	5267
2291	5417
2292	5267
2293	5380
2294	5280
2295	5279
2296	5184
2297	5372
2298	5021
2299	5196
2300	5198
2301	5639
2302	5153
2303	5247
2304	5205
2305	5049
2306	5219
2307	5302
2308	5063
2309	5132
2310	5196
2311	5085
2312	5270
2313	5159
2314	5168
2315	5082
2316	5267
2317	5100
2318	5064
2319	5172
2320	5262
2321	5131
2322	5073
2323	4963
2324	5026
2325	5080
2326	5111
2327	4833
2328	4927
2329	4755
2330	4723
2331	4782
2332	4787
2333	4879
2334	4794
2335	4949
2336	4746
2337	5149
2338	4999
2339	4916
2340	4936
2341	4898
2342	4861
2343	4804
2344	4943
2345	4802
2346	4660
2347	4778
2348	4858
2349	4699
2350	4789
2351	4557
2352	4666
2353	4895
2354	4571
2355	4779
2356	4649
2357	4763
2358	4743
2359	4906
2360	4639
2361	4719
2362	4883
2363	4869
2364	4731
2365	4788
2366	4535
2367	4576
2368	4505
2369	4759
2370	4693
2371	4900
2372	4509
2373	4523
2374	4653
2375	4614
2376	4615
2377	4607
2378	4742
2379	4704
2380	4629
2381	4636
2382	4633
2383	4575
2384	4568
2385	4572
2386	4416
2387	4524
2388	4548
2389	4533
2390	4511
2391	4591
2392	4577
2393	4467
2394	4417
2395	4447
2396	4422
2397	4480
2398	5028
2399	4561
2400	4479
2401	4495
2402	4344
2403	4354
2404	4553
2405	4652
2406	4538
2407	4408
2408	4496
2409	4496
2410	4332
2411	4379
2412	4433
2413	4336
2414	4375
2415	4506
2416	4520
2417	4147
2418	4406
2419	4274
2420	4240
2421	4427
2422	4251
2423	4523
2424	4298
2425	4217
2426	4319
2427	4448
2428	4294
2429	4182
2430	4196
2431	4243
2432	4112
2433	4210
2434	4379
2435	4056
2436	4198
2437	4167
2438	4147
2439	4350
2440	4158
2441	4257
2442	4341
2443	4243
2444	4309
2445	4295
2446	4283
2447	4139
2448	4249
2449	4168
2450	4188
2451	4232
2452	4230
2453	4339
2454	4093
2455	4093
2456	4061
2457	4168
2458	4032
2459	4226
2460	4217
2461	4162
2462	4216
2463	4034
2464	4147
2465	4088
2466	4256
2467	4135
2468	4291
2469	4195
2470	4293
2471	4153
2472	4276
2473	4216
2474	4172
2475	4287
2476	4188
2477	4110
2478	4215
2479	4182
2480	4106
2481	4239
2482	4257
2483	4341
2484	4339
2485	4196
2486	4229
2487	4191
2488	4430
2489	4254
2490	4348
2491	4263
2492	4175
2493	4341
2494	4345
2495	4456
2496	4345
2497	4232
2498	4494
2499	4392
2500	4363
2501	4348
2502	4368
2503	4402
2504	4646
2505	4409
2506	4208
2507	4373
2508	4175
2509	4495
2510	4527
2511	4358
2512	4651
2513	4637
2514	4639
2515	4369
2516	4649
2517	4297
2518	4478
2519	4468
2520	4474
2521	4618
2522	4325
2523	4306
2524	4512
2525	4353
2526	4607
2527	4505
2528	4602
2529	4392
2530	4298
2531	4345
2532	4635
2533	4391
2534	4218
2535	4378
2536	4430
2537	4461
2538	4399
2539	4491
2540	4522
2541	4432
2542	4727
2543	4361
2544	4371
2545	4213
2546	4189
2547	4369
2548	4114
2549	4312
2550	4226
2551	4469
2552	4365
2553	4292
2554	4409
2555	4386
2556	4403
2557	4553
2558	4479
2559	4394
2560	4329
2561	4387
2562	4405
2563	4543
2564	4689
2565	4445
2566	4504
2567	4484
2568	4274
2569	4291
2570	4392
2571	4358
2572	4430
2573	4378
2574	4242
2575	4400
2576	4117
2577	4263
2578	4398
2579	4499
2580	4262
2581	4471
2582	4476
2583	4250
2584	4160
2585	4276
2586	4231
2587	4452
2588	4455
2589	4241
2590	4445
2591	4376
2592	4023
2593	4070
2594	4138
2595	4259
2596	4189
2597	4138
2598	4211
2599	4019
2600	4072
2601	3980
2602	4126
2603	4167
2604	4179
2605	4123
2606	4220
2607	4132
2608	4072
2609	3969
2610	4217
2611	4038
2612	4353
2613	4005
2614	4143
2615	4169
2616	4093
2617	4253
2618	4310
2619	4343
2620	4186
2621	4133
2622	4265
2623	4161
2624	4214
2625	4187
2626	4154
2627	4443
2628	4137
2629	4080
2630	4297
2631	4133
2632	4416
2633	4549
2634	4303
2635	4445
2636	4413
2637	4353
2638	4153
2639	4491
2640	4352
2641	4379
2642	4277
2643	4538
2644	4178
2645	4922
2646	4349
2647	4034
2648	4124
2649	4333
2650	4603
2651	4484
2652	5382
2653	4821
2654	4582
2655	4213
2656	4463
2657	4409
2658	4457
2659	4424
2660	4434
2661	4402
2662	4374
2663	4526
2664	4500
2665	4368
2666	4217
2667	4540
2668	4307
2669	4312
2670	4459
2671	4224
2672	4327
2673	4602
2674	4551
2675	4502
2676	4582
2677	4370
2678	4258
2679	4486
2680	4453
2681	4606
2682	4622
2683	4405
2684	4525
2685	4305
2686	4668
2687	4745
2688	4670
2689	4519
2690	4624
2691	4671
2692	4555
2693	4613
2694	4502
2695	4378
2696	4561
2697	4450
2698	4272
2699	4836
2700	4931
2701	5049
2702	5234
2703	4591
2704	4751
2705	4591
2706	4557
2707	4546
2708	4843
2709	4938
2710	5016
2711	5089
2712	4601
2713	4389
2714	4647
2715	4659
2716	5251
2717	4724
2718	5017
2719	4920
2720	4525
2721	4646
2722	4516
2723	4496
2724	4543
2725	4498
2726	4409
2727	4421
2728	4403
2729	4575
2730	4397
2731	4486
2732	4362
2733	4192
2734	4394
2735	4438
2736	4379
2737	4305
2738	4298
2739	4154
2740	4335
2741	4334
2742	4297
2743	4213
2744	4139
2745	4230
2746	4296
2747	4232
2748	4158
2749	4311
2750	4390
2751	4291
2752	4301
2753	4231
2754	4190
2755	4317
2756	4416
2757	4182
2758	4222
2759	4335
2760	4327
2761	4504
2762	4421
2763	4283
2764	4337
2765	4498
2766	4415
2767	4343
2768	4342
2769	4520
2770	4276
2771	4252
2772	4206
2773	4161
2774	4458
2775	4094
2776	4384
2777	4177
2778	4639
2779	4198
2780	4162
2781	4274
2782	4344
2783	4091
2784	4052
2785	4026
2786	3953
2787	4113
2788	4022
2789	4230
2790	4032
2791	3881
2792	3878
2793	3967
2794	3907
2795	4074
2796	4060
2797	4218
2798	4014
2799	3857
2800	4192
2801	4048
2802	3905
2803	3997
2804	4001
2805	3983
2806	3957
2807	4079
2808	3928
2809	4219
2810	4003
2811	4156
2812	4085
2813	3989
2814	4058
2815	4123
2816	3983
2817	4370
2818	4058
2819	4090
2820	3984
2821	4081
2822	4104
2823	4085
2824	4034
2825	3892
2826	4159
2827	3913
2828	3970
2829	3992
2830	4091
2831	3801
2832	4015
2833	4100
2834	3882
2835	4135
2836	3955
2837	3996
2838	3965
2839	4066
2840	4073
2841	3726
2842	3869
2843	3868
2844	3850
2845	3868
2846	4107
2847	4066
2848	3959
2849	4049
2850	3942
2851	3676
2852	4136
2853	4003
2854	4068
2855	4100
2856	4060
2857	3991
2858	4070
2859	4061
2860	4033
2861	4023
2862	3763
2863	4012
2864	3904
2865	3799
2866	4198
2867	4010
2868	3897
2869	4025
2870	3851
2871	4078
2872	4069
2873	4018
2874	3858
2875	4001
2876	3832
2877	4003
2878	4181
2879	4107
2880	3956
2881	4184
2882	4002
2883	3984
2884	3896
2885	3981
2886	4027
2887	4012
2888	4083
2889	3896
2890	3967
2891	3920
2892	4132
2893	4036
2894	3934
2895	3729
2896	3986
2897	4007
2898	4051
2899	4076
2900	3937
2901	4219
2902	4024
2903	3841
2904	3900
2905	3801
2906	3807
2907	3904
2908	3956
2909	3879
2910	4044
2911	4235
2912	4102
2913	3852
2914	3723
2915	3687
2916	3999
2917	4212
2918	4316
2919	4130
2920	3846
2921	3702
2922	3686
2923	3751
2924	3933
2925	3672
2926	3827
2927	3835
2928	3656
2929	3799
2930	3759
2931	3972
2932	4002
2933	3832
2934	3838
2935	3711
2936	3813
2937	3636
2938	3591
2939	3704
2940	3627
2941	4079
2942	4015
2943	3918
2944	3741
2945	3808
2946	3496
2947	3719
2948	3771
2949	3838
2950	3524
2951	3734
2952	4051
2953	3934
2954	3735
2955	3831
2956	3724
2957	3573
2958	3785
2959	3843
2960	3602
2961	3671
2962	3880
2963	3818
2964	3776
2965	3778
2966	3482
2967	3827
2968	3738
2969	3835
2970	3925
2971	3685
2972	3733
2973	3887
2974	3786
2975	3629
2976	3812
2977	3847
2978	3532
2979	3601
2980	3800
2981	3745
2982	3738
2983	3648
2984	3753
2985	3722
2986	3774
2987	3770
2988	3882
2989	3751
2990	3704
2991	3637
2992	3670
2993	3771
2994	3661
2995	3923
2996	3821
2997	3812
2998	3860
2999	3640
3000	3790
3001	3699
3002	3868
3003	3985
3004	3770
3005	3786
3006	3967
3007	3966
3008	3983
3009	3813
3010	3842
3011	3824
3012	3861
3013	3929
3014	3868
3015	3802
3016	3809
3017	3707
3018	3845
3019	3855
3020	3648
3021	3747
3022	3830
3023	3727
3024	3625
3025	3807
3026	3755
3027	3851
3028	3718
3029	3632
3030	3695
3031	3728
3032	3787
3033	3713
3034	3793
3035	3731
3036	3856
3037	3737
3038	3901
3039	3646
3040	3890
3041	3964
3042	3999
3043	3732
3044	3918
3045	3809
3046	3923
3047	3982
3048	3899
3049	3917
3050	3842
3051	4023
3052	4053
3053	3943
3054	3866
3055	3915
3056	3902
3057	3948
3058	3820
3059	3823
3060	3768
3061	3969
3062	4123
3063	3882
3064	3899
3065	3866
3066	4057
3067	3965
3068	4084
3069	3848
3070	3817
3071	3712
3072	3957
3073	3876
3074	4128
3075	3913
3076	4140
3077	4053
3078	4104
3079	3832
3080	3884
3081	3794
3082	3814
3083	3748
3084	3834
3085	3886
3086	3950
3087	4001
3088	4052
3089	3618
3090	3902
3091	3949
3092	4034
3093	3913
3094	3985
3095	4293
3096	3831
3097	3774
3098	3648
3099	3730
3100	3935
3101	3990
3102	3971
3103	3807
3104	3785
3105	3749
3106	3705
3107	3834
3108	3814
3109	3664
3110	3879
3111	3804
3112	3627
3113	3831
3114	3911
3115	3797
3116	3651
3117	3602
3118	3677
3119	3770
3120	3729
3121	3844
3122	3871
3123	3626
3124	3552
3125	3782
3126	3526
3127	3705
3128	3548
3129	3632
3130	3529
3131	3570
3132	3523
3133	3703
3134	3729
3135	3606
3136	3602
3137	3719
3138	3666
3139	3662
3140	3754
3141	3996
3142	3650
3143	3628
3144	3512
3145	3525
3146	3517
3147	3539
3148	3468
3149	3632
3150	3538
3151	3386
3152	3674
3153	3578
3154	3575
3155	3760
3156	3846
3157	3650
3158	3985
3159	3742
3160	3950
3161	3608
3162	3653
3163	3564
3164	3854
3165	3912
3166	3792
3167	3595
3168	3699
3169	3637
3170	3546
3171	3346
3172	3550
3173	3514
3174	3606
3175	3419
3176	3629
3177	3507
3178	3501
3179	3662
3180	3376
3181	3771
3182	3385
3183	3442
3184	3725
3185	3306
3186	3324
3187	3616
3188	3593
3189	3349
3190	3498
3191	3473
3192	3566
3193	3364
3194	3422
3195	3469
3196	3635
3197	3458
3198	3416
3199	3539
3200	3327
3201	3410
3202	3485
3203	3541
3204	3393
3205	3530
3206	3661
3207	3499
3208	3348
3209	3450
3210	3575
3211	3479
3212	3431
3213	3269
3214	3383
3215	3443
3216	3364
3217	3376
3218	3486
3219	3518
3220	3538
3221	3594
3222	3523
3223	3381
3224	3417
3225	3404
3226	3370
3227	3399
3228	3674
3229	3365
3230	3376
3231	3552
3232	3557
3233	3590
3234	3470
3235	3597
3236	3661
3237	3477
3238	3424
3239	3461
3240	3465
3241	3567
3242	3378
3243	3484
3244	3450
3245	3580
3246	3538
3247	3491
3248	3678
3249	3482
3250	3535
3251	3444
3252	3437
3253	3460
3254	3380
3255	3689
3256	3589
3257	3545
3258	3527
3259	3388
3260	3844
3261	3624
3262	3557
3263	3554
3264	3456
3265	3669
3266	3698
3267	3549
3268	3793
3269	3554
3270	3593
3271	3684
3272	3679
3273	3742
3274	3765
3275	3763
3276	3829
3277	3874
3278	3650
3279	3619
3280	3898
3281	3962
3282	3625
3283	3694
3284	3818
3285	3901
3286	3907
3287	3903
3288	3682
3289	3735
3290	3591
3291	3681
3292	3659
3293	3845
3294	3696
3295	3932
3296	3684
3297	3803
3298	3763
3299	3840
3300	3927
3301	3756
3302	3726
3303	3766
3304	3843
3305	3879
3306	3777
3307	3684
3308	3742
3309	3647
3310	3741
3311	3808
3312	3881
3313	3932
3314	3903
3315	3754
3316	3840
3317	3916
3318	3975
3319	3971
3320	3904
3321	3999
3322	3835
3323	3925
3324	3788
3325	3795
3326	3817
3327	3785
3328	3904
3329	3835
3330	3893
3331	3934
3332	3835
3333	3848
3334	4016
3335	4052
3336	3801
3337	3712
3338	3722
3339	3891
3340	4143
3341	3915
3342	3968
3343	3916
3344	3677
3345	3707
3346	3820
3347	3874
3348	3732
3349	3758
3350	3823
3351	3986
3352	3825
3353	3704
3354	3636
3355	3820
3356	3892
3357	3851
3358	3855
3359	3853
3360	3598
3361	3613
3362	3718
3363	3653
3364	3912
3365	3516
3366	3859
3367	3721
3368	3652
3369	3537
3370	3611
3371	3509
3372	3601
3373	3659
3374	3547
3375	3631
3376	3567
3377	3790
3378	3410
3379	3635
3380	3545
3381	3445
3382	3832
3383	3442
3384	3637
3385	3589
3386	3593
3387	3597
3388	3472
3389	3537
3390	3569
3391	3620
3392	3318
3393	3416
3394	3463
3395	3459
3396	3471
3397	3629
3398	3256
3399	3483
3400	3446
3401	3302
3402	3467
3403	3390
3404	3611
3405	3625
3406	3601
3407	3477
3408	3446
3409	3503
3410	3424
3411	3339
3412	3587
3413	3253
3414	3473
3415	3371
3416	3507
3417	3447
3418	3274
3419	3533
3420	3609
3421	3533
3422	3387
3423	3426
3424	3262
3425	3322
3426	3582
3427	3661
3428	3511
3429	3584
3430	3329
3431	3471
3432	3503
3433	3356
3434	3460
3435	3695
3436	3572
3437	3510
3438	3556
3439	3550
3440	3761
3441	3673
3442	3423
3443	3499
3444	3447
3445	3402
3446	3276
3447	3201
3448	3344
3449	3512
3450	3482
3451	3484
3452	3566
3453	3340
3454	3470
3455	3374
3456	3317
3457	3206
3458	3354
3459	3359
3460	3330
3461	3357
3462	3345
3463	3385
3464	3391
3465	3311
3466	3081
3467	3300
3468	3168
3469	3300
3470	3276
3471	3267
3472	3097
3473	3095
3474	3292
3475	3183
3476	3137
3477	3203
3478	3143
3479	3232
3480	3230
3481	3045
3482	3064
3483	3287
3484	3170
3485	3106
3486	3046
3487	3115
3488	3268
3489	3098
3490	3116
3491	3047
3492	3124
3493	3160
3494	3159
3495	3255
3496	3013
3497	3134
3498	3068
3499	3125
3500	3182
3501	3108
3502	3251
3503	3084
3504	3031
3505	3094
3506	3193
3507	2894
3508	2990
3509	3113
3510	3031
3511	3021
3512	2992
3513	3273
3514	3107
3515	3206
3516	3152
3517	3129
3518	3164
3519	3059
3520	3058
3521	3227
3522	3050
3523	3247
3524	3321
3525	3099
3526	3113
3527	3038
3528	3120
3529	2978
3530	3122
3531	3153
3532	3125
3533	3163
3534	3126
3535	3105
3536	2979
3537	3017
3538	3104
3539	3116
3540	3028
3541	3129
3542	3081
3543	3011
3544	2920
3545	3103
3546	3104
3547	3018
3548	3016
3549	3236
3550	3040
3551	3066
3552	3023
3553	3028
3554	3010
3555	3009
3556	3171
3557	3125
3558	2988
3559	3105
3560	3095
3561	3100
3562	3155
3563	3013
3564	3109
3565	3167
3566	3236
3567	2924
3568	3067
3569	3031
3570	3067
3571	3054
3572	3105
3573	3137
3574	3013
3575	3028
3576	3079
3577	3257
3578	3011
3579	3087
3580	3106
3581	3008
3582	3156
3583	3217
3584	3111
3585	2987
3586	3179
3587	2980
3588	3000
3589	3074
3590	3042
3591	3135
3592	2955
3593	3280
3594	3036
3595	3128
3596	3034
3597	3075
3598	3010
3599	3381
3600	3159
3601	3053
3602	3102
3603	3100
3604	3084
3605	3130
3606	3032
3607	3019
3608	3117
3609	2999
3610	3011
3611	2895
3612	3011
3613	2962
3614	2999
3615	3141
3616	3010
3617	3120
3618	3117
3619	3110
3620	2834
3621	3145
3622	3037
3623	3072
3624	2938
3625	3026
3626	2823
3627	3089
3628	2939
3629	2936
3630	2886
3631	3047
3632	2911
3633	3026
3634	3025
3635	2968
3636	3012
3637	3043
3638	3019
3639	3009
3640	3011
3641	3137
3642	2961
3643	3029
3644	3139
3645	2886
3646	2892
3647	2939
3648	3010
3649	2897
3650	3004
3651	2984
3652	2989
3653	2910
3654	2824
3655	2948
3656	2896
3657	2842
3658	2934
3659	2951
3660	2827
3661	2777
3662	2837
3663	3002
3664	2880
3665	2889
3666	2812
3667	2968
3668	2798
3669	2799
3670	2946
3671	2894
3672	2893
3673	2925
3674	2860
3675	3045
3676	2861
3677	2950
3678	2831
3679	2866
3680	3032
3681	3232
3682	2876
3683	3012
3684	2841
3685	2877
3686	2942
3687	2990
3688	3073
3689	2957
3690	3013
3691	3023
3692	2931
3693	2981
3694	2980
3695	3010
3696	2918
3697	3157
3698	3167
3699	3365
3700	3425
3701	3069
3702	2994
3703	2824
3704	3083
3705	3071
3706	3186
3707	3098
3708	3273
3709	3346
3710	3611
3711	3416
3712	3390
3713	3144
3714	3127
3715	3149
3716	3042
3717	3022
3718	3123
3719	2877
3720	3069
3721	2995
3722	2971
3723	3239
3724	3004
3725	3144
3726	3170
3727	2970
3728	3065
3729	2970
3730	2917
3731	3049
3732	3004
3733	3073
3734	2829
3735	3034
3736	3152
3737	3066
3738	3081
3739	3197
3740	3013
3741	3233
3742	3204
3743	3153
3744	3394
3745	3125
3746	3200
3747	3062
3748	2943
3749	3170
3750	3029
3751	2992
3752	3099
3753	3264
3754	2969
3755	3298
3756	3068
3757	3064
3758	3065
3759	2984
3760	2994
3761	3111
3762	3010
3763	3104
3764	3116
3765	3236
3766	3221
3767	3236
3768	3271
3769	3081
3770	2982
3771	3474
3772	3205
3773	2923
3774	3246
3775	3183
3776	3119
3777	2933
3778	3003
3779	3011
3780	2935
3781	3061
3782	3118
3783	2963
3784	2983
3785	2730
3786	2774
3787	2845
3788	2923
3789	3001
3790	2847
3791	2895
3792	2871
3793	2786
3794	2960
3795	2708
3796	2867
3797	2834
3798	2951
3799	2852
3800	3100
3801	3000
3802	2896
3803	2694
3804	2697
3805	2805
3806	2809
3807	2820
3808	2767
3809	2800
3810	2803
3811	2829
3812	2640
3813	2862
3814	2813
3815	2989
3816	2950
3817	2738
3818	2795
3819	2655
3820	2871
3821	2697
3822	2765
3823	2857
3824	2562
3825	2510
3826	2590
3827	2567
3828	2734
3829	2665
3830	2457
3831	2524
3832	2618
3833	2734
3834	2541
3835	2778
3836	2623
3837	2528
3838	2613
3839	2557
3840	2621
3841	2522
3842	2476
3843	2633
3844	2486
3845	2566
3846	2609
3847	2607
3848	2756
3849	2536
3850	2596
3851	2471
3852	2778
3853	2667
3854	2528
3855	2665
3856	2662
3857	2891
3858	2874
3859	2597
3860	2778
3861	2628
3862	2597
3863	2559
3864	2703
3865	2668
3866	2596
3867	2697
3868	2598
3869	2606
3870	2635
3871	2621
3872	2722
3873	2620
3874	2645
3875	2798
3876	2812
3877	2710
3878	2770
3879	2735
3880	2622
3881	2786
3882	2856
3883	2702
3884	2752
3885	2898
3886	2779
3887	2680
3888	2671
3889	2723
3890	2749
3891	2778
3892	2872
3893	2754
3894	2712
3895	2778
3896	2749
3897	2838
3898	2726
3899	2800
3900	2747
3901	2795
3902	2820
3903	2846
3904	2812
3905	2836
3906	2919
3907	2739
3908	2815
3909	2980
3910	2769
3911	2877
3912	2870
3913	2834
3914	2819
3915	2781
3916	2763
3917	2803
3918	2826
3919	2685
3920	2784
3921	2877
3922	2840
3923	2732
3924	2856
3925	2687
3926	2737
3927	2848
3928	2903
3929	2827
3930	2775
3931	2955
3932	2883
3933	2841
3934	2898
3935	2919
3936	2881
3937	2790
3938	3044
3939	2751
3940	2878
3941	2934
3942	2880
3943	2820
3944	2881
3945	2782
3946	2811
3947	2932
3948	2928
3949	2866
3950	2951
3951	2958
3952	3043
3953	3135
3954	2907
3955	2957
3956	2924
3957	3002
3958	2982
3959	2832
3960	3030
3961	3005
3962	2902
3963	2849
3964	2832
3965	2924
3966	2836
3967	2948
3968	3060
3969	2938
3970	3011
3971	3047
3972	2916
3973	2845
3974	3003
3975	3003
3976	2878
3977	2865
3978	2934
3979	2817
3980	3017
3981	2943
3982	2779
3983	2927
3984	2795
3985	2833
3986	2745
3987	2833
3988	2675
3989	2724
3990	2809
3991	2747
3992	2921
3993	2807
3994	2702
3995	2852
3996	2833
3997	2584
3998	2764
3999	2888
4000	2848
4001	2781
4002	2969
4003	2671
4004	2689
4005	2850
4006	2662
4007	2743
4008	2742
4009	2853
4010	2576
4011	2815
4012	2715
4013	2801
4014	2730
4015	2714
4016	2816
4017	2785
4018	2685
4019	2799
4020	2747
4021	2732
4022	2669
4023	2663
4024	2653
4025	2644
4026	2739
4027	2763
4028	2651
4029	2746
4030	2679
4031	2703
4032	2777
4033	2750
4034	2837
4035	2686
4036	2651
4037	2768
4038	2773
4039	2665
4040	2664
4041	2820
4042	2595
4043	2672
4044	2528
4045	2705
4046	2885
4047	2634
4048	2714
4049	2709
4050	2745
4051	2756
4052	2790
4053	2893
4054	2633
4055	2691
4056	2719
4057	2736
4058	2560
4059	2646
4060	2778
4061	2707
4062	2810
4063	2676
4064	2715
4065	2779
4066	2856
4067	2772
4068	2730
4069	2647
4070	2706
4071	2558
4072	2774
4073	2645
4074	2621
4075	2620
4076	2694
4077	2788
4078	2742
4079	2667
4080	2566
4081	2705
4082	2646
4083	2627
4084	2616
4085	2581
4086	2641
4087	2571
4088	2462
4089	2575
4090	2631
4091	2676
4092	2679
4093	2675
4094	2637
4095	2537
4096	2680
4097	2617
4098	2790
4099	2681
4100	2726
4101	2690
4102	2601
4103	2753
4104	2799
4105	2688
4106	2615
4107	2599
4108	2613
4109	2693
4110	2673
4111	2786
4112	2675
4113	2912
4114	2655
4115	2680
4116	2702
4117	2673
4118	2840
4119	2686
4120	2693
4121	2639
4122	2699
4123	2673
4124	2698
4125	2739
4126	2703
4127	2653
4128	2675
4129	2846
4130	2644
4131	2766
4132	2637
4133	2615
4134	2635
4135	2690
4136	2734
4137	2665
4138	2687
4139	2604
4140	2623
4141	2675
4142	2530
4143	2624
4144	2773
4145	2537
4146	2663
4147	2758
4148	2695
4149	2723
4150	2668
4151	2778
4152	2479
4153	2649
4154	2687
4155	2605
4156	2509
4157	2447
4158	2542
4159	2646
4160	2498
4161	2580
4162	2639
4163	2451
4164	2493
4165	2588
4166	2479
4167	2693
4168	2578
4169	2374
4170	2563
4171	2540
4172	2475
4173	2521
4174	2458
4175	2540
4176	2516
4177	2494
4178	2386
4179	2543
4180	2507
4181	2482
4182	2569
4183	2407
4184	2431
4185	2462
4186	2481
4187	2496
4188	2596
4189	2575
4190	2609
4191	2480
4192	2361
4193	2392
4194	2401
4195	2453
4196	2585
4197	2530
4198	2479
4199	2398
4200	2463
4201	2446
4202	2463
4203	2490
4204	2552
4205	2600
4206	2526
4207	2445
4208	2598
4209	2357
4210	2456
4211	2443
4212	2494
4213	2364
4214	2491
4215	2572
4216	2448
4217	2453
4218	2601
4219	2433
4220	2374
4221	2537
4222	2446
4223	2517
4224	2456
4225	2497
4226	2483
4227	2598
4228	2632
4229	2662
4230	2575
4231	2572
4232	2739
4233	2501
4234	2559
4235	2518
4236	2673
4237	2602
4238	2544
4239	2558
4240	2491
4241	2394
4242	2452
4243	2360
4244	2337
4245	2428
4246	2516
4247	2403
4248	2540
4249	2539
4250	2605
4251	2407
4252	2423
4253	2409
4254	2610
4255	2609
4256	2459
4257	2320
4258	2362
4259	2557
4260	2479
4261	2670
4262	2547
4263	2483
4264	2507
4265	2518
4266	2552
4267	2590
4268	2614
4269	2515
4270	2612
4271	2621
4272	2697
4273	2691
4274	2466
4275	2600
4276	2783
4277	2459
4278	2585
4279	2660
4280	2582
4281	2575
4282	2682
4283	2491
4284	2508
4285	2478
4286	2508
4287	2582
4288	2608
4289	2328
4290	2597
4291	2554
4292	2547
4293	2341
4294	2660
4295	2572
4296	2495
4297	2520
4298	2660
4299	2731
4300	2546
4301	2385
4302	2512
4303	2540
4304	2673
4305	2516
4306	2500
4307	2252
4308	2503
4309	2533
4310	2559
4311	2568
4312	2423
4313	2371
4314	2428
4315	2630
4316	2468
4317	2325
4318	2307
4319	2351
4320	2324
4321	2546
4322	2514
4323	2347
4324	2432
4325	2447
4326	2346
4327	2458
4328	2347
4329	2334
4330	2372
4331	2325
4332	2467
4333	2250
4334	2377
4335	2388
4336	2384
4337	2239
4338	2317
4339	2251
4340	2256
4341	2184
4342	2254
4343	2283
4344	2273
4345	2148
4346	2162
4347	2140
4348	2303
4349	2251
4350	2225
4351	2189
4352	2177
4353	2106
4354	2197
4355	2088
4356	2126
4357	2150
4358	2201
4359	2161
4360	2163
4361	2068
4362	2134
4363	2172
4364	2174
4365	2250
4366	2344
4367	2154
4368	2245
4369	2264
4370	2254
4371	2232
4372	2170
4373	2152
4374	2283
4375	2188
4376	2501
4377	2169
4378	2370
4379	2259
4380	2181
4381	2202
4382	2121
4383	2093
4384	2137
4385	2101
4386	2237
4387	2124
4388	2141
4389	2070
4390	2078
4391	2201
4392	2035
4393	2119
4394	2108
4395	2079
4396	2006
4397	2087
4398	2176
4399	2100
4400	2062
4401	2032
4402	2078
4403	2051
4404	2137
4405	2133
4406	2178
4407	2201
4408	2262
4409	2083
4410	2128
4411	2088
4412	2016
4413	2054
4414	2112
4415	2102
4416	1997
4417	2068
4418	2149
4419	2124
4420	2086
4421	2103
4422	2212
4423	1973
4424	2133
4425	2055
4426	2083
4427	2155
4428	2191
4429	2282
4430	2123
4431	2085
4432	2012
4433	1905
4434	2050
4435	1983
4436	2010
4437	1896
4438	1989
4439	2012
4440	2163
4441	2011
4442	2085
4443	1965
4444	1886
4445	2087
4446	2019
4447	2075
4448	2087
4449	2097
4450	2039
4451	2030
4452	2097
4453	2051
4454	2028
4455	2042
4456	2010
4457	2068
4458	2109
4459	2020
4460	2037
4461	2006
4462	2075
4463	2077
4464	2026
4465	1994
4466	1996
4467	2066
4468	2034
4469	1978
4470	2036
4471	2084
4472	2078
4473	2067
4474	2065
4475	2062
4476	1963
4477	2083
4478	1966
4479	2019
4480	2049
4481	2008
4482	2104
4483	2005
4484	2031
4485	2193
4486	1962
4487	2034
4488	2038
4489	2042
4490	2129
4491	2201
4492	2088
4493	2149
4494	2141
4495	2051
4496	2078
4497	2063
4498	1971
4499	2180
4500	2191
4501	2185
4502	2181
4503	2075
4504	2165
4505	2206
4506	2243
4507	2135
4508	2193
4509	2272
4510	2206
4511	2247
4512	2117
4513	2200
4514	2167
4515	2092
4516	2272
4517	2251
4518	2291
4519	2145
4520	2331
4521	2131
4522	2209
4523	2246
4524	2408
4525	2333
4526	2243
4527	2173
4528	2285
4529	2210
4530	2248
4531	2203
4532	2220
4533	2376
4534	2154
4535	2182
4536	2187
4537	2091
4538	2209
4539	2038
4540	2157
4541	2138
4542	2242
4543	2185
4544	2140
4545	2229
4546	2212
4547	2380
4548	2191
4549	2212
4550	2122
4551	2121
4552	2162
4553	2130
4554	2024
4555	2074
4556	2045
4557	2123
4558	2108
4559	2060
4560	2185
4561	2054
4562	2127
4563	2033
4564	1956
4565	2183
4566	2196
4567	2207
4568	2198
4569	1995
4570	2050
4571	2082
4572	2063
4573	2217
4574	2108
4575	2137
4576	2100
4577	2045
4578	1918
4579	1955
4580	1988
4581	1942
4582	2090
4583	2031
4584	2064
4585	2077
4586	1987
4587	2013
4588	2096
4589	2078
4590	2058
4591	2058
4592	1968
4593	2085
4594	2115
4595	2009
4596	1967
4597	2028
4598	2082
4599	2006
4600	2065
4601	1983
4602	2101
4603	2067
4604	2051
4605	2050
4606	2061
4607	2006
4608	1987
4609	1982
4610	2008
4611	2021
4612	2032
4613	2197
4614	2011
4615	2056
4616	2033
4617	2072
4618	2065
4619	2138
4620	2094
4621	2021
4622	2002
4623	2011
4624	2066
4625	2094
4626	2097
4627	2143
4628	2134
4629	2151
4630	2135
4631	2025
4632	2118
4633	2066
4634	2176
4635	1891
4636	2060
4637	2078
4638	2014
4639	1974
4640	2094
4641	2007
4642	1983
4643	2131
4644	2070
4645	2174
4646	1965
4647	1981
4648	2159
4649	2119
4650	2033
4651	2111
4652	1873
4653	2136
4654	2114
4655	2071
4656	2095
4657	1976
4658	2076
4659	2118
4660	2001
4661	2142
4662	2100
4663	2038
4664	2021
4665	1971
4666	2060
4667	2091
4668	2030
4669	1984
4670	2210
4671	2064
4672	2335
4673	2081
4674	2128
4675	1948
4676	2026
4677	2109
4678	2091
4679	2014
4680	2039
4681	2001
4682	2124
4683	2038
4684	2040
4685	2093
4686	1880
4687	1946
4688	1962
4689	1906
4690	1990
4691	1915
4692	1891
4693	2004
4694	1983
4695	1973
4696	1971
4697	1988
4698	1953
4699	2017
4700	2030
4701	2035
4702	1983
4703	1949
4704	2210
4705	2100
4706	2012
4707	1973
4708	1952
4709	2013
4710	1981
4711	2044
4712	1908
4713	1995
4714	2069
4715	2033
4716	1954
4717	1856
4718	1966
4719	1953
4720	1915
4721	1999
4722	1961
4723	1935
4724	1957
4725	1950
4726	1837
4727	1932
4728	2015
4729	1935
4730	2005
4731	1929
4732	1974
4733	2027
4734	1935
4735	2038
4736	1867
4737	2009
4738	1959
4739	2014
4740	2042
4741	2034
4742	2022
4743	1894
4744	2048
4745	1986
4746	2043
4747	1974
4748	1820
4749	2068
4750	2001
4751	2049
4752	2065
4753	1956
4754	1842
4755	1853
4756	1986
4757	2037
4758	2146
4759	2073
4760	2022
4761	1976
4762	1935
4763	2133
4764	2067
4765	1986
4766	1941
4767	2153
4768	2065
4769	2084
4770	1883
4771	1933
4772	2009
4773	2082
4774	2082
4775	2110
4776	2001
4777	2004
4778	1914
4779	2150
4780	2057
4781	1889
4782	2050
4783	2019
4784	2053
4785	2064
4786	2086
4787	2048
4788	2050
4789	2041
4790	2094
4791	2006
4792	1982
4793	2060
4794	2025
4795	1919
4796	1955
4797	1975
4798	2061
4799	1969
4800	2162
4801	2091
4802	2063
4803	2076
4804	2164
4805	1948
4806	2130
4807	2218
4808	2138
4809	2142
4810	2310
4811	2340
4812	2192
4813	2295
4814	2244
4815	2284
4816	2286
4817	2307
4818	2296
4819	2171
4820	2213
4821	2118
4822	2033
4823	2158
4824	2165
4825	2209
4826	2178
4827	2272
4828	2131
4829	2220
4830	2169
4831	2215
4832	2210
4833	2350
4834	2170
4835	2095
4836	2230
4837	2161
4838	2199
4839	2132
4840	2196
4841	2264
4842	2130
4843	2216
4844	2126
4845	2119
4846	2212
4847	2116
4848	2197
4849	2102
4850	2222
4851	2105
4852	2185
4853	2228
4854	2195
4855	2151
4856	2059
4857	2158
4858	2136
4859	2173
4860	2204
4861	2142
4862	2253
4863	2139
4864	2097
4865	2052
4866	1910
4867	2027
4868	1957
4869	2070
4870	2065
4871	2010
4872	1913
4873	2055
4874	1949
4875	2128
4876	2088
4877	2078
4878	2091
4879	1965
4880	1996
4881	2078
4882	1950
4883	1973
4884	2064
4885	2063
4886	2063
4887	1966
4888	2091
4889	2027
4890	2090
4891	2003
4892	1850
4893	2049
4894	2150
4895	1948
4896	2013
4897	1993
4898	2037
4899	2065
4900	2165
4901	2163
4902	2228
4903	2251
4904	2122
4905	2200
4906	2238
4907	2247
4908	2180
4909	2078
4910	2025
4911	1994
4912	1785
4913	2080
4914	2093
4915	2195
4916	2095
4917	2039
4918	2176
4919	2042
4920	2087
4921	2059
4922	2112
4923	2177
4924	1994
4925	2057
4926	2018
4927	2148
4928	2186
4929	2122
4930	2137
4931	2135
4932	2186
4933	2250
4934	2182
4935	2100
4936	1996
4937	2081
4938	2245
4939	2253
4940	2122
4941	2129
4942	2134
4943	2043
4944	2112
4945	2100
4946	2164
4947	2310
4948	2282
4949	2077
4950	2261
4951	2094
4952	2298
4953	2279
4954	2458
4955	2287
4956	2399
4957	2419
4958	2384
4959	2306
4960	2242
4961	2199
4962	2186
4963	2159
4964	2329
4965	2087
4966	2141
4967	2224
4968	2201
4969	2412
4970	2196
4971	2260
4972	2100
4973	2090
4974	2273
4975	2228
4976	2167
4977	2168
4978	2303
4979	2294
4980	2108
4981	2368
4982	2120
4983	2215
4984	2109
4985	2041
4986	2120
4987	2164
4988	2147
4989	1907
4990	2044
4991	2054
4992	2218
4993	2102
4994	2283
4995	2158
4996	2090
4997	1982
4998	2081
4999	2015
5000	2018
5001	1930
5002	2132
5003	2224
5004	2190
5005	2152
5006	1914
5007	2053
5008	2089
5009	2007
5010	2081
5011	2019
5012	2070
5013	2046
5014	2029
5015	2048
5016	2101
5017	2100
5018	1942
5019	2075
5020	1935
5021	2223
5022	2049
5023	1913
5024	2027
5025	1939
5026	1967
5027	2013
5028	1990
5029	1938
5030	1941
5031	1965
5032	2102
5033	1989
5034	1886
5035	1800
5036	1878
5037	1882
5038	1971
5039	1954
5040	1929
5041	1892
5042	1842
5043	2023
5044	1909
5045	1939
5046	1864
5047	1950
5048	2006
5049	1808
5050	1816
5051	1825
5052	1941
5053	1761
5054	1902
5055	1854
5056	1874
5057	1941
5058	1939
5059	1866
5060	1773
5061	1769
5062	1737
5063	1751
5064	1909
5065	1918
5066	1814
5067	1913
5068	1996
5069	1841
5070	1864
5071	1868
5072	1781
5073	1822
5074	1840
5075	1865
5076	1870
5077	1811
5078	1767
5079	1871
5080	1794
5081	1834
5082	1790
5083	1780
5084	1830
5085	1763
5086	1793
5087	1767
5088	1910
5089	1736
5090	1880
5091	1826
5092	1747
5093	1813
5094	1916
5095	1759
5096	1797
5097	1724
5098	1851
5099	1957
5100	1825
5101	1875
5102	1818
5103	1791
5104	1718
5105	1795
5106	1827
5107	1875
5108	1795
5109	1668
5110	1822
5111	1749
5112	1770
5113	1756
5114	1607
5115	1716
5116	1725
5117	1776
5118	1701
5119	1661
5120	1824
5121	1727
5122	1738
5123	1840
5124	1658
5125	1728
5126	1798
5127	1698
5128	1696
5129	1719
5130	1716
5131	1847
5132	1866
5133	1729
5134	1743
5135	1631
5136	1747
5137	1863
5138	1739
5139	1777
5140	1709
5141	1634
5142	1778
5143	1698
5144	1747
5145	1697
5146	1777
5147	1681
5148	1821
5149	1815
5150	1791
5151	1852
5152	1688
5153	1835
5154	1668
5155	1817
5156	1782
5157	1892
5158	1854
5159	1781
5160	1787
5161	1873
5162	1753
5163	1785
5164	1913
5165	1771
5166	1890
5167	1775
5168	1740
5169	1734
5170	1889
5171	1851
5172	1778
5173	1807
5174	1795
5175	1774
5176	1835
5177	1806
5178	1834
5179	1872
5180	1912
5181	1920
5182	1732
5183	1883
5184	1806
5185	1791
5186	1848
5187	1834
5188	1792
5189	1914
5190	1856
5191	1793
5192	1820
5193	1855
5194	1849
5195	1771
5196	1849
5197	1944
5198	1812
5199	1785
5200	1716
5201	1873
5202	1891
5203	1843
5204	1799
5205	1820
5206	1807
5207	1707
5208	1874
5209	1811
5210	1735
5211	1808
5212	1685
5213	1759
5214	1714
5215	1766
5216	1715
5217	1662
5218	1718
5219	1777
5220	1771
5221	1741
5222	1714
5223	1826
5224	1861
5225	1729
5226	1741
5227	1780
5228	1752
5229	1724
5230	1687
5231	1699
5232	1556
5233	1688
5234	1789
5235	1772
5236	1718
5237	1663
5238	1676
5239	1667
5240	1648
5241	1741
5242	1629
5243	1659
5244	1600
5245	1680
5246	1729
5247	1628
5248	1625
5249	1775
5250	1633
5251	1626
5252	1717
5253	1643
5254	1584
5255	1733
5256	1691
5257	1721
5258	1768
5259	1625
5260	1644
5261	1713
5262	1561
5263	1548
5264	1603
5265	1545
5266	1658
5267	1576
5268	1614
5269	1608
5270	1524
5271	1590
5272	1699
5273	1527
5274	1604
5275	1509
5276	1671
5277	1630
5278	1625
5279	1527
5280	1513
5281	1603
5282	1733
5283	1686
5284	1603
5285	1642
5286	1542
5287	1686
5288	1673
5289	1598
5290	1534
5291	1627
5292	1738
5293	1649
5294	1646
5295	1683
5296	1668
5297	1620
5298	1701
5299	1625
5300	1668
5301	1810
5302	1621
5303	1717
5304	1631
5305	1644
5306	1719
5307	1629
5308	1618
5309	1519
5310	1760
5311	1674
5312	1680
5313	1580
5314	1572
5315	1617
5316	1537
5317	1620
5318	1580
5319	1626
5320	1640
5321	1626
5322	1600
5323	1667
5324	1630
5325	1615
5326	1711
5327	1688
5328	1627
5329	1651
5330	1716
5331	1615
5332	1583
5333	1617
5334	1655
5335	1598
5336	1649
5337	1524
5338	1591
5339	1547
5340	1602
5341	1572
5342	1531
5343	1633
5344	1624
5345	1688
5346	1554
5347	1472
5348	1500
5349	1695
5350	1510
5351	1654
5352	1633
5353	1585
5354	1586
5355	1633
5356	1635
5357	1645
5358	1631
5359	1556
5360	1659
5361	1588
5362	1627
5363	1643
5364	1509
5365	1591
5366	1678
5367	1661
5368	1635
5369	1725
5370	1551
5371	1600
5372	1558
5373	1762
5374	1774
5375	1560
5376	1514
5377	1611
5378	1688
5379	1659
5380	1674
5381	1724
5382	1725
5383	1487
5384	1652
5385	1656
5386	1552
5387	1607
5388	1555
5389	1684
5390	1669
5391	1686
5392	1640
5393	1688
5394	1722
5395	1728
5396	1623
5397	1686
5398	1718
5399	1659
5400	1745
5401	1669
5402	1717
5403	1594
5404	1603
5405	1574
5406	1618
5407	1672
5408	1560
5409	1740
5410	1649
5411	1718
5412	1803
5413	1657
5414	1725
5415	1687
5416	1763
5417	1703
5418	1762
5419	1735
5420	1781
5421	1702
5422	1642
5423	1642
5424	1746
5425	1692
5426	1786
5427	1766
5428	1663
5429	1753
5430	1830
5431	1703
5432	1739
5433	1694
5434	1776
5435	1807
5436	1926
5437	1866
5438	1792
5439	1824
5440	1750
5441	1734
5442	1779
5443	1806
5444	1829
5445	1807
5446	1823
5447	1777
5448	1799
5449	1709
5450	1694
5451	1843
5452	1781
5453	1782
5454	1844
5455	1811
5456	1833
5457	1800
5458	1684
5459	1670
5460	1759
5461	1772
5462	1829
5463	1894
5464	1786
5465	1735
5466	1801
5467	1873
5468	1791
5469	1879
5470	1842
5471	1933
5472	1853
5473	1856
5474	1820
5475	1796
5476	1817
5477	1922
5478	1811
5479	1879
5480	1840
5481	2048
5482	1846
5483	1906
5484	1817
5485	1835
5486	1837
5487	1823
5488	1774
5489	2046
5490	1867
5491	1843
5492	1921
5493	1860
5494	1813
5495	1887
5496	1797
5497	1851
5498	1868
5499	1882
5500	1902
5501	1943
5502	1948
5503	1830
5504	1878
5505	1892
5506	1920
5507	1716
5508	1847
5509	1766
5510	1751
5511	1857
5512	1817
5513	1847
5514	1831
5515	1721
5516	1954
5517	1777
5518	1764
5519	1845
5520	1820
5521	1951
5522	1865
5523	1794
5524	1723
5525	1856
5526	1845
5527	1761
5528	1834
5529	1779
5530	1798
5531	1838
5532	1709
5533	1859
5534	1807
5535	1894
5536	1916
5537	1769
5538	1899
5539	1818
5540	1681
5541	1671
5542	1726
5543	1730
5544	1791
5545	1800
5546	1810
5547	1748
5548	1827
5549	1819
5550	1795
5551	1814
5552	1746
5553	1776
5554	1744
5555	1745
5556	1802
5557	1744
5558	1745
5559	1797
5560	1683
5561	1762
5562	1717
5563	1670
5564	1737
5565	1681
5566	1660
5567	1792
5568	1742
5569	1573
5570	1769
5571	1714
5572	1748
5573	1641
5574	1800
5575	1659
5576	1712
5577	1567
5578	1676
5579	1661
5580	1645
5581	1679
5582	1569
5583	1616
5584	1632
5585	1666
5586	1627
5587	1699
5588	1682
5589	1721
5590	1691
5591	1625
5592	1788
5593	1694
5594	1735
5595	1634
5596	1661
5597	1722
5598	1740
5599	1679
5600	1694
5601	1731
5602	1724
5603	1619
5604	1762
5605	1802
5606	1776
5607	1726
5608	1679
5609	1721
5610	1718
5611	1828
5612	1787
5613	1659
5614	1618
5615	1809
5616	1758
5617	1776
5618	1726
5619	1738
5620	1711
5621	1676
5622	1777
5623	1783
5624	1787
5625	1724
5626	1754
5627	1703
5628	1802
5629	1786
5630	1717
5631	1701
5632	1864
5633	1833
5634	1784
5635	1754
5636	1765
5637	1598
5638	1740
5639	1766
5640	1728
5641	1708
5642	2016
5643	1711
5644	1781
5645	1701
5646	1712
5647	1802
5648	2071
5649	1820
5650	1748
5651	1876
5652	1809
5653	1845
5654	1669
5655	1768
5656	1845
5657	2039
5658	1787
5659	1825
5660	1903
5661	1917
5662	1976
5663	1734
5664	1817
5665	1895
5666	1790
5667	1846
5668	1743
5669	1781
5670	1828
5671	1801
5672	1851
5673	1818
5674	1856
5675	1782
5676	1972
5677	1787
5678	1967
5679	1811
5680	1826
5681	1821
5682	1861
5683	1906
5684	1689
5685	1808
5686	1805
5687	1739
5688	1791
5689	1642
5690	1759
5691	1760
5692	1735
5693	1691
5694	1827
5695	1862
5696	1701
5697	1651
5698	2055
5699	1744
5700	1697
5701	1812
5702	1743
5703	1824
5704	1752
5705	1725
5706	1872
5707	1681
5708	1628
5709	1657
5710	1724
5711	1719
5712	1820
5713	1730
5714	1689
5715	1687
5716	1787
5717	1639
5718	1627
5719	1774
5720	1661
5721	1672
5722	1625
5723	1550
5724	1626
5725	1542
5726	1558
5727	1556
5728	1643
5729	1476
5730	1550
5731	1720
5732	1616
5733	1521
5734	1692
5735	1542
5736	1619
5737	1478
5738	1493
5739	1431
5740	1606
5741	1509
5742	1523
5743	1487
5744	1543
5745	1491
5746	1507
5747	1561
5748	1594
5749	1519
5750	1536
5751	1461
5752	1538
5753	1547
5754	1536
5755	1572
5756	1712
5757	1594
5758	1586
5759	1546
5760	1651
5761	1528
5762	1530
5763	1563
5764	1684
5765	1659
5766	1614
5767	1654
5768	1502
5769	1715
5770	1550
5771	1614
5772	1532
5773	1596
5774	1574
5775	1562
5776	1505
5777	1688
5778	1529
5779	1589
5780	1595
5781	1719
5782	1663
5783	1627
5784	1569
5785	1576
5786	1553
5787	1602
5788	1482
5789	1464
5790	1527
5791	1667
5792	1685
5793	1648
5794	1580
5795	1605
5796	1607
5797	1564
5798	1583
5799	1579
5800	1616
5801	1546
5802	1481
5803	1623
5804	1669
5805	1518
5806	1671
5807	1502
5808	1502
5809	1591
5810	1739
5811	1483
5812	1586
5813	1441
5814	1605
5815	1732
5816	1636
5817	1592
5818	1517
5819	1516
5820	1570
5821	1531
5822	1824
5823	1593
5824	1577
5825	1717
5826	1632
5827	1844
5828	1684
5829	1545
5830	1698
5831	1590
5832	1622
5833	1681
5834	1652
5835	1616
5836	1593
5837	1649
5838	1614
5839	1698
5840	1699
5841	1587
5842	1605
5843	1638
5844	1556
5845	1622
5846	1696
5847	1681
5848	1743
5849	1609
5850	1513
5851	1602
5852	1649
5853	1533
5854	1706
5855	1550
5856	1552
5857	1559
5858	1501
5859	1492
5860	1626
5861	1543
5862	1560
5863	1576
5864	1591
5865	1651
5866	1541
5867	1680
5868	1636
5869	1571
5870	1541
5871	1568
5872	1606
5873	1538
5874	1591
5875	1516
5876	1614
5877	1560
5878	1479
5879	1534
5880	1523
5881	1531
5882	1548
5883	1429
5884	1536
5885	1531
5886	1482
5887	1454
5888	1556
5889	1465
5890	1460
5891	1479
5892	1437
5893	1501
5894	1544
5895	1609
5896	1504
5897	1448
5898	1549
5899	1530
5900	1461
5901	1485
5902	1488
5903	1391
5904	1522
5905	1481
5906	1421
5907	1501
5908	1411
5909	1424
5910	1396
5911	1433
5912	1367
5913	1458
5914	1459
5915	1536
5916	1481
5917	1469
5918	1414
5919	1409
5920	1454
5921	1476
5922	1427
5923	1339
5924	1461
5925	1410
5926	1483
5927	1475
5928	1440
5929	1592
5930	1423
5931	1540
5932	1464
5933	1545
5934	1518
5935	1472
5936	1523
5937	1323
5938	1476
5939	1511
5940	1486
5941	1441
5942	1380
5943	1444
5944	1401
5945	1441
5946	1437
5947	1453
5948	1464
5949	1404
5950	1407
5951	1550
5952	1463
5953	1432
5954	1463
5955	1405
5956	1397
5957	1380
5958	1473
5959	1514
5960	1474
5961	1552
5962	1560
5963	1531
5964	1554
5965	1472
5966	1482
5967	1511
5968	1419
5969	1363
5970	1467
5971	1463
5972	1484
5973	1470
5974	1489
5975	1408
5976	1437
5977	1472
5978	1468
5979	1540
5980	1534
5981	1537
5982	1540
5983	1444
5984	1427
5985	1579
5986	1537
5987	1454
5988	1501
5989	1471
5990	1581
5991	1582
5992	1405
5993	1642
5994	1484
5995	1434
5996	1579
5997	1471
5998	1534
5999	1488
6000	1415
6001	1644
6002	1591
6003	1567
6004	1534
6005	1510
6006	1497
6007	1452
6008	1540
6009	1487
6010	1600
6011	1416
6012	1521
6013	1451
6014	1568
6015	1473
6016	1457
6017	1467
6018	1474
6019	1573
6020	1648
6021	1423
6022	1505
6023	1461
6024	1521
6025	1525
6026	1426
6027	1559
6028	1553
6029	1607
6030	1541
6031	1562
6032	1519
6033	1458
6034	1399
6035	1426
6036	1457
6037	1517
6038	1516
6039	1567
6040	1561
6041	1453
6042	1441
6043	1536
6044	1589
6045	1461
6046	1523
6047	1448
6048	1562
6049	1545
6050	1490
6051	1477
6052	1560
6053	1375
6054	1404
6055	1433
6056	1554
6057	1522
6058	1430
6059	1527
6060	1432
6061	1523
6062	1442
6063	1441
6064	1412
6065	1376
6066	1418
6067	1400
6068	1497
6069	1429
6070	1430
6071	1414
6072	1499
6073	1400
6074	1407
6075	1403
6076	1366
6077	1388
6078	1367
6079	1442
6080	1408
6081	1315
6082	1448
6083	1368
6084	1423
6085	1413
6086	1401
6087	1408
6088	1317
6089	1350
6090	1385
6091	1377
6092	1364
6093	1459
6094	1357
6095	1404
6096	1410
6097	1305
6098	1318
6099	1437
6100	1355
6101	1327
6102	1324
6103	1393
6104	1367
6105	1428
6106	1343
6107	1398
6108	1489
6109	1471
6110	1444
6111	1429
6112	1460
6113	1371
6114	1374
6115	1512
6116	1387
6117	1336
6118	1402
6119	1382
6120	1363
6121	1441
6122	1329
6123	1411
6124	1410
6125	1357
6126	1358
6127	1455
6128	1472
6129	1407
6130	1365
6131	1344
6132	1388
6133	1353
6134	1413
6135	1372
6136	1351
6137	1414
6138	1400
6139	1337
6140	1417
6141	1281
6142	1393
6143	1495
6144	1368
6145	1296
6146	1334
6147	1320
6148	1400
6149	1279
6150	1232
6151	1291
6152	1315
6153	1387
6154	1257
6155	1284
6156	1308
6157	1353
6158	1251
6159	1199
6160	1264
6161	1239
6162	1298
6163	1284
6164	1316
6165	1317
6166	1214
6167	1316
6168	1225
6169	1338
6170	1287
6171	1198
6172	1252
6173	1328
6174	1222
6175	1388
6176	1225
6177	1268
6178	1256
6179	1163
6180	1166
6181	1237
6182	1197
6183	1248
6184	1381
6185	1322
6186	1149
6187	1166
6188	1310
6189	1265
6190	1287
6191	1344
6192	1257
6193	1188
6194	1213
6195	1153
6196	1157
6197	1219
6198	1212
6199	1138
6200	1288
6201	1195
6202	1211
6203	1243
6204	1207
6205	1260
6206	1187
6207	1225
6208	1188
6209	1263
6210	1207
6211	1140
6212	1267
6213	1222
6214	1224
6215	1227
6216	1281
6217	1267
6218	1254
6219	1169
6220	1137
6221	1309
6222	1161
6223	1226
6224	1277
6225	1128
6226	1201
6227	1236
6228	1188
6229	1247
6230	1129
6231	1181
6232	1221
6233	1260
6234	1203
6235	1269
6236	1183
6237	1175
6238	1215
6239	1221
6240	1224
6241	1309
6242	1299
6243	1237
6244	1198
6245	1201
6246	1245
6247	1349
6248	1230
6249	1312
6250	1273
6251	1335
6252	1251
6253	1262
6254	1300
6255	1164
6256	1369
6257	1232
6258	1242
6259	1290
6260	1294
6261	1300
6262	1293
6263	1275
6264	1245
6265	1268
6266	1235
6267	1228
6268	1362
6269	1325
6270	1290
6271	1242
6272	1238
6273	1274
6274	1259
6275	1246
6276	1246
6277	1283
6278	1268
6279	1226
6280	1209
6281	1238
6282	1237
6283	1296
6284	1280
6285	1234
6286	1273
6287	1295
6288	1257
6289	1228
6290	1303
6291	1269
6292	1314
6293	1322
6294	1265
6295	1241
6296	1194
6297	1304
6298	1337
6299	1311
6300	1270
6301	1292
6302	1336
6303	1210
6304	1213
6305	1228
6306	1270
6307	1305
6308	1236
6309	1189
6310	1204
6311	1274
6312	1247
6313	1323
6314	1295
6315	1309
6316	1320
6317	1370
6318	1234
6319	1268
6320	1327
6321	1340
6322	1339
6323	1320
6324	1288
6325	1304
6326	1250
6327	1342
6328	1364
6329	1278
6330	1333
6331	1282
6332	1352
6333	1277
6334	1336
6335	1363
6336	1297
6337	1332
6338	1328
6339	1332
6340	1262
6341	1304
6342	1328
6343	1414
6344	1266
6345	1261
6346	1337
6347	1357
6348	1385
6349	1340
6350	1385
6351	1301
6352	1270
6353	1375
6354	1298
6355	1279
6356	1269
6357	1296
6358	1374
6359	1234
6360	1304
6361	1340
6362	1326
6363	1303
6364	1355
6365	1233
6366	1278
6367	1352
6368	1355
6369	1311
6370	1366
6371	1406
6372	1328
6373	1482
6374	1434
6375	1373
6376	1349
6377	1375
6378	1417
6379	1365
6380	1505
6381	1479
6382	1297
6383	1450
6384	1377
6385	1474
6386	1255
6387	1279
6388	1387
6389	1471
6390	1437
6391	1291
6392	1332
6393	1400
6394	1430
6395	1404
6396	1412
6397	1299
6398	1308
6399	1437
6400	1493
6401	1394
6402	1461
6403	1312
6404	1315
6405	1388
6406	1290
6407	1397
6408	1391
6409	1288
6410	1394
6411	1350
6412	1361
6413	1399
6414	1418
6415	1519
6416	1367
6417	1397
6418	1395
6419	1288
6420	1328
6421	1339
6422	1350
6423	1467
6424	1388
6425	1336
6426	1375
6427	1368
6428	1480
6429	1436
6430	1431
6431	1450
6432	1298
6433	1344
6434	1346
6435	1416
6436	1428
6437	1554
6438	1377
6439	1490
6440	1389
6441	1320
6442	1406
6443	1316
6444	1314
6445	1383
6446	1322
6447	1381
6448	1410
6449	1426
6450	1376
6451	1400
6452	1368
6453	1454
6454	1339
6455	1405
6456	1370
6457	1368
6458	1496
6459	1332
6460	1387
6461	1347
6462	1389
6463	1391
6464	1415
6465	1311
6466	1355
6467	1401
6468	1451
6469	1321
6470	1401
6471	1384
6472	1394
6473	1395
6474	1356
6475	1345
6476	1418
6477	1385
6478	1430
6479	1298
6480	1517
6481	1392
6482	1350
6483	1374
6484	1439
6485	1396
6486	1370
6487	1564
6488	1542
6489	1359
6490	1563
6491	1462
6492	1378
6493	1389
6494	1434
6495	1525
6496	1423
6497	1478
6498	1417
6499	1417
6500	1419
6501	1450
6502	1419
6503	1472
6504	1418
6505	1525
6506	1527
6507	1497
6508	1512
6509	1508
6510	1529
6511	1503
6512	1475
6513	1504
6514	1481
6515	1514
6516	1536
6517	1391
6518	1414
6519	1548
6520	1481
6521	1432
6522	1529
6523	1450
6524	1414
6525	1483
6526	1432
6527	1479
6528	1400
6529	1440
6530	1409
6531	1393
6532	1493
6533	1404
6534	1447
6535	1496
6536	1414
6537	1370
6538	1406
6539	1408
6540	1411
6541	1502
6542	1386
6543	1359
6544	1378
6545	1464
6546	1444
6547	1435
6548	1325
6549	1285
6550	1370
6551	1411
6552	1469
6553	1399
6554	1383
6555	1349
6556	1350
6557	1381
6558	1456
6559	1360
6560	1373
6561	1321
6562	1382
6563	1359
6564	1319
6565	1252
6566	1445
6567	1339
6568	1341
6569	1320
6570	1394
6571	1405
6572	1426
6573	1292
6574	1381
6575	1324
6576	1262
6577	1344
6578	1305
6579	1290
6580	1420
6581	1425
6582	1306
6583	1293
6584	1237
6585	1297
6586	1279
6587	1233
6588	1266
6589	1353
6590	1434
6591	1265
6592	1184
6593	1259
6594	1255
6595	1359
6596	1340
6597	1265
6598	1252
6599	1216
6600	1326
6601	1276
6602	1356
6603	1202
6604	1310
6605	1285
6606	1242
6607	1261
6608	1294
6609	1242
6610	1276
6611	1196
6612	1288
6613	1238
6614	1205
6615	1202
6616	1323
6617	1204
6618	1236
6619	1281
6620	1280
6621	1302
6622	1260
6623	1363
6624	1247
6625	1197
6626	1210
6627	1212
6628	1305
6629	1305
6630	1242
6631	1175
6632	1237
6633	1266
6634	1187
6635	1273
6636	1159
6637	1165
6638	1182
6639	1275
6640	1164
6641	1180
6642	1201
6643	1214
6644	1105
6645	1117
6646	1228
6647	1150
6648	1122
6649	1183
6650	1134
6651	1219
6652	1095
6653	1137
6654	1166
6655	1184
6656	1149
6657	1213
6658	1088
6659	1222
6660	1144
6661	1149
6662	1207
6663	1174
6664	1145
6665	1201
6666	1136
6667	1191
6668	1075
6669	1151
6670	1145
6671	1135
6672	1137
6673	1129
6674	1235
6675	1109
6676	1137
6677	1097
6678	1221
6679	1188
6680	1252
6681	1118
6682	1121
6683	1089
6684	1127
6685	1197
6686	1102
6687	1150
6688	1132
6689	1175
6690	1189
6691	1050
6692	1133
6693	1196
6694	1193
6695	1092
6696	1225
6697	1106
6698	1205
6699	1098
6700	1118
6701	1239
6702	1109
6703	1201
6704	1129
6705	1115
6706	1072
6707	1054
6708	1126
6709	1128
6710	1110
6711	1146
6712	1162
6713	1114
6714	1188
6715	1146
6716	1137
6717	1083
6718	1100
6719	1121
6720	1287
6721	1140
6722	1198
6723	1247
6724	1121
6725	1221
6726	1228
6727	1174
6728	1163
6729	1150
6730	1114
6731	1229
6732	1241
6733	1287
6734	1341
6735	1207
6736	1148
6737	1162
6738	1179
6739	1116
6740	1253
6741	1186
6742	1212
6743	1107
6744	1137
6745	1232
6746	1127
6747	1174
6748	1135
6749	1158
6750	1166
6751	1156
6752	1174
6753	1204
6754	1136
6755	1175
6756	1220
6757	1195
6758	1142
6759	1273
6760	1272
6761	1250
6762	1154
6763	1217
6764	1103
6765	1184
6766	1208
6767	1101
6768	1077
6769	1099
6770	1213
6771	1190
6772	1133
6773	1198
6774	1176
6775	1120
6776	1115
6777	1196
6778	1138
6779	1234
6780	1155
6781	1219
6782	1156
6783	1170
6784	1028
6785	1232
6786	1130
6787	1174
6788	1122
6789	1168
6790	1131
6791	1092
6792	1076
6793	1077
6794	1106
6795	1144
6796	1141
6797	1128
6798	1163
6799	1104
6800	1124
6801	1131
6802	1112
6803	1163
6804	1097
6805	1190
6806	1197
6807	1189
6808	1040
6809	1118
6810	1175
6811	1079
6812	1157
6813	1105
6814	1121
6815	1158
6816	1125
6817	1174
6818	1108
6819	1145
6820	1107
6821	1161
6822	1200
6823	1200
6824	1146
6825	1178
6826	1251
6827	1162
6828	1177
6829	1103
6830	1146
6831	1110
6832	1175
6833	1147
6834	1199
6835	1076
6836	1160
6837	1158
6838	1214
6839	1207
6840	1125
6841	1121
6842	1165
6843	1132
6844	1126
6845	1153
6846	1244
6847	1159
6848	1149
6849	1246
6850	1146
6851	1203
6852	1190
6853	1166
6854	1164
6855	1246
6856	1171
6857	1244
6858	1193
6859	1148
6860	1131
6861	1148
6862	1147
6863	1225
6864	1203
6865	1153
6866	1195
6867	1122
6868	1194
6869	1129
6870	1217
6871	1202
6872	1211
6873	1115
6874	1192
6875	1150
6876	1172
6877	1180
6878	1132
6879	1243
6880	1164
6881	1200
6882	1167
6883	1057
6884	1204
6885	1188
6886	1108
6887	1161
6888	1128
6889	1105
6890	1044
6891	1115
6892	1160
6893	1121
6894	1143
6895	1165
6896	1195
6897	1182
6898	1099
6899	1114
6900	1143
6901	1196
6902	1102
6903	1105
6904	1070
6905	1143
6906	1159
6907	1153
6908	1180
6909	1132
6910	1136
6911	1050
6912	1170
6913	1136
6914	1118
6915	1142
6916	1132
6917	1094
6918	1147
6919	1104
6920	1205
6921	1229
6922	1140
6923	1185
6924	1106
6925	1116
6926	1162
6927	1136
6928	1109
6929	1156
6930	1050
6931	1214
6932	1117
6933	1080
6934	1135
6935	1136
6936	1081
6937	1118
6938	1079
6939	1145
6940	1077
6941	1054
6942	1046
6943	1153
6944	1151
6945	1189
6946	1110
6947	1083
6948	1136
6949	1155
6950	1177
6951	1131
6952	1068
6953	1151
6954	1103
6955	1164
6956	1093
6957	1098
6958	1023
6959	1183
6960	1094
6961	1156
6962	1198
6963	1178
6964	1096
6965	1047
6966	1092
6967	1074
6968	1184
6969	1107
6970	1138
6971	1131
6972	1133
6973	1169
6974	1186
6975	1055
6976	1071
6977	1117
6978	1250
6979	1228
6980	1097
6981	1195
6982	1094
6983	1087
6984	1117
6985	1063
6986	1098
6987	1062
6988	1137
6989	1080
6990	1011
6991	1161
6992	1181
6993	1223
6994	1193
6995	1139
6996	1054
6997	1178
6998	1223
6999	1202
7000	1138
7001	1136
7002	1190
7003	1222
7004	1081
7005	1089
7006	1122
7007	1093
7008	1150
7009	1109
7010	1187
7011	1228
7012	1161
7013	1156
7014	1078
7015	1162
7016	1079
7017	1131
7018	1084
7019	1088
7020	1129
7021	1175
7022	1020
7023	1061
7024	1126
7025	1194
7026	1146
7027	1180
7028	1035
7029	1142
7030	1075
7031	1256
7032	1141
7033	1061
7034	1103
7035	1122
7036	1060
7037	1112
7038	1125
7039	1149
7040	1036
7041	1054
7042	1086
7043	1073
7044	1130
7045	1080
7046	1106
7047	1169
7048	1140
7049	1154
7050	1194
7051	1127
7052	1180
7053	1182
7054	1097
7055	1162
7056	1114
7057	1095
7058	1163
7059	1144
7060	1065
7061	1115
7062	1131
7063	1057
7064	1267
7065	1134
7066	1159
7067	1184
7068	1167
7069	1172
7070	1210
7071	1112
7072	1117
7073	1074
7074	1111
7075	1109
7076	1171
7077	1268
7078	1190
7079	1125
7080	1112
7081	1145
7082	1205
7083	1287
7084	1171
7085	1225
7086	1209
7087	1160
7088	1086
7089	1158
7090	1300
7091	1157
7092	1072
7093	1132
7094	1224
7095	1183
7096	1149
7097	1204
7098	1192
7099	1141
7100	1126
7101	1140
7102	1229
7103	1157
7104	1184
7105	1172
7106	1230
7107	1167
7108	1188
7109	1102
7110	1207
7111	1145
7112	1209
7113	1121
7114	1183
7115	1138
7116	1166
7117	1092
7118	1227
7119	1123
7120	1145
7121	1214
7122	1133
7123	1203
7124	1157
7125	1213
7126	1181
7127	1244
7128	1181
7129	1108
7130	1105
7131	1135
7132	1092
7133	1147
7134	1238
7135	1122
7136	1193
7137	1165
7138	1170
7139	1209
7140	1178
7141	1162
7142	1108
7143	1163
7144	1280
7145	1186
7146	1122
7147	1168
7148	1138
7149	1184
7150	1170
7151	1191
7152	1192
7153	1143
7154	1188
7155	1188
7156	1144
7157	1147
7158	1192
7159	1114
7160	1138
7161	1228
7162	1164
7163	1158
7164	1100
7165	1164
7166	1236
7167	1247
7168	1122
7169	1227
7170	1253
7171	1075
7172	1225
7173	1080
7174	1238
7175	1255
7176	1201
7177	1189
7178	1344
7179	1290
7180	1270
7181	1167
7182	1184
7183	1249
7184	1118
7185	1203
7186	1223
7187	1218
7188	1260
7189	1137
7190	1274
7191	1123
7192	1221
7193	1210
7194	1190
7195	1113
7196	1150
7197	1228
7198	1212
7199	1287
7200	1206
7201	1240
7202	1114
7203	1236
7204	1222
7205	1213
7206	1194
7207	1361
7208	1213
7209	1149
7210	1167
7211	1215
7212	1288
7213	1149
7214	1248
7215	1150
7216	1280
7217	1041
7218	1193
7219	1117
7220	1123
7221	1221
7222	1380
7223	1315
7224	1174
7225	1232
7226	1232
7227	1102
7228	1186
7229	1130
7230	1154
7231	993
7232	1167
7233	1114
7234	1106
7235	1136
7236	1118
7237	1162
7238	1197
7239	1158
7240	1125
7241	1174
7242	1219
7243	1218
7244	1128
7245	1197
7246	1220
7247	1121
7248	1304
7249	1115
7250	1389
7251	1295
7252	1169
7253	1149
7254	1261
7255	1151
7256	1101
7257	1235
7258	1217
7259	1132
7260	1116
7261	1123
7262	1097
7263	1140
7264	1128
7265	1170
7266	1168
7267	1154
7268	1191
7269	1098
7270	1167
7271	1106
7272	1122
7273	1062
7274	1116
7275	1109
7276	1069
7277	1140
7278	1117
7279	1191
7280	1163
7281	1159
7282	1014
7283	1103
7284	1072
7285	1075
7286	1087
7287	1125
7288	1053
7289	1106
7290	1112
7291	1000
7292	965
7293	1026
7294	943
7295	1000
7296	991
7297	1111
7298	965
7299	1006
7300	1017
7301	1079
7302	994
7303	1147
7304	1066
7305	1019
7306	996
7307	1072
7308	964
7309	964
7310	1045
7311	1026
7312	1061
7313	946
7314	1134
7315	1074
7316	953
7317	999
7318	1006
7319	1065
7320	965
7321	949
7322	1064
7323	1046
7324	1026
7325	997
7326	1050
7327	980
7328	952
7329	1035
7330	955
7331	957
7332	1024
7333	1032
7334	976
7335	962
7336	976
7337	1044
7338	1019
7339	1029
7340	1063
7341	1031
7342	906
7343	972
7344	970
7345	1009
7346	992
7347	881
7348	1117
7349	1006
7350	1004
7351	963
7352	853
7353	945
7354	1018
7355	949
7356	929
7357	985
7358	964
7359	958
7360	942
7361	1044
7362	1006
7363	988
7364	1001
7365	988
7366	1006
7367	871
7368	976
7369	1002
7370	913
7371	991
7372	998
7373	890
7374	993
7375	929
7376	981
7377	881
7378	1005
7379	905
7380	884
7381	931
7382	937
7383	996
7384	939
7385	1017
7386	922
7387	902
7388	920
7389	957
7390	979
7391	972
7392	1066
7393	959
7394	968
7395	1063
7396	995
7397	1034
7398	944
7399	904
7400	913
7401	1030
7402	1067
7403	1030
7404	957
7405	953
7406	1037
7407	1039
7408	947
7409	938
7410	934
7411	974
7412	905
7413	952
7414	887
7415	957
7416	979
7417	957
7418	1080
7419	1041
7420	1010
7421	1026
7422	915
7423	1061
7424	1010
7425	1078
7426	1056
7427	1032
7428	940
7429	1015
7430	953
7431	937
7432	907
7433	1039
7434	1014
7435	966
7436	1024
7437	1028
7438	1019
7439	970
7440	1043
7441	1036
7442	1021
7443	1094
7444	1039
7445	1054
7446	1078
7447	928
7448	983
7449	920
7450	997
7451	872
7452	1019
7453	1018
7454	933
7455	907
7456	973
7457	1002
7458	892
7459	893
7460	953
7461	850
7462	913
7463	870
7464	903
7465	810
7466	897
7467	897
7468	934
7469	964
7470	849
7471	791
7472	862
7473	904
7474	946
7475	911
7476	840
7477	880
7478	852
7479	902
7480	961
7481	956
7482	940
7483	1006
7484	850
7485	957
7486	851
7487	900
7488	873
7489	931
7490	841
7491	893
7492	875
7493	897
7494	917
7495	847
7496	830
7497	889
7498	870
7499	835
7500	859
7501	781
7502	884
7503	853
7504	878
7505	852
7506	823
7507	973
7508	787
7509	865
7510	855
7511	970
7512	894
7513	839
7514	915
7515	838
7516	823
7517	834
7518	892
7519	812
7520	845
7521	876
7522	847
7523	872

