## htsjdk.samtools.metrics.StringHeader
# CollectInsertSizeMetrics HISTOGRAM_FILE=/work/ugbogu/pipeline/data/nbl/GSE189367/results/picard/SRR17011006_insert_size_histogram.pdf MINIMUM_PCT=0.5 INPUT=/work/ugbogu/pipeline/data/nbl/GSE189367/results/star/SRR17011006.Aligned.sortedByCoord.out.bam OUTPUT=/work/ugbogu/pipeline/data/nbl/GSE189367/results/picard/SRR17011006_insert_size_metrics.txt    DEVIATIONS=10.0 METRIC_ACCUMULATION_LEVEL=[ALL_READS] INCLUDE_DUPLICATES=false ASSUME_SORTED=true STOP_AFTER=0 VERBOSITY=INFO QUIET=false VALIDATION_STRINGENCY=STRICT COMPRESSION_LEVEL=5 MAX_RECORDS_IN_RAM=500000 CREATE_INDEX=false CREATE_MD5_FILE=false USE_JDK_DEFLATER=false USE_JDK_INFLATER=false
## htsjdk.samtools.metrics.StringHeader
# Started on: Wed Apr 15 16:10:02 UTC 2026

## METRICS CLASS	picard.analysis.InsertSizeMetrics
MEDIAN_INSERT_SIZE	MODE_INSERT_SIZE	MEDIAN_ABSOLUTE_DEVIATION	MIN_INSERT_SIZE	MAX_INSERT_SIZE	MEAN_INSERT_SIZE	STANDARD_DEVIATION	READ_PAIRS	PAIR_ORIENTATION	WIDTH_OF_10_PERCENT	WIDTH_OF_20_PERCENT	WIDTH_OF_30_PERCENT	WIDTH_OF_40_PERCENT	WIDTH_OF_50_PERCENT	WIDTH_OF_60_PERCENT	WIDTH_OF_70_PERCENT	WIDTH_OF_80_PERCENT	WIDTH_OF_90_PERCENT	WIDTH_OF_95_PERCENT	WIDTH_OF_99_PERCENT	SAMPLE	LIBRARY	READ_GROUP
932	136	796	26	3198624	1519.863514	1958.725394	29354137	FR	599	1119	1395	1523	1593	1679	3977	9071	27473	116331	153761			

## HISTOGRAM	java.lang.Integer
insert_size	All_Reads.fr_count
26	2
29	1
30	8
31	4
32	3
33	10
34	31
35	306
36	294
37	307
38	345
39	329
40	378
41	377
42	418
43	432
44	422
45	451
46	402
47	455
48	559
49	621
50	554
51	607
52	664
53	680
54	593
55	694
56	841
57	895
58	888
59	1058
60	1157
61	1293
62	1345
63	1443
64	1590
65	1688
66	1820
67	2237
68	2358
69	2578
70	2712
71	3428
72	3315
73	4507
74	4764
75	9848
76	5787
77	5358
78	6640
79	6704
80	6851
81	7753
82	8226
83	9435
84	10121
85	10751
86	12238
87	13313
88	14445
89	17325
90	17561
91	18567
92	20646
93	21197
94	23748
95	26075
96	29708
97	32882
98	33671
99	36924
100	38350
101	39414
102	41178
103	43703
104	48284
105	49884
106	52326
107	53899
108	54971
109	59183
110	60479
111	61967
112	63801
113	66400
114	67915
115	70069
116	72626
117	75258
118	80641
119	78468
120	81667
121	87136
122	85482
123	92102
124	91479
125	87699
126	85693
127	88182
128	87666
129	86269
130	88840
131	88825
132	88665
133	94007
134	93099
135	91478
136	94469
137	92998
138	90503
139	90505
140	90654
141	90120
142	90036
143	89219
144	88602
145	86826
146	85706
147	87767
148	84830
149	85122
150	82569
151	84181
152	82064
153	81179
154	79895
155	78538
156	77366
157	77261
158	76006
159	73230
160	74160
161	72255
162	72154
163	71183
164	69522
165	66779
166	66794
167	66657
168	65014
169	66013
170	64686
171	63452
172	61763
173	61045
174	59993
175	58973
176	58460
177	56284
178	57611
179	55901
180	54890
181	54146
182	54745
183	52400
184	51777
185	50797
186	50641
187	50680
188	50511
189	48404
190	48280
191	48179
192	47357
193	46763
194	45675
195	44292
196	44358
197	44733
198	43996
199	43060
200	42794
201	42229
202	42326
203	42331
204	41441
205	40493
206	39461
207	38918
208	39184
209	38186
210	37714
211	37946
212	37683
213	37488
214	36036
215	36102
216	34965
217	34901
218	35141
219	34047
220	34373
221	34595
222	32834
223	32200
224	32221
225	31264
226	32211
227	31626
228	31826
229	31182
230	31587
231	30794
232	30249
233	30669
234	29987
235	29489
236	29305
237	28831
238	29195
239	28509
240	28027
241	27661
242	27161
243	26631
244	26965
245	26768
246	26179
247	25884
248	26067
249	25521
250	25787
251	25034
252	24852
253	24757
254	23940
255	23352
256	24189
257	23519
258	23587
259	23651
260	23138
261	23084
262	23046
263	23233
264	22944
265	22729
266	22187
267	21952
268	22577
269	21480
270	21819
271	21398
272	20838
273	20698
274	20927
275	20663
276	21144
277	20414
278	19985
279	20161
280	19872
281	19945
282	19668
283	19653
284	19399
285	19084
286	18782
287	18647
288	18310
289	18568
290	18179
291	17964
292	18216
293	17830
294	18350
295	17645
296	17747
297	16651
298	17446
299	16981
300	16328
301	16840
302	16803
303	16882
304	16685
305	16060
306	16000
307	16255
308	16304
309	15967
310	15773
311	15679
312	15714
313	15381
314	15189
315	15103
316	14862
317	14842
318	14690
319	14602
320	14323
321	14999
322	14579
323	14436
324	14315
325	13909
326	14183
327	13904
328	13886
329	13638
330	13039
331	13634
332	13102
333	13342
334	13175
335	13268
336	13448
337	13196
338	12922
339	12912
340	12708
341	12620
342	12704
343	12785
344	12868
345	12638
346	12601
347	12468
348	12513
349	11921
350	12145
351	11970
352	12128
353	11942
354	11891
355	11885
356	11713
357	12266
358	11878
359	11931
360	11819
361	11677
362	11511
363	11378
364	11138
365	10900
366	11343
367	11386
368	11424
369	10824
370	11132
371	10991
372	10687
373	10701
374	10208
375	10762
376	10568
377	10694
378	10525
379	10378
380	10309
381	10387
382	10188
383	10119
384	10530
385	10276
386	10526
387	10561
388	9989
389	9639
390	9507
391	10263
392	9758
393	10090
394	10081
395	9776
396	10090
397	9912
398	9634
399	9394
400	9838
401	9735
402	9815
403	9470
404	9453
405	9225
406	9089
407	9432
408	9039
409	9195
410	9306
411	9052
412	8838
413	9137
414	9008
415	8650
416	8952
417	8995
418	9019
419	8890
420	8636
421	8707
422	8350
423	8787
424	8906
425	8975
426	8863
427	8645
428	8821
429	8781
430	8469
431	8371
432	8348
433	8137
434	8490
435	8385
436	8465
437	8582
438	8107
439	7976
440	8462
441	8484
442	8582
443	8126
444	8665
445	7908
446	8471
447	8359
448	8206
449	8413
450	8189
451	7997
452	8077
453	8283
454	8276
455	8520
456	8316
457	7643
458	7454
459	8010
460	7830
461	7758
462	7588
463	7733
464	7701
465	7878
466	7537
467	7583
468	6986
469	7514
470	7579
471	7680
472	7732
473	7693
474	7168
475	7173
476	7464
477	7720
478	7385
479	7285
480	7309
481	6894
482	7185
483	7042
484	7036
485	7206
486	6996
487	7349
488	7166
489	7258
490	7069
491	6983
492	7289
493	7128
494	6967
495	7178
496	6996
497	6973
498	7119
499	7224
500	7179
501	7182
502	7000
503	7210
504	7041
505	7175
506	6886
507	7211
508	7065
509	7168
510	7122
511	6949
512	7207
513	7089
514	7062
515	6889
516	6984
517	6909
518	7110
519	7132
520	7141
521	6934
522	7152
523	6784
524	6975
525	6953
526	6930
527	6942
528	6687
529	6733
530	7041
531	6852
532	6716
533	6834
534	6872
535	7091
536	7218
537	7234
538	7164
539	7112
540	7116
541	7313
542	7107
543	7025
544	7005
545	7103
546	6866
547	6899
548	6872
549	6797
550	6668
551	6746
552	6880
553	6710
554	6618
555	6858
556	6691
557	6900
558	6743
559	6509
560	6684
561	6513
562	6738
563	6721
564	6630
565	6575
566	6634
567	6802
568	6663
569	6635
570	6829
571	6675
572	6514
573	6544
574	6604
575	6602
576	6712
577	6980
578	6799
579	6515
580	6505
581	6596
582	6430
583	6839
584	6586
585	6716
586	6589
587	6525
588	6547
589	6667
590	6450
591	6574
592	6751
593	6458
594	6338
595	6570
596	6556
597	6583
598	6511
599	6627
600	6299
601	6703
602	6314
603	6402
604	6303
605	6415
606	6296
607	6088
608	6183
609	6200
610	6240
611	6351
612	6043
613	6219
614	6170
615	6206
616	6123
617	6192
618	6181
619	6241
620	6301
621	6137
622	6097
623	5858
624	6375
625	6465
626	6382
627	6260
628	6108
629	5835
630	6189
631	6210
632	6200
633	6378
634	6520
635	6433
636	6385
637	6253
638	6197
639	6132
640	6154
641	6195
642	6070
643	6053
644	6051
645	5967
646	6211
647	6111
648	5925
649	6670
650	5774
651	6009
652	6121
653	5938
654	6205
655	6082
656	5954
657	6047
658	5976
659	6391
660	6120
661	5959
662	6055
663	6423
664	6080
665	6178
666	6198
667	5963
668	6113
669	6336
670	6322
671	5982
672	6131
673	6081
674	6140
675	5867
676	6169
677	5983
678	6325
679	6001
680	6213
681	5895
682	6182
683	6105
684	6093
685	5847
686	5738
687	5965
688	5881
689	5890
690	6302
691	6443
692	6429
693	6294
694	6140
695	6306
696	6416
697	6147
698	5890
699	6092
700	6004
701	6330
702	6096
703	6108
704	5971
705	6230
706	5877
707	6165
708	6152
709	5792
710	5894
711	6071
712	6095
713	5882
714	6003
715	6166
716	6117
717	6051
718	6019
719	6175
720	5858
721	5795
722	5729
723	6014
724	6110
725	6017
726	6004
727	5962
728	5600
729	6117
730	5920
731	5931
732	5951
733	6063
734	5783
735	6051
736	5928
737	5840
738	5899
739	5767
740	5942
741	5929
742	5960
743	5720
744	5707
745	5807
746	5555
747	5627
748	5772
749	5532
750	5856
751	5590
752	5747
753	5873
754	5610
755	5551
756	5574
757	5790
758	5830
759	5973
760	5528
761	5674
762	5859
763	5550
764	5658
765	5622
766	5722
767	5577
768	5801
769	5636
770	5442
771	5578
772	5652
773	5453
774	5609
775	5616
776	5490
777	5522
778	5457
779	5400
780	5683
781	5431
782	5491
783	5355
784	5672
785	5681
786	5916
787	5603
788	5714
789	5362
790	5210
791	5554
792	5505
793	5844
794	5895
795	5826
796	5558
797	5388
798	5537
799	5241
800	5256
801	5471
802	5766
803	5656
804	5765
805	5443
806	5765
807	5501
808	5239
809	5360
810	5068
811	5178
812	5133
813	5149
814	5524
815	5469
816	5392
817	5400
818	4923
819	5366
820	5199
821	5273
822	5260
823	5333
824	5169
825	5101
826	4963
827	5172
828	5094
829	5090
830	5230
831	4858
832	5138
833	5219
834	5011
835	4971
836	4976
837	5431
838	5362
839	4948
840	5238
841	5187
842	4876
843	5188
844	5083
845	5142
846	5125
847	5052
848	5044
849	4925
850	4963
851	5078
852	4839
853	5082
854	4953
855	5059
856	4924
857	5161
858	5086
859	5148
860	5076
861	4937
862	4832
863	4857
864	5131
865	4957
866	5101
867	5003
868	5068
869	5065
870	4743
871	5030
872	4985
873	4788
874	5070
875	4884
876	4956
877	5152
878	4642
879	4833
880	4923
881	4915
882	5155
883	4724
884	5037
885	4873
886	4886
887	4675
888	4738
889	4808
890	5224
891	5054
892	4973
893	4987
894	4879
895	5008
896	5055
897	5078
898	4711
899	4728
900	4967
901	4863
902	4728
903	4926
904	4772
905	4750
906	4947
907	4760
908	4646
909	4646
910	4628
911	5031
912	4785
913	4623
914	4859
915	4881
916	5021
917	4780
918	4993
919	5013
920	4843
921	4865
922	5041
923	5117
924	4843
925	5002
926	4887
927	4986
928	5060
929	5084
930	5100
931	4843
932	5056
933	5131
934	5083
935	5021
936	5238
937	5036
938	5151
939	5186
940	4881
941	5165
942	5106
943	4967
944	5196
945	4979
946	5107
947	4995
948	4981
949	5004
950	4902
951	5020
952	5227
953	4937
954	4811
955	5011
956	4975
957	4921
958	4721
959	4704
960	4481
961	4801
962	4638
963	4757
964	4840
965	4983
966	5050
967	4683
968	4796
969	4772
970	4708
971	4648
972	5024
973	4914
974	4838
975	4942
976	4813
977	4950
978	4660
979	4908
980	4809
981	4762
982	4648
983	4527
984	4597
985	4768
986	4836
987	4537
988	4661
989	4559
990	4607
991	4605
992	4600
993	4650
994	4564
995	4349
996	4651
997	4301
998	4581
999	4575
1000	4641
1001	4372
1002	4575
1003	4350
1004	4424
1005	4465
1006	4305
1007	4514
1008	4360
1009	4466
1010	4436
1011	4551
1012	4504
1013	4373
1014	4735
1015	4442
1016	4369
1017	4569
1018	4359
1019	4438
1020	4355
1021	4393
1022	4454
1023	4050
1024	4288
1025	4521
1026	4524
1027	4313
1028	4184
1029	4369
1030	4274
1031	4163
1032	4256
1033	4250
1034	4328
1035	4133
1036	4316
1037	4222
1038	4101
1039	4362
1040	4116
1041	4318
1042	4070
1043	4185
1044	4095
1045	4254
1046	4021
1047	4139
1048	4333
1049	4083
1050	4055
1051	4043
1052	4335
1053	4213
1054	3922
1055	4172
1056	4264
1057	4161
1058	4178
1059	4231
1060	4190
1061	3922
1062	4105
1063	3968
1064	4183
1065	4085
1066	3897
1067	4214
1068	4057
1069	4039
1070	4091
1071	4028
1072	4001
1073	4078
1074	3825
1075	4113
1076	4105
1077	4183
1078	4252
1079	4011
1080	3932
1081	4015
1082	4053
1083	4033
1084	4116
1085	4235
1086	4275
1087	4114
1088	3894
1089	4293
1090	3958
1091	3920
1092	4101
1093	3945
1094	4061
1095	4170
1096	4029
1097	4048
1098	3839
1099	4341
1100	3997
1101	3954
1102	4148
1103	3993
1104	4364
1105	4216
1106	4011
1107	3958
1108	4128
1109	4166
1110	3994
1111	4168
1112	4237
1113	4372
1114	4242
1115	4003
1116	4243
1117	4126
1118	4097
1119	4059
1120	4291
1121	4075
1122	4230
1123	4011
1124	4007
1125	3902
1126	4049
1127	4049
1128	4267
1129	4138
1130	3892
1131	4075
1132	3894
1133	4060
1134	4112
1135	4064
1136	4140
1137	4149
1138	3933
1139	4161
1140	4053
1141	4342
1142	4150
1143	4161
1144	4249
1145	4299
1146	4265
1147	4171
1148	4094
1149	4319
1150	4065
1151	4343
1152	4153
1153	4017
1154	4123
1155	4297
1156	4477
1157	4495
1158	4378
1159	4364
1160	4122
1161	4168
1162	4385
1163	4316
1164	4230
1165	4169
1166	4265
1167	4318
1168	3906
1169	4010
1170	3854
1171	3894
1172	3787
1173	4067
1174	4250
1175	4131
1176	3932
1177	3867
1178	3946
1179	3884
1180	4136
1181	4015
1182	4064
1183	4072
1184	4186
1185	4249
1186	4050
1187	3863
1188	4066
1189	3758
1190	3792
1191	4104
1192	4018
1193	4012
1194	3914
1195	3985
1196	4072
1197	4049
1198	3661
1199	3944
1200	3924
1201	4013
1202	3870
1203	3852
1204	4125
1205	4134
1206	3852
1207	3939
1208	3936
1209	3909
1210	4123
1211	4013
1212	4118
1213	3930
1214	3976
1215	3831
1216	3969
1217	3918
1218	4175
1219	3945
1220	3976
1221	3837
1222	4036
1223	4032
1224	4005
1225	4115
1226	3991
1227	4104
1228	4317
1229	4083
1230	4205
1231	4316
1232	3954
1233	4226
1234	3865
1235	4011
1236	3917
1237	4060
1238	4028
1239	3964
1240	4239
1241	4111
1242	4253
1243	3986
1244	3896
1245	4004
1246	4064
1247	4130
1248	3914
1249	3748
1250	4090
1251	4235
1252	4176
1253	4292
1254	4146
1255	4430
1256	4235
1257	4369
1258	4241
1259	4198
1260	3992
1261	4213
1262	4106
1263	4346
1264	4352
1265	4411
1266	4387
1267	4514
1268	4347
1269	4289
1270	4208
1271	4148
1272	4185
1273	4064
1274	4042
1275	3877
1276	3728
1277	3690
1278	3872
1279	3943
1280	3980
1281	4031
1282	3910
1283	3923
1284	3972
1285	3956
1286	3898
1287	3938
1288	4018
1289	3945
1290	4075
1291	3823
1292	3906
1293	3958
1294	3908
1295	3782
1296	3622
1297	4010
1298	3768
1299	4026
1300	3971
1301	3979
1302	3839
1303	4051
1304	3867
1305	4093
1306	4018
1307	3934
1308	4078
1309	3791
1310	3942
1311	3707
1312	3835
1313	3935
1314	4588
1315	4273
1316	3836
1317	4321
1318	4139
1319	4013
1320	3875
1321	3822
1322	3916
1323	3759
1324	3609
1325	3670
1326	3899
1327	3682
1328	3802
1329	3728
1330	3673
1331	3791
1332	3550
1333	3763
1334	3815
1335	3495
1336	3508
1337	3687
1338	3615
1339	3610
1340	3716
1341	3811
1342	3615
1343	3731
1344	3574
1345	3561
1346	3592
1347	3584
1348	3489
1349	3698
1350	3641
1351	3738
1352	3654
1353	3658
1354	3654
1355	3506
1356	3607
1357	3840
1358	3512
1359	3601
1360	3673
1361	3682
1362	3591
1363	3727
1364	3549
1365	3557
1366	3578
1367	3367
1368	3697
1369	3435
1370	3714
1371	3688
1372	3624
1373	3565
1374	3544
1375	3499
1376	3703
1377	3639
1378	3634
1379	3349
1380	3610
1381	3521
1382	3560
1383	3630
1384	3721
1385	3539
1386	3586
1387	3625
1388	3616
1389	3473
1390	3335
1391	3370
1392	3632
1393	3334
1394	3523
1395	3536
1396	3392
1397	3474
1398	3434
1399	3367
1400	3504
1401	3499
1402	3409
1403	3472
1404	3382
1405	3367
1406	3408
1407	3403
1408	3231
1409	3353
1410	3265
1411	3505
1412	3396
1413	3299
1414	3416
1415	3193
1416	3302
1417	3367
1418	3399
1419	3302
1420	3220
1421	3473
1422	3295
1423	3341
1424	3195
1425	3463
1426	3374
1427	3419
1428	3392
1429	3460
1430	3350
1431	3458
1432	3221
1433	3434
1434	3286
1435	3172
1436	3388
1437	3379
1438	3143
1439	3338
1440	3422
1441	3381
1442	3372
1443	3300
1444	3278
1445	3171
1446	3295
1447	3277
1448	3185
1449	3489
1450	3299
1451	3357
1452	3279
1453	3418
1454	3429
1455	3415
1456	3296
1457	3376
1458	3460
1459	3634
1460	3336
1461	3508
1462	3365
1463	3403
1464	3431
1465	3274
1466	3369
1467	3518
1468	3420
1469	3379
1470	3415
1471	3307
1472	3426
1473	3472
1474	3374
1475	3359
1476	3228
1477	3514
1478	3592
1479	3341
1480	3267
1481	3230
1482	3419
1483	3519
1484	3469
1485	3300
1486	3574
1487	3523
1488	3439
1489	3675
1490	3562
1491	3496
1492	3581
1493	3741
1494	3513
1495	3589
1496	3476
1497	3688
1498	3707
1499	3937
1500	4029
1501	3619
1502	3551
1503	3382
1504	3597
1505	3489
1506	3613
1507	3863
1508	3344
1509	3515
1510	3603
1511	3398
1512	3475
1513	3354
1514	3429
1515	3635
1516	3557
1517	3557
1518	3503
1519	3525
1520	3290
1521	3579
1522	3590
1523	3593
1524	3702
1525	3703
1526	3838
1527	3567
1528	3717
1529	3508
1530	3660
1531	3646
1532	3713
1533	3683
1534	3648
1535	3489
1536	3712
1537	3686
1538	3547
1539	3710
1540	3616
1541	3584
1542	3846
1543	3420
1544	3660
1545	3555
1546	3477
1547	3811
1548	3722
1549	3757
1550	3505
1551	3719
1552	3569
1553	3822
1554	3826
1555	3860
1556	4099
1557	3688
1558	3675
1559	3729
1560	3632
1561	3682
1562	3501
1563	3774
1564	3386
1565	3449
1566	3504
1567	3678
1568	3741
1569	3551
1570	3514
1571	3590
1572	3767
1573	3682
1574	3823
1575	3704
1576	3463
1577	3267
1578	3435
1579	3394
1580	3583
1581	3498
1582	3660
1583	3458
1584	3546
1585	3974
1586	3677
1587	3810
1588	3552
1589	3545
1590	3484
1591	3415
1592	3422
1593	3425
1594	3576
1595	3456
1596	3506
1597	3312
1598	3354
1599	3368
1600	3297
1601	3500
1602	3537
1603	3743
1604	3337
1605	3624
1606	3264
1607	3601
1608	3652
1609	3486
1610	3240
1611	3222
1612	3308
1613	3309
1614	3199
1615	3373
1616	3417
1617	3195
1618	3255
1619	3509
1620	3210
1621	3364
1622	3413
1623	3426
1624	3251
1625	3493
1626	3419
1627	3397
1628	3226
1629	3371
1630	3283
1631	3077
1632	3268
1633	3171
1634	3335
1635	3400
1636	3238
1637	3242
1638	3355
1639	3478
1640	3364
1641	3158
1642	3291
1643	3288
1644	3131
1645	3389
1646	3255
1647	3251
1648	3344
1649	3362
1650	3184
1651	3350
1652	3329
1653	3245
1654	3284
1655	3376
1656	3096
1657	2975
1658	3136
1659	3183
1660	3049
1661	3348
1662	3158
1663	3364
1664	3349
1665	3160
1666	3250
1667	3246
1668	3195
1669	3180
1670	3564
1671	3406
1672	3654
1673	3335
1674	3479
1675	3327
1676	3308
1677	3155
1678	3141
1679	3210
1680	3377
1681	3366
1682	3293
1683	3317
1684	3058
1685	3336
1686	3284
1687	3318
1688	3395
1689	3353
1690	3358
1691	3388
1692	3289
1693	3546
1694	3342
1695	3220
1696	3212
1697	3387
1698	3490
1699	2961
1700	3089
1701	3277
1702	3192
1703	3484
1704	3437
1705	3212
1706	3504
1707	3361
1708	3362
1709	3487
1710	3551
1711	3115
1712	3291
1713	3459
1714	3373
1715	3531
1716	3399
1717	3458
1718	3161
1719	3155
1720	3305
1721	3230
1722	3347
1723	3298
1724	3237
1725	3091
1726	3155
1727	3431
1728	3264
1729	3297
1730	3251
1731	3416
1732	3298
1733	3430
1734	3422
1735	3280
1736	3261
1737	3477
1738	3441
1739	3299
1740	3151
1741	3075
1742	3277
1743	3284
1744	3183
1745	3276
1746	3300
1747	3209
1748	3299
1749	3375
1750	3088
1751	3086
1752	3343
1753	3091
1754	3366
1755	3332
1756	3300
1757	3267
1758	3347
1759	3338
1760	3075
1761	3159
1762	3043
1763	3146
1764	3333
1765	3234
1766	3131
1767	3300
1768	3291
1769	3203
1770	3142
1771	3464
1772	3201
1773	3235
1774	3148
1775	3116
1776	3138
1777	3180
1778	3016
1779	3125
1780	3041
1781	3253
1782	2889
1783	3001
1784	2911
1785	3002
1786	2916
1787	3009
1788	2958
1789	2968
1790	2971
1791	2785
1792	3115
1793	2904
1794	3135
1795	2982
1796	2871
1797	3046
1798	2793
1799	2939
1800	2909
1801	2838
1802	2886
1803	2859
1804	2912
1805	2811
1806	2942
1807	2825
1808	2842
1809	2879
1810	3042
1811	2793
1812	2761
1813	2672
1814	2774
1815	2634
1816	2614
1817	2799
1818	2752
1819	2892
1820	2670
1821	2745
1822	2707
1823	2688
1824	2708
1825	2820
1826	2674
1827	2879
1828	2792
1829	2660
1830	2768
1831	2780
1832	2781
1833	2653
1834	2707
1835	2579
1836	2742
1837	2646
1838	2649
1839	2647
1840	2718
1841	2571
1842	2599
1843	2705
1844	2577
1845	2638
1846	2528
1847	2524
1848	2742
1849	2681
1850	2629
1851	2718
1852	2605
1853	2617
1854	2904
1855	2557
1856	2538
1857	2630
1858	2705
1859	2692
1860	2615
1861	2631
1862	2989
1863	2623
1864	2760
1865	2745
1866	2560
1867	2685
1868	2498
1869	2649
1870	2704
1871	2660
1872	2752
1873	2789
1874	2514
1875	2613
1876	2509
1877	2402
1878	2542
1879	2511
1880	2457
1881	2563
1882	2544
1883	2644
1884	2557
1885	2570
1886	2633
1887	2711
1888	2639
1889	2502
1890	2579
1891	2585
1892	2729
1893	2686
1894	2652
1895	2627
1896	2795
1897	2736
1898	2589
1899	2515
1900	2676
1901	2530
1902	2741
1903	2585
1904	2555
1905	2671
1906	2811
1907	2653
1908	2764
1909	2575
1910	2524
1911	2814
1912	2642
1913	2571
1914	2761
1915	2666
1916	2652
1917	2538
1918	2587
1919	2589
1920	2714
1921	2468
1922	2885
1923	2656
1924	2633
1925	2721
1926	2686
1927	2683
1928	2595
1929	2629
1930	2578
1931	2576
1932	2502
1933	2794
1934	2703
1935	2604
1936	2508
1937	2686
1938	2627
1939	2765
1940	2739
1941	2597
1942	2797
1943	2735
1944	2628
1945	2656
1946	2697
1947	2599
1948	2675
1949	2670
1950	2866
1951	2810
1952	2826
1953	2906
1954	2698
1955	2857
1956	2826
1957	2852
1958	2715
1959	2719
1960	2735
1961	2998
1962	2896
1963	2805
1964	2865
1965	2942
1966	2873
1967	2888
1968	2889
1969	2844
1970	2870
1971	2992
1972	3000
1973	2819
1974	2942
1975	2882
1976	3024
1977	2745
1978	2893
1979	3108
1980	2976
1981	3179
1982	3035
1983	2987
1984	3030
1985	3037
1986	2947
1987	3123
1988	3042
1989	3057
1990	3183
1991	3385
1992	3552
1993	3232
1994	3238
1995	3311
1996	3269
1997	3024
1998	3235
1999	3423
2000	3093
2001	3307
2002	3484
2003	3207
2004	3274
2005	3119
2006	3260
2007	3173
2008	3398
2009	3517
2010	3217
2011	3111
2012	3121
2013	3353
2014	3289
2015	3215
2016	3265
2017	3275
2018	3275
2019	3338
2020	3349
2021	3256
2022	3263
2023	3348
2024	3483
2025	3405
2026	3303
2027	3219
2028	3427
2029	3310
2030	3279
2031	3319
2032	3130
2033	3350
2034	3105
2035	3224
2036	3182
2037	3124
2038	3210
2039	3261
2040	3224
2041	3072
2042	3173
2043	3081
2044	3142
2045	3041
2046	3287
2047	3268
2048	3148
2049	3010
2050	3311
2051	3022
2052	3164
2053	3244
2054	3376
2055	3334
2056	3521
2057	3395
2058	3179
2059	3262
2060	3144
2061	3273
2062	3294
2063	3077
2064	3263
2065	3075
2066	3150
2067	3037
2068	2975
2069	3046
2070	2791
2071	3271
2072	2988
2073	2933
2074	2997
2075	2987
2076	2758
2077	2905
2078	2953
2079	2982
2080	2942
2081	2980
2082	2973
2083	2948
2084	3002
2085	2828
2086	2809
2087	2865
2088	3034
2089	2758
2090	2941
2091	2974
2092	2752
2093	2720
2094	2726
2095	2765
2096	2810
2097	2797
2098	2645
2099	2749
2100	2831
2101	2791
2102	2852
2103	2687
2104	2851
2105	2629
2106	2795
2107	2851
2108	2876
2109	2826
2110	2817
2111	2728
2112	2539
2113	2609
2114	2520
2115	2640
2116	2811
2117	2572
2118	2756
2119	2670
2120	2660
2121	2615
2122	2623
2123	2692
2124	2781
2125	2584
2126	2658
2127	2685
2128	2665
2129	2683
2130	2663
2131	2655
2132	2630
2133	2730
2134	2587
2135	2761
2136	2688
2137	2597
2138	2547
2139	2507
2140	2422
2141	2459
2142	2621
2143	2591
2144	2543
2145	2601
2146	2623
2147	2573
2148	2650
2149	2501
2150	2409
2151	2523
2152	2585
2153	2499
2154	2506
2155	2406
2156	2527
2157	2445
2158	2538
2159	2630
2160	2468
2161	2581
2162	2300
2163	2570
2164	2374
2165	2525
2166	2612
2167	2517
2168	2609
2169	2531
2170	2510
2171	2584
2172	2533
2173	2408
2174	2373
2175	2457
2176	2484
2177	2568
2178	2581
2179	2654
2180	2496
2181	2512
2182	2611
2183	2486
2184	2648
2185	2612
2186	2554
2187	2507
2188	2459
2189	2462
2190	2437
2191	2564
2192	2475
2193	2379
2194	2387
2195	2471
2196	2369
2197	2457
2198	2643
2199	2519
2200	2690
2201	2671
2202	2513
2203	2575
2204	2603
2205	2839
2206	2684
2207	2633
2208	2540
2209	2684
2210	2590
2211	2635
2212	2621
2213	2381
2214	2438
2215	2513
2216	2452
2217	2504
2218	2488
2219	2539
2220	2545
2221	2686
2222	2511
2223	2514
2224	2590
2225	2806
2226	2634
2227	2514
2228	2467
2229	2446
2230	2556
2231	2482
2232	2556
2233	2858
2234	2653
2235	2704
2236	2683
2237	2648
2238	2726
2239	2773
2240	2673
2241	2638
2242	2944
2243	2633
2244	2698
2245	2579
2246	2593
2247	2581
2248	2661
2249	2591
2250	2678
2251	2504
2252	2612
2253	2756
2254	2801
2255	2670
2256	2623
2257	2692
2258	2696
2259	2810
2260	2828
2261	2893
2262	2729
2263	2598
2264	2805
2265	2705
2266	2621
2267	2437
2268	2590
2269	2603
2270	2657
2271	2633
2272	2586
2273	2480
2274	2368
2275	2625
2276	2611
2277	2500
2278	2614
2279	2577
2280	2420
2281	2530
2282	2466
2283	2584
2284	2460
2285	2319
2286	2461
2287	2559
2288	2433
2289	2697
2290	2438
2291	2439
2292	2478
2293	2509
2294	2594
2295	2486
2296	2498
2297	2610
2298	2432
2299	2496
2300	2400
2301	2464
2302	2445
2303	2413
2304	2416
2305	2451
2306	2477
2307	2481
2308	2446
2309	2387
2310	2558
2311	2371
2312	2398
2313	2322
2314	2435
2315	2541
2316	2622
2317	2546
2318	2574
2319	2525
2320	2534
2321	2648
2322	2705
2323	2469
2324	2487
2325	2490
2326	2469
2327	2580
2328	2594
2329	2702
2330	2370
2331	2395
2332	2381
2333	2232
2334	2313
2335	2469
2336	2365
2337	2403
2338	2218
2339	2268
2340	2365
2341	2494
2342	2342
2343	2355
2344	2276
2345	2278
2346	2119
2347	2334
2348	2303
2349	2430
2350	2289
2351	2345
2352	2202
2353	2134
2354	2148
2355	2296
2356	2280
2357	2289
2358	2384
2359	2463
2360	2341
2361	2214
2362	2214
2363	2355
2364	2142
2365	2253
2366	2116
2367	2154
2368	2147
2369	2075
2370	2183
2371	2158
2372	2130
2373	2127
2374	2255
2375	2262
2376	2140
2377	2314
2378	2154
2379	1983
2380	2117
2381	2096
2382	2160
2383	2194
2384	2144
2385	2070
2386	2053
2387	2010
2388	1922
2389	2098
2390	1977
2391	2066
2392	2175
2393	2042
2394	2021
2395	1976
2396	2021
2397	1971
2398	1964
2399	2131
2400	2047
2401	1989
2402	1962
2403	2004
2404	1864
2405	2223
2406	2074
2407	2045
2408	2100
2409	2024
2410	1944
2411	2021
2412	2068
2413	1905
2414	1874
2415	2042
2416	1994
2417	2055
2418	1835
2419	1898
2420	2033
2421	2065
2422	1870
2423	1889
2424	2057
2425	1950
2426	1861
2427	1976
2428	1969
2429	2089
2430	1898
2431	2013
2432	1807
2433	1858
2434	1879
2435	1953
2436	1871
2437	1902
2438	1820
2439	1785
2440	1905
2441	1923
2442	1900
2443	1851
2444	1836
2445	1980
2446	1972
2447	1983
2448	1899
2449	1952
2450	2023
2451	1905
2452	1916
2453	1952
2454	1837
2455	1967
2456	1911
2457	1974
2458	1942
2459	1914
2460	1771
2461	1857
2462	2019
2463	1847
2464	1785
2465	1884
2466	2055
2467	1830
2468	1761
2469	1949
2470	1835
2471	1967
2472	1930
2473	2058
2474	1935
2475	1851
2476	2026
2477	1990
2478	1989
2479	1890
2480	1974
2481	1893
2482	1953
2483	1943
2484	1899
2485	1918
2486	2016
2487	1995
2488	2118
2489	1810
2490	2178
2491	2067
2492	2000
2493	2120
2494	1998
2495	2011
2496	2005
2497	1976
2498	1925
2499	1929
2500	1934
2501	2107
2502	1927
2503	2035
2504	1911
2505	1942
2506	2072
2507	2008
2508	1977
2509	1973
2510	1931
2511	2009
2512	1996
2513	1910
2514	2106
2515	1921
2516	1999
2517	1954
2518	1941
2519	2031
2520	1977
2521	1949
2522	1986
2523	1977
2524	1927
2525	1820
2526	2018
2527	1929
2528	1975
2529	1939
2530	1907
2531	1977
2532	1938
2533	1866
2534	2048
2535	2075
2536	1956
2537	1892
2538	1907
2539	1912
2540	1916
2541	2061
2542	1906
2543	1847
2544	1864
2545	1817
2546	1894
2547	1906
2548	1823
2549	1817
2550	1853
2551	1970
2552	1853
2553	1929
2554	1893
2555	1814
2556	1806
2557	2074
2558	1927
2559	1950
2560	1887
2561	1868
2562	1920
2563	1915
2564	1764
2565	1915
2566	2074
2567	1922
2568	1892
2569	1936
2570	2029
2571	1925
2572	1979
2573	1771
2574	1862
2575	1855
2576	1877
2577	1810
2578	1942
2579	1797
2580	1928
2581	1884
2582	1822
2583	1886
2584	1890
2585	1818
2586	1801
2587	1782
2588	1955
2589	1828
2590	1880
2591	1984
2592	1891
2593	1773
2594	1763
2595	1844
2596	1767
2597	1822
2598	1968
2599	1801
2600	1802
2601	1864
2602	1819
2603	1773
2604	1886
2605	1868
2606	1860
2607	1970
2608	1683
2609	1714
2610	1951
2611	1812
2612	1868
2613	1786
2614	1729
2615	1826
2616	1831
2617	1831
2618	1842
2619	1972
2620	1757
2621	1835
2622	1922
2623	1861
2624	1805
2625	1937
2626	1892
2627	1836
2628	1873
2629	1893
2630	1777
2631	1953
2632	1837
2633	1819
2634	1941
2635	1981
2636	1857
2637	1955
2638	1900
2639	2169
2640	2117
2641	2214
2642	1963
2643	2036
2644	1878
2645	2014
2646	2097
2647	2015
2648	1912
2649	1968
2650	1796
2651	2093
2652	2190
2653	2095
2654	2174
2655	2078
2656	2129
2657	1914
2658	1938
2659	2109
2660	1882
2661	2042
2662	1841
2663	2092
2664	1908
2665	1965
2666	1931
2667	2100
2668	2163
2669	2149
2670	1923
2671	1967
2672	2012
2673	1919
2674	1883
2675	1980
2676	2042
2677	2030
2678	1974
2679	2043
2680	2039
2681	2052
2682	1924
2683	2034
2684	2245
2685	2208
2686	2095
2687	2123
2688	2126
2689	2067
2690	2115
2691	2043
2692	1995
2693	1973
2694	1943
2695	2024
2696	2044
2697	2041
2698	2124
2699	2093
2700	2114
2701	2002
2702	2216
2703	1911
2704	2247
2705	2158
2706	2176
2707	2078
2708	2148
2709	2219
2710	2404
2711	2345
2712	2027
2713	1988
2714	2071
2715	2032
2716	2150
2717	2086
2718	2045
2719	2177
2720	2043
2721	2156
2722	2010
2723	2037
2724	1901
2725	1883
2726	1964
2727	2047
2728	1876
2729	2029
2730	1819
2731	2031
2732	1914
2733	1885
2734	1768
2735	1903
2736	2009
2737	1969
2738	1988
2739	1866
2740	1819
2741	1904
2742	1905
2743	1912
2744	1907
2745	1872
2746	1895
2747	1944
2748	1852
2749	1915
2750	1845
2751	1895
2752	1743
2753	1803
2754	1912
2755	1855
2756	1774
2757	1905
2758	1818
2759	1839
2760	1806
2761	1875
2762	1957
2763	1864
2764	1928
2765	1805
2766	1952
2767	1858
2768	1885
2769	1807
2770	2018
2771	1860
2772	1839
2773	1863
2774	1862
2775	1932
2776	1845
2777	1797
2778	1640
2779	1734
2780	1760
2781	1809
2782	1649
2783	1797
2784	1806
2785	1674
2786	1604
2787	1756
2788	1709
2789	1645
2790	1785
2791	1778
2792	1660
2793	1743
2794	1714
2795	1721
2796	1600
2797	1595
2798	1799
2799	1700
2800	1900
2801	1697
2802	1573
2803	1628
2804	1685
2805	1689
2806	1682
2807	1748
2808	1732
2809	1788
2810	1738
2811	1629
2812	1655
2813	1799
2814	1718
2815	1564
2816	1778
2817	1787
2818	1792
2819	1778
2820	1653
2821	1861
2822	1766
2823	1802
2824	1739
2825	1856
2826	1860
2827	1765
2828	1612
2829	1485
2830	1673
2831	1695
2832	1683
2833	1690
2834	1709
2835	1735
2836	1611
2837	1710
2838	1651
2839	1632
2840	1627
2841	1702
2842	1821
2843	1612
2844	1552
2845	1706
2846	1559
2847	1685
2848	1817
2849	1665
2850	1676
2851	1630
2852	1660
2853	1637
2854	1698
2855	1653
2856	1872
2857	1698
2858	1678
2859	1677
2860	1582
2861	1786
2862	1874
2863	2005
2864	1836
2865	1852
2866	1640
2867	1707
2868	1696
2869	1703
2870	1705
2871	1590
2872	1576
2873	1661
2874	1577
2875	1664
2876	1638
2877	1592
2878	1778
2879	1646
2880	1581
2881	1584
2882	1687
2883	1683
2884	1593
2885	1536
2886	1701
2887	1661
2888	1711
2889	1603
2890	1672
2891	1622
2892	1635
2893	1618
2894	1689
2895	1603
2896	1507
2897	1643
2898	1656
2899	1633
2900	1552
2901	1723
2902	1699
2903	1687
2904	1601
2905	1584
2906	1672
2907	1683
2908	1664
2909	1668
2910	1593
2911	1613
2912	1507
2913	1742
2914	1559
2915	1601
2916	1581
2917	1675
2918	1597
2919	1512
2920	1646
2921	1677
2922	1590
2923	1656
2924	1517
2925	1546
2926	1529
2927	1600
2928	1642
2929	1635
2930	1634
2931	1680
2932	1673
2933	1627
2934	1573
2935	1612
2936	1633
2937	1635
2938	1582
2939	1494
2940	1551
2941	1661
2942	1768
2943	1700
2944	1635
2945	1708
2946	1735
2947	1600
2948	1700
2949	1639
2950	1619
2951	1601
2952	1678
2953	1673
2954	1719
2955	1644
2956	1593
2957	1571
2958	1578
2959	1621
2960	1726
2961	1576
2962	1590
2963	1737
2964	1667
2965	1543
2966	1602
2967	1635
2968	1600
2969	1735
2970	1626
2971	1592
2972	1685
2973	1735
2974	1791
2975	1777
2976	1594
2977	1767
2978	1533
2979	1754
2980	1548
2981	1621
2982	1774
2983	1742
2984	1666
2985	1710
2986	1535
2987	1810
2988	1691
2989	1711
2990	1788
2991	1656
2992	1694
2993	1616
2994	1765
2995	1754
2996	1769
2997	1778
2998	1698
2999	1791
3000	1681
3001	1632
3002	1823
3003	1762
3004	1749
3005	1805
3006	1822
3007	1755
3008	1761
3009	1867
3010	1687
3011	1712
3012	1658
3013	1759
3014	1709
3015	1687
3016	1596
3017	1693
3018	1797
3019	1691
3020	1746
3021	1686
3022	1861
3023	1820
3024	1561
3025	1639
3026	1550
3027	1651
3028	1730
3029	1712
3030	1671
3031	1687
3032	1574
3033	1676
3034	1674
3035	1692
3036	1678
3037	1765
3038	1740
3039	1728
3040	1757
3041	1766
3042	1705
3043	1614
3044	1606
3045	1644
3046	1596
3047	1861
3048	1693
3049	1890
3050	1857
3051	1717
3052	1787
3053	1932
3054	1837
3055	1892
3056	1890
3057	1892
3058	1886
3059	1885
3060	1792
3061	1777
3062	2081
3063	2018
3064	1856
3065	1807
3066	1835
3067	1800
3068	1767
3069	1864
3070	1923
3071	1915
3072	1783
3073	1834
3074	1613
3075	1679
3076	1768
3077	1892
3078	1751
3079	1902
3080	1914
3081	1748
3082	1834
3083	1710
3084	1780
3085	1937
3086	1900
3087	1905
3088	1721
3089	1737
3090	1736
3091	1615
3092	1716
3093	1713
3094	1801
3095	1781
3096	1787
3097	1793
3098	1617
3099	1776
3100	1685
3101	1831
3102	1723
3103	1830
3104	1758
3105	1743
3106	1774
3107	1808
3108	1776
3109	1818
3110	1803
3111	1646
3112	1717
3113	1743
3114	1681
3115	1719
3116	1813
3117	1711
3118	1739
3119	1687
3120	1629
3121	1775
3122	1597
3123	1719
3124	1648
3125	1619
3126	1750
3127	1665
3128	1634
3129	1661
3130	1747
3131	1596
3132	1528
3133	1672
3134	1581
3135	1735
3136	1617
3137	1649
3138	1640
3139	1743
3140	1765
3141	1753
3142	1712
3143	1810
3144	1700
3145	1635
3146	1603
3147	1675
3148	1626
3149	1678
3150	1592
3151	1768
3152	1643
3153	1525
3154	1491
3155	1641
3156	1586
3157	1711
3158	1638
3159	1779
3160	1742
3161	1717
3162	1593
3163	1504
3164	1655
3165	1767
3166	1818
3167	1798
3168	1672
3169	1590
3170	1696
3171	1691
3172	1558
3173	1665
3174	1637
3175	1547
3176	1689
3177	1689
3178	1608
3179	1654
3180	1597
3181	1662
3182	1556
3183	1675
3184	1711
3185	1587
3186	1628
3187	1588
3188	1628
3189	1730
3190	1676
3191	1647
3192	1737
3193	1578
3194	1601
3195	1666
3196	1643
3197	1828
3198	1711
3199	1667
3200	1616
3201	1714
3202	1590
3203	1713
3204	1781
3205	1663
3206	1624
3207	1735
3208	1713
3209	1712
3210	1572
3211	1838
3212	1575
3213	1733
3214	1610
3215	1551
3216	1628
3217	1560
3218	1595
3219	1729
3220	1617
3221	1817
3222	1841
3223	1665
3224	1719
3225	1638
3226	1743
3227	1652
3228	1493
3229	1597
3230	1619
3231	1730
3232	1608
3233	1678
3234	1849
3235	1643
3236	1736
3237	1836
3238	1854
3239	1718
3240	1696
3241	1694
3242	1699
3243	1545
3244	1865
3245	1619
3246	1611
3247	1584
3248	1647
3249	1702
3250	1781
3251	1758
3252	1757
3253	1829
3254	1713
3255	1799
3256	1670
3257	1625
3258	1740
3259	1702
3260	1958
3261	1629
3262	1696
3263	1757
3264	1662
3265	1831
3266	1721
3267	1620
3268	1637
3269	1757
3270	1753
3271	1750
3272	1700
3273	1708
3274	1726
3275	1736
3276	1745
3277	1640
3278	1629
3279	1768
3280	1790
3281	1693
3282	1667
3283	1822
3284	1852
3285	1785
3286	1692
3287	1666
3288	1787
3289	1630
3290	1690
3291	1817
3292	1765
3293	1733
3294	1862
3295	1780
3296	1773
3297	1696
3298	1834
3299	1658
3300	1779
3301	1863
3302	1864
3303	1719
3304	1779
3305	1837
3306	1709
3307	1794
3308	1846
3309	1803
3310	1721
3311	1829
3312	1829
3313	1664
3314	1672
3315	1783
3316	1800
3317	2015
3318	1790
3319	1894
3320	1755
3321	1876
3322	1897
3323	1869
3324	1729
3325	1771
3326	1729
3327	1768
3328	1618
3329	1821
3330	1908
3331	1684
3332	1697
3333	1754
3334	1668
3335	1704
3336	1729
3337	1708
3338	1786
3339	1737
3340	1808
3341	1736
3342	1885
3343	1741
3344	1788
3345	1732
3346	1690
3347	1751
3348	1734
3349	1781
3350	1675
3351	1762
3352	1648
3353	1555
3354	1651
3355	1597
3356	1655
3357	1615
3358	1563
3359	1774
3360	1602
3361	1624
3362	1682
3363	1585
3364	1466
3365	1456
3366	1595
3367	1594
3368	1562
3369	1596
3370	1535
3371	1602
3372	1551
3373	1622
3374	1639
3375	1496
3376	1536
3377	1637
3378	1362
3379	1568
3380	1633
3381	1430
3382	1417
3383	1492
3384	1418
3385	1543
3386	1507
3387	1419
3388	1402
3389	1371
3390	1392
3391	1538
3392	1428
3393	1338
3394	1397
3395	1456
3396	1525
3397	1521
3398	1580
3399	1403
3400	1428
3401	1432
3402	1540
3403	1446
3404	1557
3405	1382
3406	1505
3407	1473
3408	1424
3409	1541
3410	1479
3411	1449
3412	1451
3413	1462
3414	1488
3415	1570
3416	1485
3417	1481
3418	1520
3419	1598
3420	1499
3421	1525
3422	1501
3423	1494
3424	1550
3425	1416
3426	1375
3427	1444
3428	1371
3429	1517
3430	1355
3431	1447
3432	1452
3433	1493
3434	1430
3435	1548
3436	1375
3437	1450
3438	1461
3439	1408
3440	1536
3441	1488
3442	1521
3443	1515
3444	1516
3445	1409
3446	1256
3447	1287
3448	1391
3449	1500
3450	1355
3451	1412
3452	1402
3453	1336
3454	1390
3455	1412
3456	1382
3457	1325
3458	1371
3459	1386
3460	1451
3461	1285
3462	1353
3463	1413
3464	1381
3465	1401
3466	1448
3467	1380
3468	1410
3469	1418
3470	1356
3471	1383
3472	1470
3473	1288
3474	1293
3475	1289
3476	1321
3477	1415
3478	1299
3479	1312
3480	1354
3481	1197
3482	1273
3483	1397
3484	1368
3485	1277
3486	1336
3487	1324
3488	1428
3489	1361
3490	1255
3491	1203
3492	1421
3493	1257
3494	1274
3495	1270
3496	1236
3497	1327
3498	1337
3499	1291
3500	1406
3501	1359
3502	1256
3503	1375
3504	1310
3505	1176
3506	1420
3507	1336
3508	1317
3509	1363
3510	1330
3511	1361
3512	1230
3513	1294
3514	1252
3515	1339
3516	1450
3517	1356
3518	1194
3519	1305
3520	1346
3521	1372
3522	1435
3523	1267
3524	1419
3525	1422
3526	1436
3527	1393
3528	1360
3529	1304
3530	1328
3531	1286
3532	1253
3533	1339
3534	1363
3535	1310
3536	1297
3537	1339
3538	1276
3539	1296
3540	1329
3541	1326
3542	1257
3543	1205
3544	1363
3545	1397
3546	1344
3547	1305
3548	1351
3549	1297
3550	1430
3551	1352
3552	1350
3553	1238
3554	1283
3555	1298
3556	1286
3557	1464
3558	1458
3559	1436
3560	1383
3561	1237
3562	1456
3563	1295
3564	1273
3565	1337
3566	1324
3567	1221
3568	1314
3569	1327
3570	1370
3571	1277
3572	1411
3573	1316
3574	1404
3575	1384
3576	1427
3577	1421
3578	1354
3579	1367
3580	1365
3581	1360
3582	1414
3583	1524
3584	1334
3585	1529
3586	1553
3587	1351
3588	1484
3589	1338
3590	1384
3591	1365
3592	1418
3593	1515
3594	1584
3595	1432
3596	1353
3597	1464
3598	1390
3599	1345
3600	1398
3601	1263
3602	1412
3603	1358
3604	1377
3605	1492
3606	1386
3607	1371
3608	1360
3609	1440
3610	1419
3611	1460
3612	1320
3613	1500
3614	1451
3615	1396
3616	1375
3617	1510
3618	1582
3619	1483
3620	1448
3621	1421
3622	1445
3623	1445
3624	1303
3625	1318
3626	1437
3627	1428
3628	1404
3629	1326
3630	1347
3631	1324
3632	1320
3633	1437
3634	1374
3635	1315
3636	1226
3637	1386
3638	1491
3639	1459
3640	1459
3641	1311
3642	1256
3643	1433
3644	1524
3645	1374
3646	1431
3647	1330
3648	1381
3649	1448
3650	1319
3651	1324
3652	1480
3653	1313
3654	1343
3655	1463
3656	1402
3657	1449
3658	1361
3659	1503
3660	1406
3661	1330
3662	1365
3663	1340
3664	1352
3665	1446
3666	1352
3667	1326
3668	1390
3669	1227
3670	1392
3671	1242
3672	1363
3673	1465
3674	1331
3675	1461
3676	1360
3677	1355
3678	1458
3679	1302
3680	1401
3681	1366
3682	1321
3683	1412
3684	1332
3685	1399
3686	1308
3687	1257
3688	1333
3689	1247
3690	1352
3691	1447
3692	1389
3693	1343
3694	1405
3695	1286
3696	1292
3697	1394
3698	1427
3699	1450
3700	1448
3701	1454
3702	1399
3703	1433
3704	1361
3705	1288
3706	1349
3707	1333
3708	1380
3709	1391
3710	1300
3711	1411
3712	1489
3713	1364
3714	1365
3715	1447
3716	1415
3717	1465
3718	1307
3719	1235
3720	1353
3721	1389
3722	1357
3723	1313
3724	1323
3725	1295
3726	1535
3727	1387
3728	1268
3729	1504
3730	1348
3731	1411
3732	1347
3733	1481
3734	1294
3735	1269
3736	1299
3737	1255
3738	1293
3739	1230
3740	1354
3741	1282
3742	1259
3743	1246
3744	1249
3745	1270
3746	1402
3747	1255
3748	1375
3749	1347
3750	1376
3751	1175
3752	1265
3753	1415
3754	1325
3755	1383
3756	1362
3757	1374
3758	1464
3759	1399
3760	1279
3761	1317
3762	1223
3763	1167
3764	1142
3765	1282
3766	1336
3767	1306
3768	1309
3769	1392
3770	1362
3771	1390
3772	1422
3773	1395
3774	1465
3775	1282
3776	1293
3777	1307
3778	1287
3779	1304
3780	1165
3781	1255
3782	1195
3783	1263
3784	1304
3785	1264
3786	1283
3787	1326
3788	1296
3789	1205
3790	1291
3791	1233
3792	1245
3793	1180
3794	1154
3795	1215
3796	1154
3797	1190
3798	1353
3799	1250
3800	1201
3801	1299
3802	1209
3803	1276
3804	1170
3805	1162
3806	1205
3807	1249
3808	1135
3809	1225
3810	1216
3811	1229
3812	1069
3813	1237
3814	1136
3815	1297
3816	1216
3817	1205
3818	1378
3819	1283
3820	1106
3821	1231
3822	1203
3823	1203
3824	1059
3825	1112
3826	1105
3827	1161
3828	1109
3829	1239
3830	1158
3831	1082
3832	1069
3833	1172
3834	1165
3835	1005
3836	1139
3837	1194
3838	1089
3839	1015
3840	1075
3841	1105
3842	1098
3843	1093
3844	1124
3845	1168
3846	1116
3847	1105
3848	1122
3849	1186
3850	1122
3851	1100
3852	1064
3853	1205
3854	1179
3855	1108
3856	1239
3857	1247
3858	1102
3859	1168
3860	1064
3861	1147
3862	1099
3863	1093
3864	927
3865	1029
3866	1123
3867	1164
3868	1155
3869	1212
3870	1170
3871	1073
3872	1106
3873	1157
3874	1162
3875	1070
3876	1148
3877	1173
3878	1181
3879	1210
3880	1125
3881	1243
3882	1267
3883	1162
3884	1148
3885	1146
3886	1200
3887	1176
3888	1148
3889	1181
3890	1158
3891	1127
3892	1155
3893	1288
3894	1187
3895	1184
3896	1156
3897	1272
3898	1224
3899	1302
3900	1167
3901	1182
3902	1195
3903	1213
3904	1166
3905	1195
3906	1190
3907	1138
3908	1067
3909	1276
3910	1268
3911	1146
3912	1223
3913	1146
3914	1130
3915	1271
3916	1261
3917	1211
3918	1260
3919	1255
3920	1234
3921	1193
3922	1100
3923	1272
3924	1274
3925	1234
3926	1211
3927	1228
3928	1263
3929	1220
3930	1257
3931	1167
3932	1311
3933	1160
3934	1219
3935	1169
3936	1332
3937	1363
3938	1346
3939	1232
3940	1076
3941	1220
3942	1257
3943	1147
3944	1214
3945	1230
3946	1412
3947	1187
3948	1265
3949	1270
3950	1180
3951	1284
3952	1236
3953	1288
3954	1314
3955	1261
3956	1333
3957	1294
3958	1247
3959	1257
3960	1295
3961	1212
3962	1260
3963	1202
3964	1328
3965	1301
3966	1272
3967	1227
3968	1206
3969	1193
3970	1213
3971	1280
3972	1232
3973	1233
3974	1314
3975	1247
3976	1277
3977	1269
3978	1255
3979	1298
3980	1155
3981	1259
3982	1241
3983	1269
3984	1257
3985	1184
3986	1126
3987	1291
3988	1163
3989	1124
3990	1207
3991	1181
3992	1204
3993	1128
3994	1166
3995	1230
3996	1163
3997	1104
3998	1092
3999	1162
4000	1217
4001	1212
4002	1280
4003	1191
4004	1201
4005	1093
4006	1119
4007	1170
4008	1190
4009	1195
4010	1244
4011	1163
4012	1261
4013	1204
4014	1167
4015	1175
4016	1095
4017	1203
4018	1096
4019	1195
4020	1214
4021	1167
4022	1255
4023	1190
4024	1228
4025	1141
4026	1205
4027	1229
4028	1163
4029	1065
4030	1198
4031	1243
4032	1234
4033	1163
4034	1156
4035	1288
4036	1109
4037	1150
4038	1208
4039	1107
4040	1178
4041	1147
4042	1235
4043	1198
4044	1025
4045	1074
4046	1125
4047	1209
4048	1160
4049	1193
4050	1302
4051	1166
4052	1230
4053	1234
4054	1087
4055	1172
4056	1128
4057	1174
4058	1164
4059	1089
4060	1182
4061	1199
4062	1193
4063	1120
4064	1189
4065	1288
4066	1276
4067	1227
4068	1200
4069	1313
4070	1090
4071	1080
4072	1121
4073	1180
4074	1070
4075	1135
4076	1233
4077	1208
4078	1194
4079	1154
4080	1162
4081	1183
4082	1133
4083	1248
4084	1175
4085	1116
4086	1223
4087	1188
4088	1198
4089	1161
4090	1225
4091	1139
4092	1042
4093	1069
4094	1147
4095	1151
4096	1080
4097	1175
4098	1315
4099	1118
4100	1190
4101	1071
4102	1156
4103	1186
4104	1089
4105	1161
4106	1019
4107	1232
4108	1209
4109	1046
4110	1167
4111	1199
4112	1051
4113	1146
4114	1234
4115	1164
4116	1221
4117	1180
4118	1289
4119	1085
4120	1104
4121	1144
4122	1067
4123	1260
4124	1054
4125	1199
4126	1205
4127	1072
4128	1173
4129	1095
4130	1153
4131	1059
4132	1153
4133	1079
4134	1090
4135	1022
4136	1189
4137	1216
4138	1161
4139	1156
4140	1135
4141	1131
4142	1118
4143	1074
4144	1027
4145	1053
4146	1058
4147	1154
4148	1058
4149	1142
4150	1095
4151	1208
4152	1085
4153	1135
4154	1105
4155	1070
4156	1089
4157	1055
4158	1023
4159	1087
4160	1028
4161	1028
4162	1133
4163	1059
4164	1089
4165	1061
4166	1018
4167	1155
4168	1021
4169	982
4170	1026
4171	1050
4172	1111
4173	1201
4174	1095
4175	1095
4176	1178
4177	1066
4178	1040
4179	991
4180	1082
4181	1039
4182	1231
4183	1143
4184	1128
4185	1047
4186	1017
4187	1041
4188	1048
4189	1104
4190	1056
4191	1043
4192	995
4193	994
4194	947
4195	1068
4196	1047
4197	981
4198	1035
4199	1126
4200	950
4201	1025
4202	1051
4203	1027
4204	1018
4205	983
4206	1118
4207	1103
4208	1119
4209	1094
4210	1042
4211	1005
4212	1148
4213	1053
4214	988
4215	1012
4216	1088
4217	1011
4218	1167
4219	1061
4220	1033
4221	1097
4222	947
4223	980
4224	1030
4225	1100
4226	1049
4227	1065
4228	1049
4229	1084
4230	1043
4231	1144
4232	1083
4233	1118
4234	1077
4235	1028
4236	1035
4237	1045
4238	1066
4239	1088
4240	1030
4241	997
4242	1077
4243	1136
4244	1041
4245	964
4246	1092
4247	990
4248	1042
4249	999
4250	1062
4251	1074
4252	1085
4253	1044
4254	1095
4255	978
4256	1030
4257	999
4258	961
4259	1087
4260	1010
4261	1137
4262	1071
4263	1165
4264	1178
4265	1082
4266	1092
4267	1165
4268	1192
4269	1059
4270	1057
4271	1079
4272	1119
4273	1122
4274	1140
4275	1053
4276	1157
4277	1180
4278	1064
4279	1073
4280	1134
4281	1211
4282	1125
4283	1162
4284	1122
4285	1086
4286	1055
4287	1161
4288	1053
4289	1044
4290	1065
4291	976
4292	1076
4293	1066
4294	1166
4295	1140
4296	1107
4297	1159
4298	1196
4299	1235
4300	1086
4301	1066
4302	1156
4303	1092
4304	1161
4305	1103
4306	1128
4307	1141
4308	1208
4309	1188
4310	1089
4311	1071
4312	1213
4313	1055
4314	1038
4315	1014
4316	1062
4317	1021
4318	1118
4319	1011
4320	1040
4321	1098
4322	1001
4323	1049
4324	1032
4325	1021
4326	1031
4327	1074
4328	911
4329	992
4330	987
4331	940
4332	956
4333	983
4334	985
4335	950
4336	990
4337	912
4338	1018
4339	925
4340	1019
4341	967
4342	933
4343	945
4344	1063
4345	892
4346	962
4347	1015
4348	1064
4349	983
4350	935
4351	991
4352	834
4353	914
4354	989
4355	1055
4356	912
4357	930
4358	948
4359	922
4360	895
4361	995
4362	870
4363	918
4364	905
4365	842
4366	948
4367	987
4368	997
4369	989
4370	889
4371	919
4372	926
4373	893
4374	902
4375	960
4376	896
4377	968
4378	971
4379	957
4380	885
4381	907
4382	1010
4383	950
4384	841
4385	912
4386	898
4387	923
4388	1023
4389	885
4390	940
4391	886
4392	997
4393	907
4394	895
4395	917
4396	900
4397	929
4398	835
4399	878
4400	860
4401	919
4402	872
4403	940
4404	926
4405	910
4406	950
4407	928
4408	973
4409	1049
4410	976
4411	856
4412	937
4413	1032
4414	996
4415	867
4416	868
4417	980
4418	870
4419	916
4420	751
4421	985
4422	938
4423	873
4424	892
4425	909
4426	935
4427	883
4428	862
4429	925
4430	866
4431	898
4432	916
4433	901
4434	899
4435	879
4436	812
4437	866
4438	857
4439	938
4440	858
4441	849
4442	868
4443	905
4444	859
4445	851
4446	811
4447	885
4448	869
4449	968
4450	820
4451	926
4452	919
4453	811
4454	933
4455	848
4456	868
4457	916
4458	864
4459	868
4460	971
4461	919
4462	902
4463	939
4464	802
4465	873
4466	857
4467	786
4468	871
4469	818
4470	838
4471	963
4472	977
4473	869
4474	867
4475	833
4476	894
4477	896
4478	872
4479	924
4480	988
4481	920
4482	947
4483	829
4484	923
4485	833
4486	939
4487	839
4488	784
4489	825
4490	926
4491	919
4492	898
4493	958
4494	814
4495	911
4496	875
4497	912
4498	976
4499	936
4500	900
4501	916
4502	936
4503	930
4504	929
4505	962
4506	911
4507	896
4508	1027
4509	999
4510	953
4511	920
4512	904
4513	980
4514	971
4515	954
4516	873
4517	924
4518	921
4519	892
4520	901
4521	902
4522	939
4523	1052
4524	872
4525	932
4526	885
4527	928
4528	943
4529	976
4530	966
4531	904
4532	970
4533	897
4534	923
4535	939
4536	990
4537	953
4538	934
4539	1033
4540	853
4541	947
4542	953
4543	1022
4544	941
4545	974
4546	874
4547	956
4548	982
4549	911
4550	981
4551	954
4552	931
4553	942
4554	883
4555	900
4556	905
4557	905
4558	896
4559	1013
4560	957
4561	872
4562	898
4563	887
4564	900
4565	851
4566	887
4567	860
4568	830
4569	901
4570	942
4571	823
4572	777
4573	846
4574	946
4575	854
4576	1006
4577	843
4578	861
4579	925
4580	762
4581	825
4582	922
4583	868
4584	886
4585	952
4586	921
4587	853
4588	914
4589	901
4590	868
4591	901
4592	902
4593	897
4594	917
4595	914
4596	960
4597	844
4598	833
4599	921
4600	941
4601	868
4602	925
4603	931
4604	862
4605	981
4606	907
4607	922
4608	797
4609	958
4610	946
4611	927
4612	937
4613	953
4614	884
4615	897
4616	925
4617	985
4618	1001
4619	1032
4620	971
4621	927
4622	921
4623	907
4624	1025
4625	1072
4626	1014
4627	1015
4628	951
4629	1005
4630	1046
4631	1039
4632	1116
4633	1116
4634	1068
4635	990
4636	1076
4637	992
4638	1100
4639	1049
4640	971
4641	973
4642	1062
4643	1031
4644	917
4645	906
4646	881
4647	973
4648	969
4649	932
4650	992
4651	1058
4652	1133
4653	974
4654	888
4655	1019
4656	1042
4657	989
4658	1047
4659	1097
4660	957
4661	941
4662	1062
4663	1002
4664	936
4665	990
4666	1027
4667	1017
4668	1000
4669	966
4670	956
4671	967
4672	962
4673	1038
4674	927
4675	974
4676	1003
4677	863
4678	992
4679	967
4680	951
4681	983
4682	1064
4683	941
4684	989
4685	995
4686	941
4687	994
4688	885
4689	819
4690	869
4691	947
4692	1065
4693	923
4694	1025
4695	998
4696	940
4697	1018
4698	947
4699	913
4700	953
4701	925
4702	907
4703	1049
4704	828
4705	832
4706	986
4707	989
4708	907
4709	870
4710	964
4711	962
4712	918
4713	894
4714	923
4715	852
4716	888
4717	919
4718	958
4719	900
4720	991
4721	889
4722	991
4723	883
4724	889
4725	874
4726	898
4727	893
4728	909
4729	920
4730	960
4731	977
4732	997
4733	1004
4734	914
4735	997
4736	891
4737	902
4738	752
4739	853
4740	944
4741	969
4742	1022
4743	937
4744	870
4745	881
4746	950
4747	984
4748	943
4749	980
4750	958
4751	946
4752	927
4753	1035
4754	953
4755	1006
4756	962
4757	1035
4758	1042
4759	976
4760	928
4761	1019
4762	888
4763	1013
4764	960
4765	929
4766	888
4767	964
4768	1012
4769	949
4770	1008
4771	950
4772	955
4773	957
4774	986
4775	939
4776	1058
4777	927
4778	940
4779	932
4780	950
4781	1008
4782	928
4783	949
4784	1021
4785	1039
4786	911
4787	936
4788	925
4789	895
4790	973
4791	999
4792	1012
4793	911
4794	961
4795	1041
4796	959
4797	935
4798	947
4799	881
4800	978
4801	998
4802	902
4803	967
4804	910
4805	908
4806	940
4807	863
4808	903
4809	1017
4810	928
4811	987
4812	911
4813	960
4814	920
4815	1005
4816	963
4817	886
4818	949
4819	1030
4820	953
4821	1015
4822	989
4823	1028
4824	939
4825	945
4826	960
4827	1007
4828	1003
4829	990
4830	941
4831	977
4832	923
4833	941
4834	935
4835	959
4836	895
4837	857
4838	896
4839	890
4840	793
4841	891
4842	863
4843	997
4844	935
4845	940
4846	1008
4847	863
4848	832
4849	948
4850	862
4851	941
4852	864
4853	965
4854	935
4855	852
4856	831
4857	845
4858	989
4859	850
4860	938
4861	869
4862	910
4863	923
4864	887
4865	837
4866	826
4867	953
4868	827
4869	820
4870	888
4871	869
4872	892
4873	882
4874	876
4875	865
4876	811
4877	864
4878	844
4879	851
4880	860
4881	813
4882	858
4883	869
4884	818
4885	823
4886	866
4887	817
4888	905
4889	916
4890	837
4891	801
4892	840
4893	925
4894	760
4895	738
4896	775
4897	821
4898	860
4899	814
4900	791
4901	809
4902	776
4903	827
4904	834
4905	856
4906	879
4907	864
4908	985
4909	1068
4910	847
4911	846
4912	819
4913	876
4914	829
4915	831
4916	942
4917	863
4918	906
4919	860
4920	885
4921	861
4922	954
4923	924
4924	905
4925	868
4926	856
4927	807
4928	856
4929	862
4930	863
4931	856
4932	896
4933	868
4934	869
4935	834
4936	908
4937	846
4938	821
4939	809
4940	888
4941	838
4942	912
4943	812
4944	873
4945	895
4946	876
4947	971
4948	820
4949	883
4950	875
4951	897
4952	812
4953	861
4954	891
4955	843
4956	899
4957	854
4958	1028
4959	909
4960	909
4961	857
4962	965
4963	825
4964	939
4965	920
4966	816
4967	848
4968	881
4969	904
4970	914
4971	933
4972	877
4973	890
4974	881
4975	807
4976	833
4977	960
4978	947
4979	910
4980	881
4981	843
4982	919
4983	856
4984	857
4985	715
4986	802
4987	874
4988	808
4989	859
4990	791
4991	788
4992	919
4993	921
4994	855
4995	887
4996	918
4997	839
4998	821
4999	864
5000	853
5001	767
5002	776
5003	940
5004	789
5005	948
5006	851
5007	867
5008	803
5009	823
5010	894
5011	863
5012	858
5013	903
5014	900
5015	829
5016	820
5017	742
5018	883
5019	889
5020	803
5021	860
5022	845
5023	926
5024	765
5025	801
5026	883
5027	852
5028	884
5029	766
5030	790
5031	809
5032	812
5033	851
5034	864
5035	826
5036	778
5037	835
5038	827
5039	868
5040	722
5041	794
5042	791
5043	811
5044	776
5045	711
5046	787
5047	768
5048	850
5049	785
5050	780
5051	826
5052	710
5053	750
5054	764
5055	869
5056	806
5057	828
5058	844
5059	817
5060	750
5061	768
5062	771
5063	819
5064	736
5065	786
5066	766
5067	707
5068	829
5069	804
5070	806
5071	829
5072	837
5073	787
5074	713
5075	779
5076	836
5077	749
5078	821
5079	815
5080	733
5081	676
5082	786
5083	701
5084	728
5085	713
5086	832
5087	725
5088	922
5089	823
5090	696
5091	794
5092	802
5093	665
5094	791
5095	761
5096	847
5097	702
5098	784
5099	777
5100	794
5101	776
5102	787
5103	727
5104	719
5105	745
5106	745
5107	724
5108	656
5109	674
5110	773
5111	645
5112	752
5113	738
5114	812
5115	754
5116	790
5117	704
5118	768
5119	728
5120	707
5121	772
5122	686
5123	773
5124	783
5125	754
5126	783
5127	761
5128	703
5129	748
5130	717
5131	761
5132	814
5133	827
5134	786
5135	805
5136	737
5137	803
5138	748
5139	721
5140	713
5141	765
5142	643
5143	727
5144	778
5145	714
5146	730
5147	709
5148	685
5149	832
5150	764
5151	692
5152	631
5153	620
5154	726
5155	752
5156	747
5157	711
5158	779
5159	706
5160	660
5161	744
5162	763
5163	794
5164	805
5165	708
5166	731
5167	732
5168	704
5169	739
5170	710
5171	667
5172	680
5173	700
5174	680
5175	708
5176	674
5177	685
5178	666
5179	808
5180	773
5181	701
5182	709
5183	739
5184	823
5185	750
5186	813
5187	764
5188	695
5189	691
5190	699
5191	787
5192	704
5193	762
5194	774
5195	737
5196	772
5197	816
5198	715
5199	708
5200	784
5201	754
5202	734
5203	772
5204	688
5205	626
5206	691
5207	760
5208	782
5209	770
5210	693
5211	735
5212	672
5213	763
5214	695
5215	705
5216	756
5217	698
5218	721
5219	712
5220	715
5221	830
5222	758
5223	691
5224	683
5225	744
5226	842
5227	663
5228	703
5229	755
5230	743
5231	771
5232	732
5233	800
5234	798
5235	745
5236	709
5237	739
5238	841
5239	725
5240	674
5241	739
5242	755
5243	766
5244	753
5245	793
5246	795
5247	731
5248	758
5249	702
5250	703
5251	759
5252	768
5253	706
5254	762
5255	734
5256	723
5257	771
5258	734
5259	656
5260	759
5261	727
5262	720
5263	728
5264	758
5265	650
5266	665
5267	792
5268	743
5269	735
5270	672
5271	729
5272	737
5273	716
5274	761
5275	695
5276	714
5277	751
5278	687
5279	653
5280	738
5281	756
5282	677
5283	720
5284	668
5285	696
5286	738
5287	693
5288	667
5289	664
5290	662
5291	708
5292	709
5293	683
5294	773
5295	744
5296	842
5297	758
5298	775
5299	740
5300	746
5301	700
5302	768
5303	751
5304	685
5305	709
5306	771
5307	752
5308	801
5309	734
5310	814
5311	717
5312	768
5313	722
5314	752
5315	804
5316	834
5317	728
5318	753
5319	750
5320	690
5321	799
5322	780
5323	1207
5324	954
5325	685
5326	664
5327	698
5328	720
5329	766
5330	715
5331	729
5332	697
5333	671
5334	774
5335	665
5336	683
5337	772
5338	747
5339	735
5340	700
5341	690
5342	626
5343	706
5344	725
5345	671
5346	650
5347	719
5348	701
5349	746
5350	745
5351	675
5352	741
5353	696
5354	699
5355	692
5356	736
5357	703
5358	755
5359	728
5360	816
5361	750
5362	753
5363	693
5364	804
5365	760
5366	750
5367	755
5368	737
5369	606
5370	709
5371	752
5372	823
5373	710
5374	668
5375	686
5376	647
5377	709
5378	735
5379	657
5380	735
5381	721
5382	793
5383	682
5384	694
5385	701
5386	754
5387	732
5388	792
5389	718
5390	755
5391	758
5392	700
5393	817
5394	721
5395	752
5396	696
5397	715
5398	718
5399	691
5400	747
5401	701
5402	716
5403	747
5404	849
5405	735
5406	837
5407	725
5408	763
5409	771
5410	847
5411	719
5412	746
5413	790
5414	780
5415	720
5416	789
5417	765
5418	770
5419	768
5420	723
5421	721
5422	846
5423	726
5424	819
5425	695
5426	751
5427	796
5428	826
5429	742
5430	780
5431	669
5432	742
5433	744
5434	758
5435	765
5436	839
5437	756
5438	739
5439	736
5440	740
5441	861
5442	818
5443	756
5444	790
5445	799
5446	835
5447	810
5448	821
5449	781
5450	828
5451	783
5452	748
5453	749
5454	747
5455	749
5456	776
5457	724
5458	829
5459	891
5460	749
5461	682
5462	730
5463	796
5464	863
5465	811
5466	858
5467	849
5468	693
5469	833
5470	823
5471	755
5472	784
5473	830
5474	801
5475	821
5476	760
5477	849
5478	825
5479	799
5480	726
5481	822
5482	837
5483	709
5484	825
5485	811
5486	793
5487	850
5488	844
5489	791
5490	778
5491	846
5492	904
5493	800
5494	754
5495	865
5496	805
5497	823
5498	751
5499	763
5500	794
5501	845
5502	833
5503	799
5504	754
5505	732
5506	822
5507	832
5508	846
5509	789
5510	880
5511	761
5512	725
5513	800
5514	732
5515	861
5516	766
5517	811
5518	856
5519	841
5520	753
5521	847
5522	806
5523	784
5524	816
5525	848
5526	760
5527	755
5528	837
5529	772
5530	749
5531	758
5532	841
5533	925
5534	779
5535	892
5536	860
5537	937
5538	848
5539	795
5540	822
5541	794
5542	722
5543	676
5544	809
5545	861
5546	806
5547	820
5548	826
5549	826
5550	859
5551	808
5552	728
5553	854
5554	794
5555	760
5556	833
5557	920
5558	786
5559	823
5560	802
5561	795
5562	779
5563	742
5564	735
5565	780
5566	706
5567	751
5568	730
5569	739
5570	740
5571	838
5572	816
5573	795
5574	726
5575	717
5576	767
5577	782
5578	797
5579	799
5580	831
5581	857
5582	839
5583	764
5584	835
5585	720
5586	741
5587	819
5588	821
5589	767
5590	777
5591	770
5592	773
5593	710
5594	797
5595	756
5596	806
5597	734
5598	730
5599	798
5600	812
5601	891
5602	818
5603	797
5604	847
5605	792
5606	863
5607	905
5608	805
5609	751
5610	791
5611	766
5612	802
5613	776
5614	812
5615	793
5616	751
5617	794
5618	738
5619	816
5620	765
5621	845
5622	810
5623	875
5624	841
5625	843
5626	703
5627	764
5628	793
5629	914
5630	769
5631	862
5632	853
5633	804
5634	876
5635	843
5636	786
5637	846
5638	770
5639	753
5640	852
5641	736
5642	773
5643	794
5644	723
5645	791
5646	798
5647	758
5648	902
5649	825
5650	760
5651	884
5652	758
5653	775
5654	699
5655	818
5656	762
5657	720
5658	747
5659	816
5660	709
5661	885
5662	832
5663	762
5664	813
5665	775
5666	842
5667	738
5668	716
5669	777
5670	730
5671	778
5672	817
5673	736
5674	790
5675	797
5676	780
5677	742
5678	717
5679	747
5680	782
5681	736
5682	733
5683	750
5684	675
5685	739
5686	751
5687	682
5688	766
5689	685
5690	704
5691	697
5692	755
5693	713
5694	666
5695	807
5696	724
5697	731
5698	702
5699	656
5700	735
5701	739
5702	751
5703	828
5704	669
5705	729
5706	661
5707	684
5708	755
5709	673
5710	748
5711	667
5712	652
5713	644
5714	651
5715	677
5716	729
5717	675
5718	672
5719	740
5720	734
5721	659
5722	670
5723	638
5724	652
5725	696
5726	654
5727	695
5728	621
5729	578
5730	642
5731	629
5732	739
5733	640
5734	655
5735	707
5736	599
5737	591
5738	666
5739	602
5740	679
5741	692
5742	734
5743	663
5744	651
5745	756
5746	653
5747	627
5748	639
5749	633
5750	671
5751	654
5752	630
5753	678
5754	629
5755	624
5756	637
5757	637
5758	637
5759	642
5760	684
5761	735
5762	617
5763	675
5764	709
5765	696
5766	660
5767	652
5768	726
5769	593
5770	599
5771	616
5772	666
5773	686
5774	684
5775	670
5776	670
5777	655
5778	814
5779	650
5780	670
5781	655
5782	708
5783	679
5784	651
5785	605
5786	676
5787	660
5788	608
5789	608
5790	644
5791	641
5792	575
5793	622
5794	661
5795	650
5796	605
5797	639
5798	670
5799	705
5800	622
5801	597
5802	619
5803	693
5804	717
5805	630
5806	641
5807	637
5808	625
5809	669
5810	683
5811	591
5812	714
5813	646
5814	653
5815	603
5816	633
5817	700
5818	590
5819	654
5820	734
5821	669
5822	645
5823	592
5824	673
5825	615
5826	605
5827	725
5828	647
5829	656
5830	646
5831	695
5832	599
5833	675
5834	733
5835	691
5836	646
5837	707
5838	705
5839	593
5840	732
5841	674
5842	720
5843	687
5844	654
5845	672
5846	723
5847	714
5848	652
5849	705
5850	716
5851	633
5852	647
5853	627
5854	685
5855	619
5856	757
5857	713
5858	765
5859	743
5860	656
5861	653
5862	682
5863	712
5864	648
5865	727
5866	670
5867	675
5868	685
5869	612
5870	720
5871	623
5872	619
5873	704
5874	659
5875	601
5876	599
5877	653
5878	704
5879	690
5880	676
5881	664
5882	607
5883	652
5884	657
5885	693
5886	641
5887	675
5888	634
5889	622
5890	670
5891	610
5892	611
5893	640
5894	730
5895	640
5896	633
5897	678
5898	649
5899	553
5900	610
5901	621
5902	625
5903	677
5904	664
5905	681
5906	632
5907	694
5908	695
5909	687
5910	690
5911	778
5912	616
5913	638
5914	696
5915	604
5916	600
5917	684
5918	554
5919	658
5920	606
5921	644
5922	625
5923	718
5924	603
5925	666
5926	609
5927	653
5928	592
5929	631
5930	634
5931	683
5932	670
5933	644
5934	635
5935	682
5936	573
5937	671
5938	692
5939	582
5940	681
5941	653
5942	583
5943	613
5944	572
5945	638
5946	656
5947	614
5948	591
5949	679
5950	655
5951	594
5952	621
5953	618
5954	618
5955	589
5956	627
5957	603
5958	734
5959	622
5960	614
5961	593
5962	688
5963	713
5964	601
5965	672
5966	601
5967	563
5968	606
5969	608
5970	643
5971	637
5972	610
5973	682
5974	720
5975	574
5976	625
5977	628
5978	669
5979	613
5980	617
5981	687
5982	632
5983	570
5984	585
5985	575
5986	632
5987	596
5988	655
5989	656
5990	614
5991	579
5992	571
5993	540
5994	677
5995	619
5996	614
5997	581
5998	618
5999	560
6000	606
6001	646
6002	606
6003	609
6004	700
6005	607
6006	667
6007	581
6008	653
6009	652
6010	630
6011	591
6012	699
6013	632
6014	601
6015	615
6016	622
6017	600
6018	720
6019	630
6020	592
6021	652
6022	635
6023	614
6024	664
6025	567
6026	663
6027	591
6028	626
6029	574
6030	552
6031	582
6032	641
6033	567
6034	658
6035	629
6036	579
6037	565
6038	651
6039	600
6040	657
6041	556
6042	609
6043	578
6044	640
6045	563
6046	591
6047	575
6048	568
6049	621
6050	609
6051	633
6052	591
6053	659
6054	652
6055	559
6056	618
6057	568
6058	628
6059	597
6060	528
6061	615
6062	638
6063	565
6064	567
6065	661
6066	650
6067	559
6068	646
6069	585
6070	661
6071	543
6072	552
6073	529
6074	615
6075	671
6076	654
6077	556
6078	579
6079	642
6080	574
6081	587
6082	604
6083	661
6084	599
6085	571
6086	624
6087	593
6088	593
6089	632
6090	607
6091	592
6092	661
6093	615
6094	689
6095	605
6096	647
6097	588
6098	605
6099	589
6100	611
6101	616
6102	646
6103	559
6104	579
6105	589
6106	590
6107	609
6108	642
6109	514
6110	622
6111	582
6112	645
6113	573
6114	582
6115	595
6116	624
6117	546
6118	588
6119	613
6120	740
6121	612
6122	656
6123	545
6124	516
6125	555
6126	616
6127	629
6128	505
6129	596
6130	644
6131	674
6132	696
6133	587
6134	574
6135	625
6136	528
6137	581
6138	570
6139	597
6140	557
6141	559
6142	664
6143	560
6144	586
6145	561
6146	623
6147	571
6148	563
6149	556
6150	599
6151	518
6152	608
6153	612
6154	585
6155	594
6156	550
6157	544
6158	509
6159	616
6160	526
6161	650
6162	573
6163	591
6164	501
6165	611
6166	591
6167	636
6168	582
6169	529
6170	534
6171	624
6172	597
6173	558
6174	535
6175	557
6176	544
6177	538
6178	547
6179	587
6180	562
6181	524
6182	534
6183	624
6184	585
6185	594
6186	582
6187	515
6188	654
6189	540
6190	558
6191	553
6192	572
6193	555
6194	624
6195	577
6196	585
6197	539
6198	535
6199	559
6200	592
6201	582
6202	555
6203	589
6204	566
6205	512
6206	632
6207	583
6208	506
6209	563
6210	565
6211	534
6212	544
6213	578
6214	634
6215	524
6216	525
6217	514
6218	573
6219	613
6220	580
6221	455
6222	478
6223	556
6224	510
6225	550
6226	564
6227	602
6228	563
6229	514
6230	554
6231	549
6232	590
6233	574
6234	575
6235	473
6236	573
6237	575
6238	524
6239	559
6240	485
6241	555
6242	648
6243	527
6244	597
6245	532
6246	533
6247	707
6248	478
6249	582
6250	548
6251	591
6252	596
6253	560
6254	639
6255	500
6256	574
6257	629
6258	681
6259	637
6260	487
6261	562
6262	574
6263	566
6264	558
6265	599
6266	648
6267	506
6268	610
6269	576
6270	581
6271	691
6272	680
6273	625
6274	588
6275	596
6276	588
6277	608
6278	523
6279	582
6280	619
6281	578
6282	594
6283	572
6284	645
6285	605
6286	606
6287	555
6288	601
6289	616
6290	555
6291	653
6292	609
6293	651
6294	533
6295	501
6296	618
6297	547
6298	540
6299	553
6300	509
6301	516
6302	602
6303	652
6304	609
6305	591
6306	623
6307	645
6308	589
6309	603
6310	563
6311	571
6312	530
6313	540
6314	517
6315	602
6316	539
6317	618
6318	649
6319	543
6320	517
6321	637
6322	596
6323	564
6324	609
6325	570
6326	605
6327	557
6328	618
6329	648
6330	621
6331	556
6332	590
6333	619
6334	650
6335	590
6336	602
6337	616
6338	568
6339	643
6340	659
6341	619
6342	623
6343	630
6344	591
6345	678
6346	633
6347	558
6348	590
6349	576
6350	621
6351	580
6352	596
6353	651
6354	719
6355	706
6356	688
6357	673
6358	574
6359	638
6360	636
6361	627
6362	623
6363	612
6364	635
6365	567
6366	576
6367	694
6368	641
6369	612
6370	593
6371	563
6372	634
6373	669
6374	576
6375	709
6376	655
6377	671
6378	615
6379	601
6380	605
6381	591
6382	625
6383	679
6384	668
6385	662
6386	675
6387	672
6388	664
6389	693
6390	645
6391	642
6392	633
6393	648
6394	620
6395	561
6396	614
6397	556
6398	523
6399	665
6400	674
6401	609
6402	605
6403	640
6404	545
6405	593
6406	665
6407	659
6408	560
6409	657
6410	670
6411	636
6412	558
6413	641
6414	669
6415	614
6416	598
6417	695
6418	700
6419	654
6420	583
6421	647
6422	618
6423	615
6424	579
6425	634
6426	685
6427	626
6428	626
6429	612
6430	700
6431	625
6432	632
6433	674
6434	577
6435	674
6436	698
6437	636
6438	603
6439	583
6440	627
6441	532
6442	674
6443	602
6444	666
6445	666
6446	611
6447	578
6448	634
6449	594
6450	543
6451	561
6452	602
6453	643
6454	603
6455	585
6456	604
6457	589
6458	596
6459	603
6460	626
6461	640
6462	724
6463	599
6464	609
6465	734
6466	666
6467	661
6468	656
6469	613
6470	670
6471	598
6472	640
6473	609
6474	604
6475	664
6476	605
6477	596
6478	627
6479	583
6480	690
6481	624
6482	670
6483	660
6484	677
6485	664
6486	662
6487	722
6488	628
6489	640
6490	669
6491	687
6492	657
6493	655
6494	705
6495	677
6496	629
6497	560
6498	622
6499	737
6500	688
6501	659
6502	702
6503	677
6504	708
6505	739
6506	606
6507	658
6508	664
6509	686
6510	691
6511	719
6512	693
6513	681
6514	716
6515	751
6516	595
6517	626
6518	571
6519	702
6520	610
6521	629
6522	596
6523	638
6524	694
6525	685
6526	710
6527	637
6528	650
6529	675
6530	651
6531	693
6532	640
6533	656
6534	660
6535	659
6536	571
6537	629
6538	586
6539	579
6540	648
6541	617
6542	681
6543	629
6544	624
6545	643
6546	654
6547	593
6548	576
6549	645
6550	628
6551	698
6552	642
6553	585
6554	665
6555	599
6556	587
6557	559
6558	643
6559	701
6560	615
6561	609
6562	583
6563	624
6564	712
6565	594
6566	659
6567	561
6568	584
6569	657
6570	648
6571	554
6572	636
6573	613
6574	623
6575	545
6576	559
6577	628
6578	631
6579	597
6580	598
6581	645
6582	553
6583	605
6584	627
6585	598
6586	594
6587	577
6588	554
6589	490
6590	561
6591	559
6592	516
6593	588
6594	567
6595	654
6596	551
6597	585
6598	578
6599	549
6600	604
6601	523
6602	598
6603	574
6604	542
6605	571
6606	590
6607	629
6608	506
6609	615
6610	534
6611	540
6612	559
6613	550
6614	538
6615	548
6616	494
6617	547
6618	463
6619	559
6620	533
6621	515
6622	492
6623	554
6624	486
6625	542
6626	561
6627	473
6628	574
6629	538
6630	493
6631	491
6632	489
6633	528
6634	475
6635	506
6636	526
6637	482
6638	504
6639	415
6640	505
6641	520
6642	519
6643	514
6644	499
6645	432
6646	443
6647	463
6648	502
6649	496
6650	476
6651	440
6652	403
6653	478
6654	430
6655	452
6656	467
6657	488
6658	461
6659	462
6660	521
6661	465
6662	523
6663	427
6664	433
6665	481
6666	478
6667	443
6668	482
6669	534
6670	458
6671	461
6672	491
6673	485
6674	423
6675	425
6676	510
6677	513
6678	398
6679	460
6680	490
6681	427
6682	453
6683	425
6684	494
6685	466
6686	499
6687	460
6688	487
6689	484
6690	434
6691	432
6692	481
6693	447
6694	424
6695	461
6696	474
6697	461
6698	465
6699	464
6700	488
6701	480
6702	439
6703	509
6704	484
6705	473
6706	493
6707	482
6708	530
6709	463
6710	459
6711	460
6712	490
6713	455
6714	570
6715	459
6716	514
6717	457
6718	526
6719	540
6720	472
6721	481
6722	499
6723	539
6724	554
6725	572
6726	503
6727	542
6728	496
6729	444
6730	476
6731	453
6732	499
6733	471
6734	512
6735	536
6736	457
6737	418
6738	412
6739	556
6740	477
6741	529
6742	476
6743	528
6744	500
6745	488
6746	472
6747	444
6748	508
6749	517
6750	516
6751	507
6752	452
6753	508
6754	535
6755	495
6756	495
6757	511
6758	530
6759	513
6760	589
6761	628
6762	522
6763	454
6764	539
6765	561
6766	540
6767	485
6768	537
6769	514
6770	476
6771	444
6772	507
6773	475
6774	489
6775	486
6776	490
6777	481
6778	501
6779	548
6780	480
6781	523
6782	458
6783	538
6784	510
6785	458
6786	466
6787	461
6788	563
6789	512
6790	466
6791	536
6792	489
6793	481
6794	541
6795	500
6796	494
6797	446
6798	522
6799	498
6800	501
6801	524
6802	493
6803	517
6804	498
6805	512
6806	446
6807	491
6808	508
6809	488
6810	485
6811	549
6812	496
6813	593
6814	421
6815	502
6816	588
6817	507
6818	505
6819	495
6820	461
6821	504
6822	486
6823	506
6824	487
6825	519
6826	475
6827	503
6828	614
6829	508
6830	539
6831	451
6832	494
6833	537
6834	604
6835	530
6836	508
6837	439
6838	528
6839	487
6840	569
6841	556
6842	528
6843	514
6844	503
6845	598
6846	496
6847	636
6848	525
6849	485
6850	554
6851	488
6852	447
6853	506
6854	555
6855	622
6856	598
6857	525
6858	540
6859	580
6860	579
6861	525
6862	509
6863	523
6864	616
6865	513
6866	583
6867	502
6868	518
6869	468
6870	459
6871	520
6872	590
6873	558
6874	540
6875	497
6876	506
6877	476
6878	550
6879	536
6880	556
6881	525
6882	561
6883	465
6884	509
6885	565
6886	540
6887	624
6888	519
6889	543
6890	572
6891	542
6892	524
6893	536
6894	481
6895	584
6896	468
6897	536
6898	577
6899	615
6900	530
6901	564
6902	491
6903	532
6904	562
6905	471
6906	534
6907	508
6908	540
6909	571
6910	505
6911	547
6912	531
6913	523
6914	505
6915	574
6916	571
6917	605
6918	543
6919	481
6920	565
6921	586
6922	508
6923	560
6924	468
6925	503
6926	531
6927	513
6928	519
6929	544
6930	482
6931	566
6932	566
6933	543
6934	502
6935	593
6936	536
6937	582
6938	475
6939	569
6940	508
6941	558
6942	531
6943	584
6944	518
6945	598
6946	570
6947	578
6948	513
6949	575
6950	519
6951	481
6952	463
6953	566
6954	469
6955	596
6956	503
6957	569
6958	518
6959	644
6960	508
6961	524
6962	531
6963	591
6964	496
6965	523
6966	547
6967	483
6968	549
6969	471
6970	553
6971	531
6972	523
6973	494
6974	503
6975	564
6976	493
6977	540
6978	509
6979	539
6980	557
6981	505
6982	565
6983	529
6984	508
6985	496
6986	530
6987	509
6988	506
6989	521
6990	573
6991	518
6992	565
6993	513
6994	465
6995	515
6996	498
6997	508
6998	489
6999	550
7000	492
7001	534
7002	523
7003	526
7004	510
7005	525
7006	531
7007	501
7008	502
7009	499
7010	483
7011	549
7012	522
7013	492
7014	510
7015	531
7016	569
7017	577
7018	462
7019	486
7020	516
7021	504
7022	467
7023	477
7024	489
7025	464
7026	534
7027	484
7028	467
7029	566
7030	460
7031	504
7032	479
7033	416
7034	472
7035	529
7036	524
7037	428
7038	541
7039	500
7040	488
7041	497
7042	512
7043	493
7044	502
7045	463
7046	504
7047	540
7048	488
7049	491
7050	481
7051	491
7052	510
7053	458
7054	493
7055	481
7056	485
7057	421
7058	531
7059	467
7060	517
7061	496
7062	491
7063	508
7064	422
7065	495
7066	501
7067	536
7068	517
7069	461
7070	475
7071	566
7072	466
7073	455
7074	516
7075	595
7076	532
7077	473
7078	488
7079	454
7080	424
7081	512
7082	492
7083	447
7084	444
7085	522
7086	506
7087	494
7088	534
7089	479
7090	477
7091	466
7092	404
7093	526
7094	505
7095	506
7096	524
7097	479
7098	472
7099	560
7100	504
7101	498
7102	545
7103	482
7104	509
7105	457
7106	521
7107	478
7108	489
7109	464
7110	538
7111	488
7112	431
7113	437
7114	500
7115	446
7116	472
7117	509
7118	459
7119	463
7120	476
7121	465
7122	484
7123	485
7124	518
7125	496
7126	533
7127	500
7128	504
7129	516
7130	531
7131	471
7132	483
7133	527
7134	501
7135	544
7136	461
7137	493
7138	524
7139	447
7140	537
7141	463
7142	488
7143	445
7144	497
7145	482
7146	545
7147	525
7148	509
7149	562
7150	484
7151	491
7152	558
7153	494
7154	554
7155	502
7156	613
7157	489
7158	504
7159	481
7160	521
7161	478
7162	504
7163	462
7164	491
7165	524
7166	517
7167	543
7168	534
7169	491
7170	477
7171	557
7172	589
7173	473
7174	532
7175	509
7176	574
7177	484
7178	475
7179	504
7180	442
7181	487
7182	512
7183	527
7184	479
7185	459
7186	572
7187	472
7188	477
7189	500
7190	489
7191	467
7192	527
7193	506
7194	485
7195	562
7196	466
7197	495
7198	528
7199	479
7200	555
7201	528
7202	526
7203	543
7204	481
7205	566
7206	476
7207	548
7208	559
7209	479
7210	534
7211	544
7212	477
7213	514
7214	542
7215	533
7216	490
7217	463
7218	595
7219	528
7220	474
7221	571
7222	506
7223	588
7224	597
7225	491
7226	451
7227	480
7228	468
7229	518
7230	517
7231	462
7232	535
7233	482
7234	476
7235	503
7236	512
7237	486
7238	547
7239	516
7240	487
7241	576
7242	489
7243	492
7244	435
7245	481
7246	454
7247	468
7248	549
7249	451
7250	502
7251	479
7252	438
7253	540
7254	546
7255	450
7256	489
7257	523
7258	556
7259	477
7260	503
7261	538
7262	589
7263	550
7264	571
7265	484
7266	466
7267	466
7268	542
7269	493
7270	496
7271	439
7272	473
7273	479
7274	502
7275	468
7276	509
7277	461
7278	408
7279	488
7280	459
7281	416
7282	475
7283	466
7284	458
7285	460
7286	498
7287	515
7288	454
7289	484
7290	485
7291	476
7292	442
7293	441
7294	444
7295	467
7296	401
7297	450
7298	420
7299	426
7300	433
7301	527
7302	485
7303	391
7304	427
7305	465
7306	433
7307	469
7308	381
7309	481
7310	449
7311	512
7312	507
7313	542
7314	374
7315	425
7316	493
7317	490
7318	421
7319	426
7320	438
7321	450
7322	425
7323	446
7324	457
7325	467
7326	475
7327	434
7328	481
7329	402
7330	464
7331	474
7332	415
7333	418
7334	446
7335	375
7336	423
7337	488
7338	520
7339	496
7340	492
7341	482
7342	431
7343	473
7344	439
7345	405
7346	491
7347	446
7348	460
7349	508
7350	491
7351	414
7352	501
7353	464
7354	360
7355	443
7356	447
7357	414
7358	423
7359	389
7360	443
7361	442
7362	425
7363	418
7364	429
7365	424
7366	414
7367	379
7368	409
7369	428
7370	446
7371	469
7372	434
7373	436
7374	480
7375	401
7376	473
7377	461
7378	468
7379	466
7380	423
7381	472
7382	426
7383	454
7384	434
7385	405
7386	432
7387	418
7388	397
7389	438
7390	517
7391	405
7392	429
7393	406
7394	441
7395	396
7396	421
7397	443
7398	446
7399	456
7400	433
7401	474
7402	492
7403	482
7404	424
7405	461
7406	460
7407	467
7408	432
7409	470
7410	412
7411	460
7412	448
7413	503
7414	388
7415	510
7416	363
7417	438
7418	400
7419	440
7420	459
7421	394
7422	435
7423	413
7424	435
7425	467
7426	464
7427	362
7428	390
7429	435
7430	420
7431	429
7432	389
7433	397
7434	486
7435	456
7436	433
7437	500
7438	425
7439	498
7440	427
7441	425
7442	381
7443	478
7444	512
7445	452
7446	479
7447	432
7448	395
7449	414
7450	466
7451	428
7452	411
7453	346
7454	420
7455	397
7456	418
7457	388
7458	448
7459	409
7460	392
7461	460
7462	383
7463	425
7464	412
7465	423
7466	406
7467	367
7468	371
7469	423
7470	379
7471	368
7472	403
7473	480
7474	419
7475	401
7476	376
7477	410
7478	416
7479	421
7480	350
7481	376
7482	314
7483	419
7484	399
7485	429
7486	333
7487	378
7488	433
7489	422
7490	381
7491	353
7492	406
7493	408
7494	394
7495	434
7496	452
7497	411
7498	358
7499	384
7500	387
7501	380
7502	403
7503	404
7504	413
7505	421
7506	349
7507	386
7508	440
7509	385
7510	413
7511	364
7512	410
7513	321
7514	351
7515	404
7516	459
7517	412
7518	412
7519	422
7520	436
7521	398
7522	355
7523	446
7524	410
7525	352
7526	349
7527	446
7528	362
7529	385
7530	398
7531	388
7532	369
7533	421
7534	375
7535	372
7536	424
7537	393
7538	389
7539	395
7540	396
7541	379
7542	432
7543	397
7544	421
7545	401
7546	389
7547	375
7548	379
7549	414
7550	413
7551	421
7552	398
7553	383
7554	462
7555	438
7556	387
7557	417
7558	415
7559	450
7560	405
7561	450
7562	415
7563	404
7564	490
7565	375
7566	404
7567	421
7568	446
7569	468
7570	402
7571	400
7572	391
7573	377
7574	400
7575	419
7576	472
7577	424
7578	441
7579	476
7580	390
7581	401
7582	493
7583	464
7584	389
7585	362
7586	373
7587	411
7588	392
7589	366
7590	355
7591	406
7592	403
7593	427
7594	387
7595	390
7596	447
7597	414
7598	423
7599	442
7600	419
7601	361
7602	388
7603	418
7604	415
7605	486
7606	381
7607	386
7608	454
7609	391
7610	421
7611	409
7612	382
7613	416
7614	450
7615	331
7616	350
7617	390
7618	446
7619	351
7620	378
7621	409
7622	354
7623	398
7624	370
7625	290
7626	356
7627	397
7628	397
7629	321
7630	468
7631	361
7632	366
7633	362
7634	342
7635	336
7636	398
7637	354
7638	374
7639	411
7640	397
7641	428
7642	439
7643	376
7644	324
7645	415
7646	378
7647	358
7648	367
7649	415
7650	379
7651	427
7652	476
7653	290
7654	400
7655	407
7656	342
7657	405
7658	378
7659	397
7660	373
7661	363
7662	411
7663	411
7664	426
7665	399
7666	350
7667	390
7668	371
7669	382
7670	455
7671	395
7672	359
7673	337
7674	447
7675	421
7676	409
7677	352
7678	434
7679	377
7680	403
7681	441
7682	354
7683	432
7684	386
7685	347
7686	426
7687	389
7688	383
7689	369
7690	402
7691	379
7692	419
7693	470
7694	429
7695	436
7696	369
7697	429
7698	416
7699	416
7700	433
7701	397
7702	427
7703	408
7704	389
7705	355
7706	454
7707	418
7708	426
7709	367
7710	388
7711	367
7712	386
7713	401
7714	392
7715	391
7716	360
7717	478
7718	422
7719	360
7720	394
7721	387
7722	412
7723	392
7724	375
7725	377
7726	439
7727	419
7728	365
7729	358
7730	423
7731	369
7732	384
7733	482
7734	431
7735	404
7736	425
7737	429
7738	446
7739	452
7740	390
7741	413
7742	430
7743	444
7744	405
7745	399
7746	484
7747	335
7748	452
7749	362
7750	467
7751	416
7752	439
7753	472
7754	372
7755	403
7756	415
7757	390
7758	334
7759	478
7760	433
7761	447
7762	400
7763	366
7764	482
7765	422
7766	425
7767	433
7768	477
7769	394
7770	476
7771	451
7772	400
7773	380
7774	420
7775	455
7776	442
7777	400
7778	482
7779	404
7780	408
7781	434
7782	400
7783	432
7784	437
7785	468
7786	449
7787	417
7788	393
7789	477
7790	456
7791	422
7792	411
7793	466
7794	426
7795	485
7796	433
7797	378
7798	522
7799	440
7800	382
7801	430
7802	447
7803	450
7804	417
7805	456
7806	442
7807	531
7808	466
7809	413
7810	431
7811	443
7812	446
7813	390
7814	427
7815	457
7816	363
7817	437
7818	402
7819	407
7820	380
7821	454
7822	451
7823	377
7824	420
7825	330
7826	422
7827	397
7828	389
7829	493
7830	470
7831	443
7832	386
7833	417
7834	413
7835	450
7836	490
7837	444
7838	450
7839	375
7840	373
7841	438
7842	415
7843	440
7844	426
7845	433
7846	453
7847	388
7848	429
7849	512
7850	445
7851	433
7852	492
7853	429
7854	451
7855	489
7856	506
7857	432
7858	447
7859	381
7860	437
7861	413
7862	512
7863	437
7864	425
7865	445
7866	437
7867	445
7868	412
7869	459
7870	376
7871	439
7872	405
7873	485
7874	440
7875	480
7876	410
7877	465
7878	428
7879	446
7880	391
7881	434
7882	485
7883	387
7884	416
7885	422
7886	434
7887	457
7888	459
7889	462
7890	474
7891	409
7892	494
7893	382
7894	512
7895	489
7896	433
7897	423
7898	451
7899	401
7900	459
7901	511
7902	408
7903	448
7904	487
7905	476
7906	463
7907	464
7908	490
7909	381
7910	490
7911	498
7912	421
7913	444
7914	471
7915	438
7916	439
7917	461
7918	521
7919	505
7920	571
7921	511
7922	492
7923	502
7924	482
7925	442
7926	478
7927	437
7928	582
7929	525
7930	491
7931	488
7932	477
7933	456
7934	505
7935	531
7936	471
7937	488
7938	490
7939	515
7940	437
7941	517
7942	432
7943	445
7944	482
7945	522
7946	479
7947	430
7948	458
7949	457
7950	493
7951	411
7952	498
7953	478
7954	467
7955	496
7956	487
7957	496
7958	444
7959	461
7960	409
7961	473
7962	545
7963	454
7964	451
7965	474
7966	517
7967	449
7968	518
7969	506
7970	436
7971	464
7972	447
7973	437
7974	427
7975	475
7976	430
7977	394
7978	494
7979	443
7980	534
7981	473
7982	440
7983	398
7984	438
7985	419
7986	500
7987	395
7988	439
7989	416
7990	444
7991	429
7992	404
7993	433
7994	498
7995	438
7996	440
7997	400
7998	503
7999	469
8000	385
8001	413
8002	447
8003	370
8004	366
8005	456
8006	408
8007	358
8008	446
8009	382
8010	424
8011	491
8012	366
8013	460
8014	411
8015	450
8016	453
8017	447
8018	409
8019	441
8020	452
8021	462
8022	379
8023	427
8024	387
8025	430
8026	427
8027	438
8028	432
8029	419
8030	402
8031	429
8032	409
8033	344
8034	443
8035	452
8036	425
8037	459
8038	431
8039	407
8040	428
8041	471
8042	474
8043	501
8044	444
8045	447
8046	526
8047	440
8048	428
8049	448
8050	493
8051	472
8052	439
8053	449
8054	477
8055	568
8056	468
8057	461
8058	508
8059	550
8060	417
8061	468
8062	488
8063	474
8064	490
8065	477
8066	491
8067	551
8068	493
8069	480
8070	483
8071	558
8072	409
8073	480
8074	507
8075	597
8076	457
8077	442
8078	470
8079	416
8080	470
8081	455
8082	453
8083	497
8084	410
8085	543
8086	448
8087	534
8088	390
8089	438
8090	424
8091	489
8092	359
8093	437
8094	402
8095	432
8096	488
8097	425
8098	435
8099	466
8100	402
8101	461
8102	460
8103	413
8104	471
8105	492
8106	437
8107	478
8108	496
8109	523
8110	506
8111	465
8112	439
8113	457
8114	473
8115	464
8116	443
8117	475
8118	406
8119	507
8120	449
8121	522
8122	466
8123	504
8124	394
8125	439
8126	438
8127	419
8128	420
8129	493
8130	516
8131	418
8132	423
8133	520
8134	458
8135	411
8136	400
8137	427
8138	447
8139	469
8140	463
8141	463
8142	445
8143	444
8144	406
8145	421
8146	355
8147	475
8148	468
8149	456
8150	414
8151	446
8152	403
8153	432
8154	433
8155	533
8156	364
8157	392
8158	396
8159	426
8160	449
8161	455
8162	468
8163	365
8164	438
8165	432
8166	470
8167	407
8168	502
8169	453
8170	420
8171	404
8172	448
8173	438
8174	516
8175	429
8176	400
8177	408
8178	471
8179	405
8180	451
8181	403
8182	351
8183	405
8184	502
8185	356
8186	357
8187	404
8188	477
8189	459
8190	400
8191	368
8192	404
8193	413
8194	407
8195	411
8196	406
8197	425
8198	420
8199	342
8200	484
8201	365
8202	376
8203	389
8204	360
8205	381
8206	398
8207	425
8208	448
8209	426
8210	421
8211	371
8212	401
8213	344
8214	346
8215	426
8216	445
8217	378
8218	376
8219	345
8220	354
8221	353
8222	339
8223	358
8224	471
8225	379
8226	374
8227	368
8228	369
8229	406
8230	376
8231	347
8232	351
8233	369
8234	309
8235	354
8236	379
8237	329
8238	355
8239	345
8240	302
8241	367
8242	369
8243	359
8244	353
8245	347
8246	370
8247	379
8248	360
8249	334
8250	411
8251	375
8252	376
8253	404
8254	407
8255	378
8256	362
8257	330
8258	314
8259	395
8260	331
8261	341
8262	310
8263	338
8264	346
8265	341
8266	369
8267	298
8268	379
8269	387
8270	396
8271	350
8272	313
8273	327
8274	361
8275	360
8276	361
8277	354
8278	352
8279	344
8280	371
8281	343
8282	348
8283	303
8284	373
8285	317
8286	397
8287	352
8288	382
8289	386
8290	369
8291	367
8292	398
8293	344
8294	349
8295	337
8296	374
8297	345
8298	408
8299	344
8300	363
8301	356
8302	359
8303	381
8304	433
8305	421
8306	389
8307	434
8308	413
8309	407
8310	397
8311	356
8312	458
8313	389
8314	451
8315	387
8316	341
8317	396
8318	418
8319	501
8320	419
8321	452
8322	403
8323	393
8324	426
8325	376
8326	395
8327	400
8328	386
8329	425
8330	440
8331	427
8332	424
8333	461
8334	386
8335	427
8336	431
8337	478
8338	392
8339	419
8340	390
8341	341
8342	401
8343	475
8344	409
8345	457
8346	470
8347	386
8348	406
8349	405
8350	416
8351	441
8352	456
8353	401
8354	362
8355	367
8356	359
8357	509
8358	371
8359	453
8360	384
8361	372
8362	377
8363	371
8364	407
8365	375
8366	406
8367	378
8368	441
8369	437
8370	400
8371	401
8372	390
8373	362
8374	319
8375	330
8376	433
8377	427
8378	382
8379	313
8380	358
8381	376
8382	355
8383	395
8384	418
8385	286
8386	397
8387	362
8388	342
8389	317
8390	437
8391	320
8392	354
8393	335
8394	383
8395	401
8396	365
8397	308
8398	316
8399	341
8400	301
8401	353
8402	322
8403	302
8404	308
8405	321
8406	361
8407	334
8408	393
8409	357
8410	377
8411	367
8412	325
8413	337
8414	320
8415	387
8416	322
8417	323
8418	389
8419	366
8420	359
8421	387
8422	339
8423	324
8424	378
8425	332
8426	313
8427	319
8428	346
8429	349
8430	410
8431	303
8432	281
8433	362
8434	328
8435	330
8436	349
8437	362
8438	315
8439	329
8440	299
8441	324
8442	365
8443	340
8444	312
8445	334
8446	271
8447	325
8448	382
8449	348
8450	386
8451	316
8452	374
8453	312
8454	343
8455	275
8456	394
8457	359
8458	331
8459	371
8460	360
8461	261
8462	343
8463	271
8464	309
8465	361
8466	322
8467	352
8468	328
8469	301
8470	360
8471	327
8472	366
8473	325
8474	293
8475	342
8476	287
8477	294
8478	312
8479	310
8480	252
8481	289
8482	297
8483	310
8484	301
8485	287
8486	319
8487	270
8488	293
8489	307
8490	336
8491	350
8492	323
8493	314
8494	356
8495	358
8496	310
8497	345
8498	295
8499	302
8500	253
8501	291
8502	315
8503	321
8504	323
8505	325
8506	321
8507	372
8508	317
8509	332
8510	243
8511	310
8512	313
8513	312
8514	332
8515	349
8516	334
8517	313
8518	361
8519	301
8520	302
8521	322
8522	407
8523	333
8524	352
8525	304
8526	349
8527	294
8528	392
8529	334
8530	313
8531	263
8532	312
8533	357
8534	318
8535	339
8536	330
8537	329
8538	276
8539	305
8540	358
8541	338
8542	279
8543	324
8544	392
8545	348
8546	284
8547	310
8548	282
8549	340
8550	379
8551	310
8552	385
8553	369
8554	349
8555	311
8556	358
8557	353
8558	357
8559	375
8560	382
8561	316
8562	345
8563	343
8564	310
8565	300
8566	318
8567	322
8568	314
8569	327
8570	336
8571	364
8572	321
8573	319
8574	332
8575	295
8576	297
8577	325
8578	397
8579	298
8580	330
8581	294
8582	291
8583	294
8584	353
8585	293
8586	303
8587	299
8588	297
8589	332
8590	312
8591	329
8592	324
8593	325
8594	357
8595	346
8596	308
8597	302
8598	203
8599	282
8600	271
8601	269
8602	329
8603	305
8604	286
8605	344
8606	277
8607	321
8608	288
8609	318
8610	319
8611	298
8612	295
8613	260
8614	328
8615	296
8616	313
8617	325
8618	264
8619	309
8620	321
8621	328
8622	332
8623	302
8624	289
8625	346
8626	270
8627	339
8628	304
8629	275
8630	260
8631	339
8632	258
8633	275
8634	303
8635	274
8636	279
8637	284
8638	321
8639	283
8640	289
8641	343
8642	325
8643	250
8644	281
8645	286
8646	310
8647	311
8648	315
8649	379
8650	316
8651	283
8652	299
8653	313
8654	358
8655	299
8656	307
8657	336
8658	383
8659	240
8660	297
8661	307
8662	332
8663	307
8664	263
8665	359
8666	320
8667	340
8668	325
8669	329
8670	306
8671	289
8672	349
8673	337
8674	271
8675	339
8676	312
8677	273
8678	319
8679	368
8680	343
8681	333
8682	261
8683	236
8684	297
8685	321
8686	285
8687	364
8688	342
8689	297
8690	285
8691	268
8692	303
8693	330
8694	302
8695	264
8696	290
8697	311
8698	332
8699	354
8700	331
8701	357
8702	262
8703	325
8704	386
8705	353
8706	294
8707	315
8708	326
8709	287
8710	341
8711	269
8712	314
8713	337
8714	313
8715	355
8716	369
8717	314
8718	294
8719	320
8720	298
8721	304
8722	275
8723	341
8724	310
8725	316
8726	304
8727	301
8728	354
8729	338
8730	356
8731	351
8732	292
8733	312
8734	316
8735	299
8736	290
8737	300
8738	384
8739	311
8740	362
8741	280
8742	332
8743	309
8744	307
8745	309
8746	300
8747	339
8748	318
8749	279
8750	360
8751	294
8752	275
8753	317
8754	287
8755	329
8756	297
8757	360
8758	330
8759	269
8760	327
8761	306
8762	319
8763	358
8764	313
8765	368
8766	318
8767	314
8768	351
8769	375
8770	334
8771	361
8772	373
8773	315
8774	309
8775	339
8776	362
8777	451
8778	332
8779	321
8780	312
8781	335
8782	316
8783	399
8784	275
8785	338
8786	385
8787	302
8788	383
8789	373
8790	344
8791	389
8792	322
8793	336
8794	310
8795	340
8796	332
8797	349
8798	321
8799	333
8800	369
8801	294
8802	394
8803	277
8804	307
8805	326
8806	315
8807	283
8808	346
8809	315
8810	354
8811	353
8812	296
8813	300
8814	349
8815	340
8816	378
8817	348
8818	353
8819	320
8820	362
8821	353
8822	278
8823	305
8824	341
8825	364
8826	282
8827	331
8828	312
8829	381
8830	361
8831	361
8832	338
8833	364
8834	386
8835	355
8836	402
8837	411
8838	358
8839	341
8840	374
8841	328
8842	385
8843	348
8844	307
8845	316
8846	334
8847	365
8848	300
8849	357
8850	341
8851	341
8852	400
8853	413
8854	445
8855	417
8856	411
8857	368
8858	393
8859	339
8860	383
8861	337
8862	299
8863	353
8864	404
8865	375
8866	377
8867	350
8868	328
8869	320
8870	385
8871	321
8872	422
8873	407
8874	384
8875	355
8876	345
8877	390
8878	335
8879	309
8880	332
8881	342
8882	402
8883	332
8884	341
8885	313
8886	379
8887	365
8888	363
8889	313
8890	339
8891	339
8892	317

