## htsjdk.samtools.metrics.StringHeader
# CollectInsertSizeMetrics HISTOGRAM_FILE=/work/ugbogu/pipeline/data/nbl/GSE189367/results/picard/SRR17010975_insert_size_histogram.pdf MINIMUM_PCT=0.5 INPUT=/work/ugbogu/pipeline/data/nbl/GSE189367/results/star/SRR17010975.Aligned.sortedByCoord.out.bam OUTPUT=/work/ugbogu/pipeline/data/nbl/GSE189367/results/picard/SRR17010975_insert_size_metrics.txt    DEVIATIONS=10.0 METRIC_ACCUMULATION_LEVEL=[ALL_READS] INCLUDE_DUPLICATES=false ASSUME_SORTED=true STOP_AFTER=0 VERBOSITY=INFO QUIET=false VALIDATION_STRINGENCY=STRICT COMPRESSION_LEVEL=5 MAX_RECORDS_IN_RAM=500000 CREATE_INDEX=false CREATE_MD5_FILE=false USE_JDK_DEFLATER=false USE_JDK_INFLATER=false
## htsjdk.samtools.metrics.StringHeader
# Started on: Wed Apr 15 00:27:19 UTC 2026

## METRICS CLASS	picard.analysis.InsertSizeMetrics
MEDIAN_INSERT_SIZE	MODE_INSERT_SIZE	MEDIAN_ABSOLUTE_DEVIATION	MIN_INSERT_SIZE	MAX_INSERT_SIZE	MEAN_INSERT_SIZE	STANDARD_DEVIATION	READ_PAIRS	PAIR_ORIENTATION	WIDTH_OF_10_PERCENT	WIDTH_OF_20_PERCENT	WIDTH_OF_30_PERCENT	WIDTH_OF_40_PERCENT	WIDTH_OF_50_PERCENT	WIDTH_OF_60_PERCENT	WIDTH_OF_70_PERCENT	WIDTH_OF_80_PERCENT	WIDTH_OF_90_PERCENT	WIDTH_OF_95_PERCENT	WIDTH_OF_99_PERCENT	SAMPLE	LIBRARY	READ_GROUP
589	133	469	26	3199638	951.101779	1214.997855	29299416	FR	469	715	825	889	939	1343	3461	8055	28537	150189	154445			

## HISTOGRAM	java.lang.Integer
insert_size	All_Reads.fr_count
26	1
27	1
29	3
30	5
31	4
32	4
33	13
34	19
35	158
36	201
37	218
38	213
39	236
40	248
41	262
42	281
43	317
44	300
45	377
46	411
47	470
48	521
49	581
50	615
51	679
52	736
53	771
54	766
55	824
56	950
57	1007
58	1343
59	1402
60	1575
61	1700
62	1909
63	2008
64	2120
65	2412
66	2803
67	3075
68	3589
69	3507
70	3976
71	4547
72	4537
73	5679
74	5658
75	11238
76	7306
77	7403
78	9092
79	9107
80	9474
81	10452
82	11192
83	13024
84	13903
85	15334
86	16508
87	18300
88	19403
89	21108
90	23485
91	27035
92	30131
93	30793
94	32832
95	34934
96	36925
97	41823
98	43494
99	49181
100	50642
101	53319
102	54367
103	57914
104	65656
105	70299
106	70599
107	72944
108	73213
109	77997
110	79084
111	81378
112	83990
113	85193
114	88628
115	90120
116	93888
117	96182
118	99662
119	101958
120	104430
121	106120
122	108019
123	107853
124	110245
125	109536
126	109587
127	110833
128	110555
129	109618
130	114580
131	113443
132	116504
133	124127
134	119330
135	113601
136	114536
137	112649
138	111012
139	111662
140	112005
141	111891
142	110611
143	111911
144	107789
145	108216
146	103893
147	104076
148	103677
149	101385
150	100217
151	101720
152	100575
153	99671
154	99765
155	97428
156	96683
157	95290
158	93500
159	90270
160	90091
161	87169
162	87348
163	85962
164	84405
165	81485
166	81367
167	81540
168	79995
169	80581
170	79614
171	76807
172	76266
173	74654
174	74088
175	74045
176	72897
177	69833
178	70218
179	69789
180	68209
181	67462
182	66533
183	65287
184	63356
185	61389
186	61383
187	61631
188	60261
189	58280
190	58136
191	57561
192	56124
193	55534
194	54911
195	52884
196	52411
197	52982
198	51105
199	51106
200	51019
201	49793
202	49437
203	49620
204	47439
205	47048
206	46209
207	45725
208	45078
209	45128
210	43520
211	43668
212	43493
213	42673
214	41747
215	41770
216	40662
217	40966
218	40001
219	39224
220	38931
221	39118
222	37865
223	37535
224	37413
225	36909
226	37029
227	36541
228	35731
229	35649
230	35831
231	35441
232	34398
233	34854
234	33789
235	33029
236	33130
237	32050
238	32507
239	30928
240	30821
241	30381
242	30081
243	30212
244	29693
245	29725
246	28921
247	28622
248	28544
249	27674
250	27043
251	27592
252	27125
253	26989
254	26616
255	26241
256	26200
257	25998
258	25648
259	25429
260	25244
261	24581
262	25051
263	24509
264	24151
265	23666
266	23463
267	23229
268	23185
269	23391
270	22822
271	22639
272	21834
273	22078
274	22129
275	21775
276	21126
277	21195
278	20807
279	20765
280	20553
281	20404
282	20137
283	19953
284	19374
285	19321
286	19546
287	19415
288	19026
289	18881
290	18396
291	18417
292	18585
293	18052
294	18381
295	17872
296	17541
297	17277
298	17216
299	16900
300	16900
301	16356
302	16730
303	16693
304	16293
305	16167
306	15769
307	15795
308	16066
309	15785
310	15684
311	15337
312	14918
313	15036
314	15089
315	14893
316	14576
317	14924
318	14522
319	14202
320	14162
321	14214
322	14091
323	14221
324	13862
325	13814
326	13312
327	13225
328	13268
329	13142
330	12765
331	13029
332	13113
333	12957
334	12792
335	12546
336	12965
337	12623
338	12371
339	12369
340	12135
341	11987
342	12336
343	12056
344	11871
345	11757
346	11840
347	11844
348	11445
349	11428
350	11468
351	11477
352	11490
353	11329
354	11150
355	10945
356	11000
357	11267
358	10782
359	11002
360	11053
361	10735
362	10706
363	10499
364	10111
365	10313
366	10573
367	10461
368	10499
369	10214
370	10078
371	10133
372	9683
373	9835
374	9743
375	9760
376	9764
377	9951
378	9584
379	9498
380	9614
381	9321
382	9076
383	9165
384	9456
385	9279
386	9492
387	9236
388	9021
389	9004
390	8749
391	8917
392	8997
393	8812
394	8836
395	8443
396	8949
397	8639
398	8670
399	8508
400	8545
401	8811
402	8558
403	8497
404	8295
405	8091
406	8309
407	8066
408	8221
409	8153
410	7880
411	8452
412	8184
413	8199
414	8175
415	7837
416	7972
417	8159
418	8154
419	7825
420	7867
421	7861
422	7444
423	7602
424	8060
425	7770
426	7682
427	7884
428	7776
429	7673
430	7796
431	7565
432	7372
433	7662
434	7604
435	7343
436	7456
437	7395
438	7462
439	7409
440	7673
441	7688
442	7300
443	7354
444	7441
445	7212
446	7266
447	7211
448	7028
449	7169
450	7141
451	7302
452	7199
453	7158
454	7352
455	7128
456	6987
457	6843
458	6701
459	6972
460	6999
461	6713
462	6748
463	6604
464	6480
465	6693
466	6673
467	6666
468	6641
469	6426
470	6513
471	6410
472	6496
473	6375
474	6750
475	6718
476	6381
477	6738
478	6245
479	6341
480	6602
481	6321
482	6073
483	6517
484	6293
485	6265
486	6343
487	6172
488	6252
489	6179
490	6403
491	6347
492	6087
493	6370
494	5927
495	6203
496	6336
497	6161
498	6115
499	6543
500	6280
501	6329
502	6197
503	6173
504	5980
505	6532
506	6032
507	6707
508	6270
509	6189
510	6305
511	6085
512	6254
513	6113
514	6232
515	6174
516	6013
517	6248
518	6234
519	6496
520	6437
521	6094
522	6252
523	6218
524	6022
525	6048
526	6195
527	6126
528	6196
529	6116
530	6107
531	6243
532	6073
533	6359
534	6552
535	6477
536	6669
537	6523
538	6179
539	6411
540	6689
541	6367
542	6236
543	6286
544	6250
545	6289
546	6061
547	6040
548	6145
549	6229
550	6290
551	5976
552	6014
553	6103
554	6180
555	5996
556	6005
557	6038
558	5999
559	5936
560	5947
561	5846
562	5954
563	6452
564	6082
565	6053
566	6011
567	5957
568	6052
569	6082
570	5945
571	6071
572	5792
573	6032
574	5721
575	6033
576	6118
577	5901
578	6039
579	5801
580	6114
581	5979
582	6057
583	6097
584	5801
585	5975
586	5752
587	5804
588	5812
589	5631
590	5717
591	6027
592	6040
593	5767
594	5745
595	5710
596	5846
597	6132
598	5798
599	5831
600	5538
601	5745
602	5899
603	5669
604	5454
605	5635
606	5732
607	5774
608	5542
609	5554
610	5554
611	5707
612	5540
613	5617
614	5627
615	5785
616	5393
617	5790
618	5509
619	5605
620	5706
621	5320
622	5407
623	5481
624	5850
625	5749
626	5376
627	5754
628	5684
629	5318
630	5435
631	5397
632	5475
633	5726
634	5915
635	5710
636	5934
637	5707
638	5713
639	5459
640	5490
641	5515
642	5215
643	5287
644	5548
645	5407
646	5519
647	5453
648	5467
649	6093
650	5195
651	5243
652	5584
653	5511
654	5492
655	5489
656	5226
657	5330
658	5545
659	5562
660	5363
661	5426
662	5474
663	5570
664	5303
665	5295
666	5332
667	5578
668	5479
669	5464
670	5421
671	5255
672	5431
673	5283
674	5159
675	5143
676	5314
677	5331
678	5344
679	5481
680	5293
681	5371
682	5515
683	5355
684	5337
685	5379
686	5176
687	5318
688	5034
689	5384
690	5411
691	5504
692	5545
693	5396
694	5479
695	5421
696	5349
697	5289
698	5347
699	5366
700	5372
701	5307
702	5497
703	5492
704	5284
705	5642
706	5255
707	5158
708	5177
709	5128
710	5276
711	5304
712	5195
713	5244
714	5255
715	5415
716	5322
717	5280
718	5185
719	5217
720	5114
721	5181
722	5195
723	5313
724	5272
725	5302
726	5110
727	5016
728	5126
729	5355
730	5065
731	5377
732	5244
733	5444
734	5307
735	5275
736	5209
737	5388
738	5245
739	5099
740	5338
741	5287
742	5242
743	5095
744	5129
745	5098
746	4930
747	4989
748	5039
749	4890
750	4980
751	4886
752	5182
753	5006
754	5067
755	5099
756	4974
757	5015
758	5033
759	5050
760	5101
761	5155
762	5380
763	4923
764	5189
765	4979
766	4849
767	4796
768	5063
769	5199
770	5165
771	4972
772	5017
773	4833
774	4777
775	4921
776	4899
777	4821
778	4819
779	4920
780	5039
781	4875
782	5070
783	4762
784	4807
785	4846
786	4949
787	5117
788	5019
789	4901
790	4801
791	5027
792	4729
793	5005
794	5063
795	5019
796	4873
797	4877
798	4732
799	4722
800	4541
801	4851
802	5003
803	5028
804	5152
805	4767
806	5051
807	4841
808	4762
809	4708
810	4770
811	4787
812	4778
813	4619
814	4785
815	4737
816	4652
817	4665
818	4516
819	4511
820	4614
821	4552
822	4758
823	4682
824	4713
825	4595
826	4651
827	4516
828	4513
829	4618
830	4656
831	4488
832	4439
833	4558
834	4394
835	4482
836	4553
837	4984
838	4550
839	4594
840	4399
841	4651
842	4378
843	4449
844	4562
845	4425
846	4574
847	4415
848	4559
849	4324
850	4389
851	4253
852	4354
853	4303
854	4400
855	4571
856	4489
857	4450
858	4332
859	4471
860	4637
861	4374
862	4391
863	4410
864	4366
865	4418
866	4584
867	4547
868	4466
869	4323
870	4437
871	4576
872	4508
873	4738
874	4607
875	4474
876	4598
877	4572
878	4780
879	4602
880	4471
881	4373
882	4561
883	4512
884	4462
885	4570
886	4350
887	4373
888	4567
889	4645
890	4590
891	4526
892	4335
893	4446
894	4396
895	4596
896	4391
897	4333
898	4270
899	4219
900	4492
901	4346
902	4387
903	4542
904	4150
905	4398
906	4268
907	4382
908	4361
909	4252
910	4320
911	4440
912	4354
913	4464
914	4498
915	4372
916	4400
917	4481
918	4430
919	4495
920	4577
921	4661
922	4637
923	4547
924	4382
925	4256
926	4387
927	4295
928	4290
929	4300
930	4690
931	4400
932	4595
933	4480
934	4563
935	4393
936	4363
937	4328
938	4351
939	4361
940	4517
941	4448
942	4247
943	4476
944	4537
945	4262
946	4252
947	3976
948	4258
949	4293
950	4250
951	4307
952	4288
953	4133
954	4127
955	4163
956	4288
957	4107
958	3958
959	4112
960	4113
961	4059
962	4223
963	3947
964	4128
965	4103
966	4255
967	3989
968	3927
969	4022
970	3955
971	4023
972	4030
973	3978
974	4075
975	4006
976	4198
977	3938
978	4081
979	4041
980	4044
981	4066
982	3881
983	3758
984	3825
985	3928
986	3833
987	3883
988	4076
989	3893
990	4179
991	3952
992	3931
993	3747
994	3805
995	3980
996	3807
997	3629
998	3796
999	3979
1000	3922
1001	3814
1002	3821
1003	3697
1004	3774
1005	3852
1006	3790
1007	3793
1008	3775
1009	3856
1010	3813
1011	3854
1012	3855
1013	3801
1014	4135
1015	3663
1016	3754
1017	3897
1018	3841
1019	3901
1020	3734
1021	3669
1022	3677
1023	3593
1024	3683
1025	3636
1026	3784
1027	3861
1028	3597
1029	3638
1030	3524
1031	3692
1032	3503
1033	3522
1034	3693
1035	3628
1036	3607
1037	3628
1038	3625
1039	3594
1040	3624
1041	3576
1042	3439
1043	3543
1044	3513
1045	3552
1046	3672
1047	3853
1048	3664
1049	3509
1050	3678
1051	3548
1052	3763
1053	3586
1054	3475
1055	3578
1056	3647
1057	3497
1058	3537
1059	3595
1060	3551
1061	3451
1062	3265
1063	3519
1064	3565
1065	3531
1066	3452
1067	3435
1068	3397
1069	3359
1070	3431
1071	3638
1072	3435
1073	3369
1074	3491
1075	3403
1076	3291
1077	3506
1078	3618
1079	3577
1080	3396
1081	3640
1082	3493
1083	3627
1084	3467
1085	3617
1086	3500
1087	3542
1088	3471
1089	3522
1090	3345
1091	3327
1092	3280
1093	3427
1094	3570
1095	3406
1096	3308
1097	3444
1098	3284
1099	3444
1100	3509
1101	3318
1102	3404
1103	3448
1104	3485
1105	3594
1106	3338
1107	3616
1108	3382
1109	3456
1110	3483
1111	3518
1112	3613
1113	3411
1114	3628
1115	3520
1116	3440
1117	3511
1118	3420
1119	3335
1120	3441
1121	3569
1122	3657
1123	3560
1124	3665
1125	3422
1126	3533
1127	3617
1128	3435
1129	3485
1130	3472
1131	3518
1132	3546
1133	3507
1134	3541
1135	3563
1136	3681
1137	3372
1138	3599
1139	3638
1140	3698
1141	3906
1142	3667
1143	3760
1144	3804
1145	3650
1146	3640
1147	3656
1148	3509
1149	3573
1150	3666
1151	3919
1152	3712
1153	3711
1154	3552
1155	3637
1156	3896
1157	3809
1158	3657
1159	3567
1160	3751
1161	3702
1162	3848
1163	3657
1164	3826
1165	3585
1166	3535
1167	3505
1168	3502
1169	3547
1170	3627
1171	3441
1172	3515
1173	3649
1174	3669
1175	3487
1176	3376
1177	3412
1178	3662
1179	3497
1180	3471
1181	3437
1182	3518
1183	3563
1184	3762
1185	3659
1186	3800
1187	3424
1188	3556
1189	3609
1190	3508
1191	3445
1192	3717
1193	3635
1194	3676
1195	3473
1196	3655
1197	3540
1198	3563
1199	3727
1200	3756
1201	3495
1202	3758
1203	3621
1204	3554
1205	3478
1206	3380
1207	3575
1208	3606
1209	3563
1210	3632
1211	3596
1212	3570
1213	3263
1214	3473
1215	3533
1216	3440
1217	3516
1218	3584
1219	3419
1220	3597
1221	3542
1222	3696
1223	3746
1224	3581
1225	3689
1226	3621
1227	3672
1228	3654
1229	3577
1230	3477
1231	3552
1232	3500
1233	3570
1234	3544
1235	3687
1236	3486
1237	3599
1238	3762
1239	3609
1240	3529
1241	3558
1242	3614
1243	3614
1244	3443
1245	3513
1246	3349
1247	3449
1248	3374
1249	3367
1250	3631
1251	3480
1252	3608
1253	3778
1254	3722
1255	3926
1256	3648
1257	3765
1258	3625
1259	3560
1260	3534
1261	3678
1262	3577
1263	4000
1264	3742
1265	3991
1266	3678
1267	4037
1268	3551
1269	3756
1270	3753
1271	3644
1272	3543
1273	3447
1274	3393
1275	3545
1276	3330
1277	3421
1278	3316
1279	3401
1280	3388
1281	3431
1282	3315
1283	3396
1284	3506
1285	3478
1286	3387
1287	3468
1288	3415
1289	3557
1290	3474
1291	3347
1292	3698
1293	3378
1294	3510
1295	3499
1296	3236
1297	3283
1298	3602
1299	4019
1300	3556
1301	3624
1302	3624
1303	3609
1304	3784
1305	3838
1306	3869
1307	3771
1308	4088
1309	4044
1310	3673
1311	3761
1312	3634
1313	4203
1314	5814
1315	6188
1316	5469
1317	4910
1318	4970
1319	5306
1320	4530
1321	4490
1322	5315
1323	4946
1324	7532
1325	10192
1326	8266
1327	5152
1328	5883
1329	5534
1330	4102
1331	5462
1332	5526
1333	5182
1334	6019
1335	7234
1336	5468
1337	5494
1338	5147
1339	3949
1340	4778
1341	4574
1342	6340
1343	4738
1344	3556
1345	4135
1346	3495
1347	3294
1348	3123
1349	3264
1350	3228
1351	3360
1352	3147
1353	3257
1354	3174
1355	3146
1356	2964
1357	3139
1358	3129
1359	3242
1360	3051
1361	3083
1362	3017
1363	3280
1364	3101
1365	3080
1366	3106
1367	3077
1368	2976
1369	3105
1370	3230
1371	3183
1372	3203
1373	3174
1374	3030
1375	3052
1376	3006
1377	3165
1378	3061
1379	2842
1380	3058
1381	3007
1382	3104
1383	2886
1384	2978
1385	2989
1386	3052
1387	2972
1388	2912
1389	2955
1390	2806
1391	2936
1392	2934
1393	2885
1394	2886
1395	2774
1396	2958
1397	2886
1398	2940
1399	2949
1400	2988
1401	2928
1402	2957
1403	2934
1404	2870
1405	2897
1406	2864
1407	2862
1408	2903
1409	2913
1410	2880
1411	2837
1412	2868
1413	2867
1414	2776
1415	2814
1416	2904
1417	2725
1418	2790
1419	2847
1420	2821
1421	2843
1422	2882
1423	2840
1424	2895
1425	2732
1426	2892
1427	2927
1428	2831
1429	2871
1430	2747
1431	2881
1432	2852
1433	2816
1434	2803
1435	2840
1436	2848
1437	2972
1438	2931
1439	2972
1440	2939
1441	2874
1442	2900
1443	2838
1444	2941
1445	2766
1446	2864
1447	2848
1448	2877
1449	2900
1450	2787
1451	2783
1452	2909
1453	2843
1454	2918
1455	2904
1456	2921
1457	2983
1458	2940
1459	3088
1460	3023
1461	3183
1462	3117
1463	2923
1464	3035
1465	2908
1466	2918
1467	2958
1468	2926
1469	2944
1470	2844
1471	2857
1472	2929
1473	3064
1474	3026
1475	2953
1476	2995
1477	3091
1478	2901
1479	2889
1480	2926
1481	2930
1482	2980
1483	3260
1484	3130
1485	3006
1486	3101
1487	3219
1488	3176
1489	3085
1490	3045
1491	3244
1492	3207
1493	3238
1494	3160
1495	2920
1496	3117
1497	3118
1498	3216
1499	3614
1500	3391
1501	3206
1502	3131
1503	3045
1504	3045
1505	2927
1506	2993
1507	3258
1508	3149
1509	3176
1510	3006
1511	3198
1512	3140
1513	3040
1514	3089
1515	3095
1516	3048
1517	3193
1518	3121
1519	3083
1520	3109
1521	3238
1522	3193
1523	3130
1524	3163
1525	3183
1526	3245
1527	3220
1528	3203
1529	3091
1530	3069
1531	3078
1532	3186
1533	3068
1534	3191
1535	3238
1536	3142
1537	3267
1538	3054
1539	3158
1540	3173
1541	3153
1542	3085
1543	2992
1544	3053
1545	3037
1546	3052
1547	3211
1548	3217
1549	3315
1550	3300
1551	3217
1552	3197
1553	3091
1554	3268
1555	3294
1556	3248
1557	3399
1558	3382
1559	3117
1560	3182
1561	3192
1562	3244
1563	3213
1564	3264
1565	3236
1566	3032
1567	3169
1568	3316
1569	3158
1570	3159
1571	3107
1572	3139
1573	3141
1574	3405
1575	3369
1576	2985
1577	2997
1578	2968
1579	3138
1580	3040
1581	3073
1582	3135
1583	3134
1584	3104
1585	3357
1586	3192
1587	3290
1588	3136
1589	3163
1590	3048
1591	3198
1592	3057
1593	3026
1594	3114
1595	2975
1596	2860
1597	3018
1598	3048
1599	2965
1600	3076
1601	2995
1602	3023
1603	3394
1604	3246
1605	3246
1606	2996
1607	2990
1608	2965
1609	2982
1610	2931
1611	2980
1612	2778
1613	2862
1614	2971
1615	2864
1616	2943
1617	2875
1618	2949
1619	3027
1620	2908
1621	2874
1622	2832
1623	3103
1624	2998
1625	2981
1626	2886
1627	3136
1628	2978
1629	2942
1630	3066
1631	2766
1632	2849
1633	2922
1634	2926
1635	2891
1636	2838
1637	2868
1638	2868
1639	2957
1640	2902
1641	2871
1642	2795
1643	2938
1644	3043
1645	2920
1646	3073
1647	2999
1648	2790
1649	2895
1650	2878
1651	3013
1652	2768
1653	2846
1654	2729
1655	2818
1656	2920
1657	2802
1658	2900
1659	2851
1660	2851
1661	3124
1662	3068
1663	3217
1664	2994
1665	3035
1666	3011
1667	3253
1668	3130
1669	3081
1670	3260
1671	3048
1672	3204
1673	2967
1674	3005
1675	2879
1676	2823
1677	2947
1678	3043
1679	3149
1680	3066
1681	2904
1682	3000
1683	3162
1684	3015
1685	3041
1686	2982
1687	3017
1688	3128
1689	2835
1690	3000
1691	2959
1692	3097
1693	3189
1694	3032
1695	3009
1696	2947
1697	2972
1698	3071
1699	2852
1700	3034
1701	2937
1702	2948
1703	3043
1704	2870
1705	2964
1706	2930
1707	3188
1708	2995
1709	2988
1710	3098
1711	3003
1712	2981
1713	2997
1714	3055
1715	2970
1716	2918
1717	2976
1718	2990
1719	2782
1720	2797
1721	2956
1722	2807
1723	2998
1724	2968
1725	2908
1726	2838
1727	3128
1728	2848
1729	3100
1730	2942
1731	2846
1732	2841
1733	2929
1734	2784
1735	2832
1736	2824
1737	2888
1738	2782
1739	2887
1740	2843
1741	2863
1742	2862
1743	2775
1744	2754
1745	2857
1746	2879
1747	2888
1748	2825
1749	2818
1750	2811
1751	2704
1752	2798
1753	2812
1754	2919
1755	2864
1756	2790
1757	2607
1758	2873
1759	2881
1760	2942
1761	2750
1762	2815
1763	2678
1764	2586
1765	2763
1766	2732
1767	2779
1768	2747
1769	2900
1770	2773
1771	2917
1772	2687
1773	2826
1774	2689
1775	2709
1776	2651
1777	2586
1778	2623
1779	2506
1780	2691
1781	2619
1782	2715
1783	2679
1784	2540
1785	2544
1786	2568
1787	2728
1788	2657
1789	2584
1790	2573
1791	2424
1792	2638
1793	2775
1794	2590
1795	2531
1796	2467
1797	2470
1798	2618
1799	2463
1800	2557
1801	2567
1802	2356
1803	2520
1804	2531
1805	2473
1806	2524
1807	2415
1808	2515
1809	2624
1810	2506
1811	2533
1812	2446
1813	2485
1814	2428
1815	2367
1816	2441
1817	2425
1818	2413
1819	2476
1820	2350
1821	2244
1822	2361
1823	2511
1824	2503
1825	2444
1826	2550
1827	2328
1828	2465
1829	2260
1830	2267
1831	2429
1832	2430
1833	2310
1834	2459
1835	2570
1836	2330
1837	2416
1838	2380
1839	2368
1840	2333
1841	2297
1842	2240
1843	2380
1844	2379
1845	2325
1846	2373
1847	2279
1848	2365
1849	2384
1850	2353
1851	2348
1852	2381
1853	2362
1854	2475
1855	2400
1856	2336
1857	2377
1858	2437
1859	2280
1860	2399
1861	2438
1862	2408
1863	2400
1864	2500
1865	2283
1866	2427
1867	2303
1868	2275
1869	2387
1870	2508
1871	2399
1872	2360
1873	2323
1874	2408
1875	2459
1876	2300
1877	2326
1878	2329
1879	2276
1880	2300
1881	2323
1882	2308
1883	2290
1884	2287
1885	2383
1886	2263
1887	2260
1888	2286
1889	2349
1890	2408
1891	2453
1892	2348
1893	2402
1894	2537
1895	2300
1896	2261
1897	2391
1898	2379
1899	2376
1900	2272
1901	2291
1902	2341
1903	2383
1904	2400
1905	2228
1906	2404
1907	2316
1908	2382
1909	2324
1910	2305
1911	2385
1912	2433
1913	2392
1914	2381
1915	2354
1916	2388
1917	2531
1918	2556
1919	2434
1920	2487
1921	2387
1922	2395
1923	2348
1924	2401
1925	2375
1926	2246
1927	2395
1928	2405
1929	2350
1930	2378
1931	2347
1932	2413
1933	2223
1934	2388
1935	2392
1936	2426
1937	2392
1938	2353
1939	2426
1940	2319
1941	2535
1942	2394
1943	2377
1944	2276
1945	2281
1946	2252
1947	2391
1948	2366
1949	2438
1950	2435
1951	2297
1952	2408
1953	2530
1954	2449
1955	2414
1956	2512
1957	2465
1958	2428
1959	2448
1960	2537
1961	2626
1962	2577
1963	2592
1964	2516
1965	2614
1966	2571
1967	2482
1968	2411
1969	2409
1970	2464
1971	2515
1972	2651
1973	2524
1974	2542
1975	2520
1976	2589
1977	2622
1978	2529
1979	2469
1980	2652
1981	2599
1982	2689
1983	2523
1984	2557
1985	2529
1986	2602
1987	2598
1988	2630
1989	2556
1990	2684
1991	2721
1992	2918
1993	2829
1994	2776
1995	2716
1996	2631
1997	2723
1998	2591
1999	2682
2000	2732
2001	2785
2002	2866
2003	2855
2004	2785
2005	2539
2006	2632
2007	2660
2008	2770
2009	2943
2010	2716
2011	2634
2012	2617
2013	2727
2014	2712
2015	2757
2016	2816
2017	2645
2018	2806
2019	2722
2020	2808
2021	2734
2022	2793
2023	2744
2024	2627
2025	2614
2026	2609
2027	2824
2028	2616
2029	2662
2030	2680
2031	2634
2032	2572
2033	2573
2034	2690
2035	2673
2036	2628
2037	2568
2038	2658
2039	2600
2040	2698
2041	2590
2042	2582
2043	2660
2044	2621
2045	2641
2046	2608
2047	2588
2048	2650
2049	2591
2050	2486
2051	2522
2052	2783
2053	2574
2054	2518
2055	2517
2056	2618
2057	2567
2058	2526
2059	2618
2060	2539
2061	2583
2062	2454
2063	2470
2064	2601
2065	2365
2066	2480
2067	2402
2068	2524
2069	2443
2070	2438
2071	2547
2072	2533
2073	2531
2074	2569
2075	2372
2076	2445
2077	2311
2078	2399
2079	2505
2080	2355
2081	2445
2082	2426
2083	2283
2084	2373
2085	2447
2086	2372
2087	2323
2088	2505
2089	2376
2090	2345
2091	2306
2092	2313
2093	2288
2094	2157
2095	2293
2096	2249
2097	2336
2098	2151
2099	2343
2100	2278
2101	2273
2102	2312
2103	2349
2104	2303
2105	2176
2106	2240
2107	2154
2108	2241
2109	2323
2110	2209
2111	2187
2112	2210
2113	2170
2114	2212
2115	2134
2116	2137
2117	2083
2118	2167
2119	2087
2120	2133
2121	2161
2122	2286
2123	2282
2124	2275
2125	2045
2126	2250
2127	2250
2128	2166
2129	2173
2130	2216
2131	2245
2132	2228
2133	2134
2134	2189
2135	2354
2136	2055
2137	2100
2138	2119
2139	2138
2140	2029
2141	2064
2142	2252
2143	2137
2144	2006
2145	2147
2146	2185
2147	2074
2148	2027
2149	2028
2150	2117
2151	1968
2152	2105
2153	1960
2154	2048
2155	2038
2156	1976
2157	2116
2158	2094
2159	2010
2160	2037
2161	2069
2162	2121
2163	2175
2164	2055
2165	2203
2166	2162
2167	2144
2168	2143
2169	2167
2170	2044
2171	2266
2172	2187
2173	2031
2174	2105
2175	2124
2176	2049
2177	2093
2178	2078
2179	2318
2180	2034
2181	2074
2182	2083
2183	2128
2184	1971
2185	2191
2186	2178
2187	1972
2188	2042
2189	2046
2190	2062
2191	2018
2192	2012
2193	1954
2194	2139
2195	2046
2196	2022
2197	2096
2198	2104
2199	2282
2200	2140
2201	2065
2202	2081
2203	2103
2204	2166
2205	2242
2206	2131
2207	1998
2208	2182
2209	2181
2210	2106
2211	2110
2212	2051
2213	2082
2214	2073
2215	2054
2216	2054
2217	2157
2218	2069
2219	2012
2220	2191
2221	2093
2222	2157
2223	2135
2224	2071
2225	2127
2226	2127
2227	2041
2228	2213
2229	2102
2230	2160
2231	1990
2232	2064
2233	2210
2234	2242
2235	2158
2236	2096
2237	2236
2238	2156
2239	2068
2240	2047
2241	2272
2242	2202
2243	2368
2244	2273
2245	2265
2246	2059
2247	2166
2248	2149
2249	2249
2250	2235
2251	2185
2252	2130
2253	2170
2254	2354
2255	2189
2256	2140
2257	2140
2258	2061
2259	2305
2260	2245
2261	2371
2262	2338
2263	2267
2264	2169
2265	2139
2266	2169
2267	2049
2268	2177
2269	2292
2270	2154
2271	2096
2272	2024
2273	2126
2274	2096
2275	2092
2276	2145
2277	2125
2278	2188
2279	2085
2280	2067
2281	2081
2282	1951
2283	2039
2284	2058
2285	1969
2286	2064
2287	2008
2288	2017
2289	2073
2290	2056
2291	1990
2292	1976
2293	1972
2294	2112
2295	2012
2296	1963
2297	2007
2298	2028
2299	2039
2300	1971
2301	2047
2302	1966
2303	1973
2304	2012
2305	1914
2306	1886
2307	2039
2308	2053
2309	1943
2310	1973
2311	2021
2312	2066
2313	2035
2314	1947
2315	1913
2316	1980
2317	1823
2318	2014
2319	2016
2320	1965
2321	2064
2322	1871
2323	1920
2324	1902
2325	1931
2326	1912
2327	2041
2328	1936
2329	1797
2330	1917
2331	2015
2332	1899
2333	1934
2334	1833
2335	1834
2336	1908
2337	1988
2338	1803
2339	1906
2340	1824
2341	1834
2342	2000
2343	1895
2344	1850
2345	1845
2346	1873
2347	1878
2348	1911
2349	1834
2350	1778
2351	1827
2352	1821
2353	1896
2354	1865
2355	1860
2356	1793
2357	1939
2358	1955
2359	1849
2360	2025
2361	1959
2362	1889
2363	1887
2364	1789
2365	1824
2366	1842
2367	1860
2368	1786
2369	1773
2370	1911
2371	1824
2372	1850
2373	1829
2374	1779
2375	1880
2376	1787
2377	1930
2378	1866
2379	1809
2380	1817
2381	1768
2382	1819
2383	1781
2384	1762
2385	1800
2386	1776
2387	1745
2388	1723
2389	1816
2390	1707
2391	1797
2392	1803
2393	1762
2394	1769
2395	1682
2396	1778
2397	1825
2398	1734
2399	1799
2400	1755
2401	1769
2402	1690
2403	1707
2404	1745
2405	1797
2406	1747
2407	1764
2408	1692
2409	1785
2410	1785
2411	1637
2412	1708
2413	1664
2414	1614
2415	1771
2416	1726
2417	1726
2418	1727
2419	1754
2420	1760
2421	1811
2422	1793
2423	1770
2424	1654
2425	1682
2426	1685
2427	1773
2428	1740
2429	1778
2430	1695
2431	1684
2432	1720
2433	1680
2434	1829
2435	1790
2436	1662
2437	1705
2438	1795
2439	1663
2440	1684
2441	1787
2442	1716
2443	1720
2444	1812
2445	1731
2446	1643
2447	1642
2448	1626
2449	1646
2450	1746
2451	1644
2452	1653
2453	1682
2454	1723
2455	1823
2456	1717
2457	1764
2458	1618
2459	1707
2460	1708
2461	1750
2462	1731
2463	1619
2464	1700
2465	1721
2466	1626
2467	1466
2468	1586
2469	1650
2470	1628
2471	1656
2472	1687
2473	1744
2474	1659
2475	1713
2476	1659
2477	1671
2478	1586
2479	1669
2480	1671
2481	1708
2482	1647
2483	1769
2484	1762
2485	1754
2486	1672
2487	1699
2488	1722
2489	1635
2490	1652
2491	1597
2492	1770
2493	1653
2494	1793
2495	1827
2496	1744
2497	1772
2498	1749
2499	1804
2500	1775
2501	1721
2502	1778
2503	1743
2504	1730
2505	1812
2506	1823
2507	1713
2508	1740
2509	1773
2510	1595
2511	1824
2512	1768
2513	1813
2514	1747
2515	1733
2516	1784
2517	1703
2518	1760
2519	1708
2520	1794
2521	1699
2522	1797
2523	1781
2524	1691
2525	1730
2526	1793
2527	1671
2528	1766
2529	1635
2530	1720
2531	1897
2532	1749
2533	1759
2534	1753
2535	1708
2536	1707
2537	1748
2538	1635
2539	1836
2540	1868
2541	1801
2542	1881
2543	1850
2544	1777
2545	1887
2546	1855
2547	2037
2548	1874
2549	1796
2550	1846
2551	1798
2552	1881
2553	1761
2554	1785
2555	1816
2556	1796
2557	1855
2558	1869
2559	1827
2560	1761
2561	1763
2562	1787
2563	1780
2564	1851
2565	1847
2566	1950
2567	1709
2568	1701
2569	1759
2570	1870
2571	1771
2572	1760
2573	1675
2574	1777
2575	1721
2576	1683
2577	1587
2578	1692
2579	1763
2580	1829
2581	1697
2582	1635
2583	1702
2584	1619
2585	1644
2586	1616
2587	1674
2588	1721
2589	1802
2590	1768
2591	1704
2592	1674
2593	1722
2594	1641
2595	1710
2596	1644
2597	1696
2598	1663
2599	1781
2600	1814
2601	1609
2602	1672
2603	1730
2604	1626
2605	1736
2606	1647
2607	1703
2608	1573
2609	1663
2610	1666
2611	1622
2612	1659
2613	1606
2614	1678
2615	1629
2616	1639
2617	1721
2618	1625
2619	1682
2620	1551
2621	1556
2622	1627
2623	1635
2624	1683
2625	1657
2626	1733
2627	1620
2628	1790
2629	1607
2630	1692
2631	1634
2632	1672
2633	1687
2634	1662
2635	1621
2636	1811
2637	1731
2638	1737
2639	1827
2640	1685
2641	1780
2642	1712
2643	1863
2644	1760
2645	1901
2646	1868
2647	1763
2648	1651
2649	1752
2650	1679
2651	1760
2652	2262
2653	1942
2654	2051
2655	1704
2656	1827
2657	1630
2658	1753
2659	1804
2660	1680
2661	1740
2662	1819
2663	1744
2664	1740
2665	1801
2666	1679
2667	1722
2668	1760
2669	1768
2670	1707
2671	1689
2672	1737
2673	1762
2674	1825
2675	1899
2676	1816
2677	1922
2678	1798
2679	2124
2680	1796
2681	1729
2682	1729
2683	1885
2684	1872
2685	1830
2686	1725
2687	1697
2688	1786
2689	1921
2690	2009
2691	1889
2692	1801
2693	1796
2694	1588
2695	1760
2696	1640
2697	1716
2698	1667
2699	1866
2700	1862
2701	1966
2702	2027
2703	1819
2704	1801
2705	1750
2706	1719
2707	1751
2708	1898
2709	2112
2710	2128
2711	2046
2712	1791
2713	1755
2714	1723
2715	1716
2716	1758
2717	1767
2718	1807
2719	1902
2720	1820
2721	1754
2722	1832
2723	1691
2724	1695
2725	1480
2726	1714
2727	1775
2728	1760
2729	1611
2730	1656
2731	1717
2732	1594
2733	1531
2734	1723
2735	1664
2736	1606
2737	1647
2738	1626
2739	1612
2740	1607
2741	1568
2742	1653
2743	1710
2744	1534
2745	1604
2746	1535
2747	1576
2748	1650
2749	1554
2750	1483
2751	1565
2752	1517
2753	1451
2754	1535
2755	1564
2756	1706
2757	1552
2758	1604
2759	1528
2760	1697
2761	1567
2762	1595
2763	1637
2764	1613
2765	1558
2766	1580
2767	1738
2768	1662
2769	1707
2770	1710
2771	1734
2772	1672
2773	1560
2774	1577
2775	1577
2776	1544
2777	1576
2778	1584
2779	1515
2780	1583
2781	1604
2782	1595
2783	1603
2784	1589
2785	1502
2786	1513
2787	1469
2788	1612
2789	1595
2790	1522
2791	1623
2792	1572
2793	1455
2794	1580
2795	1544
2796	1599
2797	1608
2798	1562
2799	1506
2800	1623
2801	1574
2802	1578
2803	1513
2804	1531
2805	1522
2806	1553
2807	1506
2808	1532
2809	1522
2810	1473
2811	1526
2812	1535
2813	1544
2814	1588
2815	1592
2816	1577
2817	1608
2818	1580
2819	1592
2820	1580
2821	1494
2822	1590
2823	1550
2824	1610
2825	1593
2826	1535
2827	1517
2828	1507
2829	1450
2830	1570
2831	1626
2832	1563
2833	1543
2834	1533
2835	1509
2836	1433
2837	1470
2838	1465
2839	1487
2840	1547
2841	1411
2842	1517
2843	1488
2844	1582
2845	1552
2846	1518
2847	1648
2848	1596
2849	1604
2850	1616
2851	1481
2852	1549
2853	1526
2854	1544
2855	1651
2856	1766
2857	1547
2858	1486
2859	1601
2860	1664
2861	1624
2862	1704
2863	1875
2864	1564
2865	1722
2866	1471
2867	1478
2868	1487
2869	1494
2870	1393
2871	1353
2872	1428
2873	1434
2874	1536
2875	1492
2876	1446
2877	1516
2878	1452
2879	1496
2880	1378
2881	1477
2882	1450
2883	1488
2884	1417
2885	1465
2886	1559
2887	1533
2888	1511
2889	1495
2890	1473
2891	1455
2892	1516
2893	1439
2894	1514
2895	1543
2896	1491
2897	1519
2898	1373
2899	1588
2900	1438
2901	1458
2902	1525
2903	1570
2904	1368
2905	1370
2906	1452
2907	1480
2908	1419
2909	1412
2910	1503
2911	1486
2912	1496
2913	1468
2914	1480
2915	1360
2916	1346
2917	1415
2918	1416
2919	1485
2920	1472
2921	1422
2922	1417
2923	1405
2924	1299
2925	1413
2926	1348
2927	1465
2928	1380
2929	1351
2930	1414
2931	1394
2932	1381
2933	1505
2934	1346
2935	1413
2936	1355
2937	1428
2938	1345
2939	1426
2940	1419
2941	1411
2942	1547
2943	1424
2944	1480
2945	1301
2946	1467
2947	1370
2948	1459
2949	1290
2950	1412
2951	1294
2952	1345
2953	1419
2954	1312
2955	1457
2956	1418
2957	1372
2958	1404
2959	1416
2960	1417
2961	1427
2962	1426
2963	1532
2964	1413
2965	1379
2966	1296
2967	1443
2968	1452
2969	1453
2970	1537
2971	1365
2972	1388
2973	1452
2974	1450
2975	1381
2976	1413
2977	1383
2978	1407
2979	1359
2980	1321
2981	1389
2982	1503
2983	1436
2984	1349
2985	1336
2986	1384
2987	1376
2988	1453
2989	1413
2990	1492
2991	1376
2992	1441
2993	1434
2994	1321
2995	1430
2996	1417
2997	1289
2998	1421
2999	1421
3000	1437
3001	1435
3002	1419
3003	1489
3004	1437
3005	1599
3006	1548
3007	1473
3008	1491
3009	1401
3010	1470
3011	1547
3012	1359
3013	1388
3014	1466
3015	1356
3016	1391
3017	1475
3018	1425
3019	1382
3020	1457
3021	1439
3022	1464
3023	1381
3024	1475
3025	1338
3026	1477
3027	1386
3028	1490
3029	1394
3030	1496
3031	1496
3032	1446
3033	1418
3034	1299
3035	1413
3036	1478
3037	1420
3038	1482
3039	1414
3040	1393
3041	1435
3042	1476
3043	1474
3044	1452
3045	1498
3046	1475
3047	1481
3048	1442
3049	1453
3050	1505
3051	1478
3052	1368
3053	1527
3054	1524
3055	1507
3056	1513
3057	1501
3058	1503
3059	1491
3060	1532
3061	1457
3062	1486
3063	1390
3064	1513
3065	1511
3066	1533
3067	1543
3068	1480
3069	1491
3070	1480
3071	1423
3072	1492
3073	1572
3074	1470
3075	1416
3076	1552
3077	1482
3078	1550
3079	1491
3080	1558
3081	1411
3082	1588
3083	1378
3084	1365
3085	1442
3086	1434
3087	1336
3088	1408
3089	1363
3090	1353
3091	1338
3092	1351
3093	1358
3094	1456
3095	1458
3096	1468
3097	1404
3098	1302
3099	1403
3100	1395
3101	1425
3102	1405
3103	1414
3104	1306
3105	1349
3106	1426
3107	1407
3108	1416
3109	1302
3110	1355
3111	1381
3112	1314
3113	1291
3114	1422
3115	1296
3116	1412
3117	1294
3118	1389
3119	1355
3120	1295
3121	1329
3122	1299
3123	1331
3124	1364
3125	1372
3126	1359
3127	1265
3128	1300
3129	1265
3130	1346
3131	1239
3132	1333
3133	1414
3134	1260
3135	1303
3136	1438
3137	1317
3138	1281
3139	1324
3140	1329
3141	1326
3142	1399
3143	1276
3144	1381
3145	1327
3146	1364
3147	1284
3148	1280
3149	1350
3150	1355
3151	1342
3152	1289
3153	1303
3154	1286
3155	1352
3156	1299
3157	1396
3158	1473
3159	1334
3160	1394
3161	1410
3162	1452
3163	1366
3164	1459
3165	1486
3166	1433
3167	1467
3168	1497
3169	1265
3170	1394
3171	1296
3172	1331
3173	1397
3174	1399
3175	1398
3176	1348
3177	1386
3178	1413
3179	1352
3180	1323
3181	1329
3182	1377
3183	1292
3184	1379
3185	1402
3186	1421
3187	1385
3188	1471
3189	1372
3190	1443
3191	1396
3192	1362
3193	1355
3194	1406
3195	1454
3196	1463
3197	1413
3198	1296
3199	1353
3200	1332
3201	1381
3202	1278
3203	1470
3204	1472
3205	1465
3206	1361
3207	1356
3208	1361
3209	1445
3210	1332
3211	1447
3212	1336
3213	1335
3214	1472
3215	1404
3216	1376
3217	1469
3218	1440
3219	1489
3220	1550
3221	1463
3222	1539
3223	1385
3224	1454
3225	1462
3226	1470
3227	1439
3228	1324
3229	1297
3230	1453
3231	1423
3232	1521
3233	1496
3234	1475
3235	1484
3236	1531
3237	1515
3238	1456
3239	1426
3240	1413
3241	1394
3242	1421
3243	1507
3244	1498
3245	1446
3246	1478
3247	1356
3248	1434
3249	1425
3250	1340
3251	1410
3252	1444
3253	1545
3254	1440
3255	1476
3256	1429
3257	1485
3258	1480
3259	1425
3260	1552
3261	1418
3262	1499
3263	1447
3264	1456
3265	1455
3266	1480
3267	1389
3268	1548
3269	1540
3270	1435
3271	1375
3272	1464
3273	1552
3274	1520
3275	1480
3276	1419
3277	1516
3278	1271
3279	1532
3280	1560
3281	1380
3282	1474
3283	1535
3284	1491
3285	1607
3286	1565
3287	1598
3288	1633
3289	1541
3290	1547
3291	1467
3292	1524
3293	1535
3294	1464
3295	1508
3296	1488
3297	1527
3298	1471
3299	1523
3300	1593
3301	1572
3302	1515
3303	1492
3304	1613
3305	1489
3306	1470
3307	1535
3308	1498
3309	1485
3310	1513
3311	1458
3312	1488
3313	1544
3314	1357
3315	1489
3316	1392
3317	1551
3318	1567
3319	1514
3320	1478
3321	1503
3322	1546
3323	1432
3324	1485
3325	1437
3326	1445
3327	1374
3328	1497
3329	1375
3330	1370
3331	1461
3332	1418
3333	1458
3334	1471
3335	1351
3336	1493
3337	1430
3338	1413
3339	1334
3340	1384
3341	1460
3342	1374
3343	1388
3344	1387
3345	1394
3346	1384
3347	1410
3348	1375
3349	1371
3350	1294
3351	1434
3352	1361
3353	1361
3354	1383
3355	1274
3356	1348
3357	1362
3358	1251
3359	1453
3360	1301
3361	1284
3362	1289
3363	1346
3364	1277
3365	1317
3366	1301
3367	1275
3368	1212
3369	1276
3370	1266
3371	1168
3372	1239
3373	1340
3374	1221
3375	1214
3376	1220
3377	1251
3378	1267
3379	1267
3380	1186
3381	1174
3382	1250
3383	1193
3384	1250
3385	1174
3386	1120
3387	1297
3388	1210
3389	1188
3390	1183
3391	1246
3392	1212
3393	1184
3394	1216
3395	1215
3396	1297
3397	1214
3398	1148
3399	1219
3400	1198
3401	1284
3402	1206
3403	1187
3404	1210
3405	1268
3406	1293
3407	1222
3408	1337
3409	1203
3410	1237
3411	1251
3412	1239
3413	1210
3414	1272
3415	1179
3416	1191
3417	1227
3418	1275
3419	1210
3420	1163
3421	1186
3422	1284
3423	1243
3424	1124
3425	1281
3426	1193
3427	1162
3428	1195
3429	1239
3430	1248
3431	1162
3432	1271
3433	1288
3434	1321
3435	1194
3436	1230
3437	1197
3438	1213
3439	1228
3440	1239
3441	1294
3442	1161
3443	1227
3444	1269
3445	1246
3446	1172
3447	1198
3448	1169
3449	1208
3450	1245
3451	1151
3452	1168
3453	1269
3454	1215
3455	1182
3456	1254
3457	1195
3458	1163
3459	1144
3460	1150
3461	1086
3462	1186
3463	1194
3464	1219
3465	1132
3466	1266
3467	1142
3468	1153
3469	1112
3470	1196
3471	1079
3472	1195
3473	1199
3474	1183
3475	1104
3476	1198
3477	1209
3478	1165
3479	1188
3480	1203
3481	1109
3482	1109
3483	1150
3484	1058
3485	1166
3486	1124
3487	1130
3488	1216
3489	1162
3490	1112
3491	1209
3492	1178
3493	1218
3494	1150
3495	1193
3496	1183
3497	1120
3498	1120
3499	1116
3500	1224
3501	1179
3502	1197
3503	1081
3504	1100
3505	1134
3506	1087
3507	1171
3508	1187
3509	1077
3510	1138
3511	1102
3512	1055
3513	1143
3514	1024
3515	1162
3516	1108
3517	1111
3518	1038
3519	1134
3520	1125
3521	1197
3522	1211
3523	1222
3524	1163
3525	1122
3526	1208
3527	1131
3528	1158
3529	1182
3530	1143
3531	1079
3532	1143
3533	1062
3534	1052
3535	1157
3536	1104
3537	1113
3538	1205
3539	1141
3540	1163
3541	1107
3542	1195
3543	1147
3544	1143
3545	1029
3546	1103
3547	1078
3548	1144
3549	1096
3550	1087
3551	1168
3552	1151
3553	1078
3554	1178
3555	1201
3556	1087
3557	1134
3558	1098
3559	1201
3560	1149
3561	1207
3562	1051
3563	1124
3564	1108
3565	1106
3566	1117
3567	1099
3568	1159
3569	1166
3570	1096
3571	1138
3572	1170
3573	1210
3574	1094
3575	1153
3576	1081
3577	1245
3578	1198
3579	1227
3580	1152
3581	1148
3582	1152
3583	1100
3584	1197
3585	1128
3586	1270
3587	1183
3588	1184
3589	1206
3590	1182
3591	1189
3592	1098
3593	1219
3594	1240
3595	1211
3596	1108
3597	1169
3598	1143
3599	1117
3600	1191
3601	1156
3602	1148
3603	1104
3604	1133
3605	1098
3606	1152
3607	1177
3608	1172
3609	1074
3610	1259
3611	1144
3612	1249
3613	1141
3614	1175
3615	1128
3616	1129
3617	1288
3618	1273
3619	1126
3620	1213
3621	1079
3622	1070
3623	1182
3624	1156
3625	1142
3626	1161
3627	1107
3628	1179
3629	1136
3630	1123
3631	1180
3632	1031
3633	1122
3634	1087
3635	1152
3636	1196
3637	1125
3638	1168
3639	1160
3640	1153
3641	1219
3642	1062
3643	1182
3644	1148
3645	1102
3646	1186
3647	1124
3648	1142
3649	1114
3650	1124
3651	1153
3652	1167
3653	1110
3654	1145
3655	1207
3656	1231
3657	1154
3658	1178
3659	1154
3660	1106
3661	1174
3662	1059
3663	1080
3664	1046
3665	1211
3666	1178
3667	1201
3668	1141
3669	1182
3670	1173
3671	1082
3672	1145
3673	1176
3674	1181
3675	1212
3676	1182
3677	1203
3678	1208
3679	1259
3680	1263
3681	1279
3682	1174
3683	1286
3684	1144
3685	1171
3686	1183
3687	1139
3688	1178
3689	1120
3690	1119
3691	1148
3692	1139
3693	1140
3694	1219
3695	1163
3696	1109
3697	1283
3698	1278
3699	1247
3700	1358
3701	1363
3702	1186
3703	1186
3704	1246
3705	1187
3706	1252
3707	1197
3708	1161
3709	1176
3710	1257
3711	1310
3712	1317
3713	1228
3714	1328
3715	1262
3716	1226
3717	1216
3718	1384
3719	1198
3720	1227
3721	1197
3722	1182
3723	1153
3724	1259
3725	1195
3726	1300
3727	1226
3728	1209
3729	1153
3730	1076
3731	1208
3732	1229
3733	1168
3734	1149
3735	1192
3736	1068
3737	1208
3738	1296
3739	1198
3740	1128
3741	1196
3742	1217
3743	1160
3744	1059
3745	1197
3746	1228
3747	1236
3748	1202
3749	1198
3750	1091
3751	1210
3752	1082
3753	1166
3754	1193
3755	1166
3756	1329
3757	1255
3758	1207
3759	1213
3760	1134
3761	1229
3762	1146
3763	1088
3764	1073
3765	1088
3766	1166
3767	1147
3768	1169
3769	1099
3770	1125
3771	1229
3772	1153
3773	1261
3774	1136
3775	1195
3776	1086
3777	1143
3778	1213
3779	1137
3780	1128
3781	1152
3782	1110
3783	1165
3784	1236
3785	1108
3786	1152
3787	1055
3788	1054
3789	1167
3790	1082
3791	1178
3792	1193
3793	1132
3794	1097
3795	1086
3796	1019
3797	983
3798	1089
3799	1150
3800	1110
3801	1149
3802	1060
3803	1061
3804	1144
3805	1021
3806	1182
3807	1084
3808	1122
3809	999
3810	1096
3811	1034
3812	1014
3813	973
3814	960
3815	1133
3816	1054
3817	1084
3818	1004
3819	1057
3820	1023
3821	1072
3822	955
3823	980
3824	1060
3825	996
3826	1056
3827	1035
3828	1014
3829	1039
3830	1005
3831	909
3832	930
3833	998
3834	1018
3835	1001
3836	1003
3837	989
3838	940
3839	998
3840	1012
3841	1020
3842	949
3843	955
3844	917
3845	980
3846	1062
3847	1017
3848	936
3849	898
3850	1025
3851	1095
3852	976
3853	1017
3854	970
3855	1003
3856	945
3857	1018
3858	969
3859	988
3860	1036
3861	1054
3862	1030
3863	1018
3864	965
3865	1013
3866	963
3867	1075
3868	913
3869	944
3870	1019
3871	973
3872	967
3873	1081
3874	1000
3875	967
3876	976
3877	1019
3878	1049
3879	999
3880	996
3881	1059
3882	947
3883	1058
3884	982
3885	1030
3886	904
3887	1082
3888	1098
3889	1066
3890	1043
3891	1069
3892	1099
3893	1075
3894	1074
3895	1108
3896	1034
3897	1046
3898	1120
3899	1124
3900	1130
3901	1097
3902	1173
3903	1221
3904	1103
3905	1117
3906	1063
3907	1122
3908	1109
3909	1260
3910	1184
3911	1240
3912	1261
3913	1243
3914	1202
3915	1258
3916	1245
3917	1273
3918	1231
3919	1261
3920	1310
3921	1179
3922	1190
3923	1164
3924	1186
3925	1139
3926	1234
3927	1235
3928	1221
3929	1505
3930	1425
3931	1312
3932	1291
3933	1400
3934	1171
3935	1273
3936	1177
3937	1175
3938	1238
3939	1267
3940	1254
3941	1176
3942	1126
3943	1257
3944	1166
3945	1178
3946	1200
3947	1077
3948	1015
3949	1086
3950	1097
3951	1180
3952	1190
3953	1300
3954	1267
3955	1283
3956	1305
3957	1321
3958	1166
3959	1230
3960	1311
3961	1334
3962	1328
3963	1340
3964	1300
3965	1212
3966	1213
3967	1312
3968	1185
3969	1199
3970	1251
3971	1223
3972	1245
3973	1160
3974	1204
3975	1185
3976	1299
3977	1241
3978	1208
3979	1214
3980	1300
3981	1156
3982	1263
3983	1246
3984	1221
3985	1171
3986	1113
3987	1290
3988	1178
3989	1144
3990	1129
3991	1125
3992	1135
3993	1101
3994	1090
3995	1071
3996	1029
3997	1077
3998	1208
3999	1213
4000	1312
4001	1116
4002	1196
4003	1223
4004	1104
4005	1047
4006	986
4007	1174
4008	1159
4009	1165
4010	1230
4011	1087
4012	1240
4013	1196
4014	1114
4015	1170
4016	1120
4017	1231
4018	1249
4019	1253
4020	1284
4021	1265
4022	1266
4023	1172
4024	1204
4025	1259
4026	1220
4027	1268
4028	1338
4029	1257
4030	1359
4031	1362
4032	1701
4033	1271
4034	1326
4035	1398
4036	1124
4037	1180
4038	1104
4039	1085
4040	1121
4041	1098
4042	1174
4043	1117
4044	1096
4045	1032
4046	1110
4047	1106
4048	1021
4049	1081
4050	1138
4051	1129
4052	1086
4053	1101
4054	1064
4055	1132
4056	1063
4057	1113
4058	1132
4059	1009
4060	1038
4061	1155
4062	1072
4063	1109
4064	1143
4065	1196
4066	1173
4067	1187
4068	1164
4069	1109
4070	1060
4071	1022
4072	1045
4073	1147
4074	1058
4075	1161
4076	1037
4077	993
4078	1105
4079	1196
4080	1144
4081	1129
4082	1063
4083	1151
4084	1104
4085	1126
4086	1114
4087	1045
4088	1020
4089	1166
4090	1056
4091	1088
4092	975
4093	1024
4094	985
4095	1032
4096	1056
4097	1152
4098	1231
4099	1097
4100	1056
4101	1012
4102	1030
4103	1009
4104	1010
4105	1075
4106	934
4107	1016
4108	932
4109	1012
4110	994
4111	1002
4112	955
4113	944
4114	897
4115	947
4116	971
4117	1001
4118	947
4119	960
4120	1009
4121	937
4122	1071
4123	942
4124	888
4125	962
4126	1032
4127	1077
4128	971
4129	1009
4130	973
4131	902
4132	963
4133	953
4134	953
4135	944
4136	917
4137	936
4138	952
4139	985
4140	909
4141	884
4142	941
4143	910
4144	866
4145	970
4146	920
4147	942
4148	919
4149	946
4150	916
4151	875
4152	914
4153	816
4154	914
4155	875
4156	914
4157	850
4158	893
4159	931
4160	889
4161	900
4162	770
4163	939
4164	872
4165	846
4166	922
4167	836
4168	895
4169	788
4170	890
4171	879
4172	897
4173	997
4174	921
4175	840
4176	949
4177	862
4178	850
4179	913
4180	896
4181	907
4182	909
4183	972
4184	892
4185	780
4186	859
4187	839
4188	939
4189	867
4190	888
4191	870
4192	812
4193	943
4194	837
4195	820
4196	925
4197	849
4198	899
4199	902
4200	836
4201	955
4202	763
4203	898
4204	879
4205	818
4206	938
4207	886
4208	819
4209	915
4210	874
4211	824
4212	897
4213	893
4214	830
4215	827
4216	866
4217	969
4218	935
4219	922
4220	819
4221	844
4222	878
4223	853
4224	865
4225	940
4226	887
4227	836
4228	882
4229	850
4230	888
4231	903
4232	837
4233	921
4234	843
4235	916
4236	920
4237	866
4238	852
4239	893
4240	934
4241	910
4242	783
4243	945
4244	852
4245	877
4246	890
4247	885
4248	841
4249	938
4250	882
4251	975
4252	855
4253	922
4254	881
4255	864
4256	922
4257	797
4258	959
4259	933
4260	867
4261	840
4262	864
4263	906
4264	898
4265	924
4266	887
4267	1004
4268	946
4269	878
4270	946
4271	982
4272	981
4273	925
4274	856
4275	955
4276	1076
4277	988
4278	918
4279	901
4280	1002
4281	948
4282	974
4283	1018
4284	986
4285	828
4286	861
4287	984
4288	912
4289	867
4290	809
4291	932
4292	876
4293	873
4294	1036
4295	869
4296	894
4297	865
4298	926
4299	959
4300	906
4301	903
4302	889
4303	888
4304	899
4305	943
4306	877
4307	886
4308	939
4309	877
4310	903
4311	842
4312	934
4313	847
4314	856
4315	844
4316	829
4317	911
4318	829
4319	815
4320	836
4321	915
4322	849
4323	843
4324	857
4325	956
4326	800
4327	857
4328	925
4329	780
4330	815
4331	826
4332	891
4333	800
4334	788
4335	830
4336	849
4337	829
4338	870
4339	847
4340	766
4341	854
4342	834
4343	773
4344	856
4345	905
4346	818
4347	817
4348	749
4349	779
4350	828
4351	840
4352	813
4353	764
4354	821
4355	759
4356	795
4357	779
4358	820
4359	824
4360	827
4361	799
4362	787
4363	760
4364	828
4365	802
4366	798
4367	736
4368	782
4369	822
4370	866
4371	808
4372	839
4373	836
4374	825
4375	897
4376	787
4377	805
4378	812
4379	816
4380	723
4381	805
4382	887
4383	799
4384	854
4385	821
4386	782
4387	775
4388	861
4389	838
4390	791
4391	872
4392	791
4393	842
4394	807
4395	842
4396	771
4397	778
4398	808
4399	823
4400	768
4401	795
4402	837
4403	875
4404	801
4405	850
4406	803
4407	846
4408	800
4409	792
4410	866
4411	811
4412	782
4413	811
4414	872
4415	762
4416	814
4417	827
4418	764
4419	754
4420	753
4421	809
4422	820
4423	773
4424	774
4425	763
4426	777
4427	804
4428	708
4429	674
4430	793
4431	804
4432	793
4433	757
4434	868
4435	756
4436	747
4437	750
4438	737
4439	809
4440	782
4441	747
4442	821
4443	764
4444	768
4445	747
4446	811
4447	808
4448	760
4449	762
4450	767
4451	806
4452	781
4453	793
4454	705
4455	779
4456	778
4457	748
4458	812
4459	738
4460	733
4461	763
4462	733
4463	783
4464	836
4465	752
4466	787
4467	728
4468	736
4469	764
4470	760
4471	776
4472	821
4473	699
4474	720
4475	805
4476	773
4477	742
4478	743
4479	759
4480	786
4481	795
4482	758
4483	833
4484	732
4485	705
4486	754
4487	762
4488	754
4489	723
4490	782
4491	751
4492	760
4493	784
4494	759
4495	815
4496	705
4497	782
4498	741
4499	807
4500	787
4501	807
4502	800
4503	786
4504	783
4505	745
4506	758
4507	840
4508	789
4509	810
4510	826
4511	791
4512	782
4513	764
4514	768
4515	741
4516	737
4517	823
4518	710
4519	664
4520	801
4521	741
4522	765
4523	713
4524	747
4525	798
4526	798
4527	778
4528	772
4529	754
4530	768
4531	710
4532	754
4533	669
4534	836
4535	778
4536	804
4537	781
4538	763
4539	732
4540	698
4541	765
4542	725
4543	763
4544	729
4545	777
4546	717
4547	740
4548	858
4549	720
4550	742
4551	679
4552	765
4553	707
4554	682
4555	755
4556	732
4557	702
4558	686
4559	747
4560	726
4561	723
4562	760
4563	683
4564	747
4565	712
4566	733
4567	668
4568	682
4569	682
4570	733
4571	655
4572	697
4573	671
4574	773
4575	732
4576	695
4577	672
4578	711
4579	764
4580	748
4581	713
4582	746
4583	729
4584	712
4585	689
4586	723
4587	723
4588	794
4589	732
4590	646
4591	708
4592	703
4593	684
4594	646
4595	731
4596	707
4597	710
4598	766
4599	760
4600	739
4601	700
4602	646
4603	736
4604	723
4605	728
4606	690
4607	736
4608	724
4609	733
4610	705
4611	674
4612	717
4613	748
4614	740
4615	821
4616	740
4617	786
4618	762
4619	757
4620	777
4621	819
4622	691
4623	747
4624	715
4625	816
4626	761
4627	686
4628	838
4629	787
4630	809
4631	776
4632	796
4633	754
4634	853
4635	810
4636	840
4637	784
4638	847
4639	767
4640	803
4641	770
4642	781
4643	772
4644	805
4645	844
4646	716
4647	841
4648	834
4649	774
4650	730
4651	756
4652	723
4653	743
4654	819
4655	821
4656	755
4657	785
4658	810
4659	748
4660	765
4661	764
4662	808
4663	739
4664	816
4665	737
4666	724
4667	765
4668	707
4669	760
4670	741
4671	736
4672	714
4673	743
4674	792
4675	813
4676	724
4677	727
4678	764
4679	706
4680	733
4681	744
4682	774
4683	795
4684	768
4685	823
4686	751
4687	798
4688	845
4689	789
4690	731
4691	708
4692	777
4693	789
4694	736
4695	740
4696	785
4697	683
4698	802
4699	719
4700	793
4701	747
4702	723
4703	758
4704	739
4705	753
4706	737
4707	795
4708	720
4709	809
4710	734
4711	734
4712	726
4713	720
4714	704
4715	812
4716	740
4717	799
4718	735
4719	744
4720	723
4721	789
4722	779
4723	711
4724	677
4725	732
4726	741
4727	809
4728	814
4729	731
4730	768
4731	730
4732	808
4733	789
4734	759
4735	817
4736	749
4737	708
4738	743
4739	753
4740	750
4741	792
4742	741
4743	754
4744	749
4745	822
4746	697
4747	792
4748	779
4749	737
4750	731
4751	749
4752	730
4753	800
4754	767
4755	716
4756	738
4757	741
4758	787
4759	803
4760	714
4761	713
4762	779
4763	841
4764	789
4765	822
4766	753
4767	835
4768	812
4769	738
4770	769
4771	739
4772	747
4773	852
4774	794
4775	769
4776	764
4777	759
4778	740
4779	767
4780	735
4781	774
4782	757
4783	732
4784	757
4785	752
4786	776
4787	717
4788	724
4789	686
4790	826
4791	742
4792	833
4793	735
4794	795
4795	773
4796	762
4797	765
4798	713
4799	708
4800	727
4801	805
4802	667
4803	786
4804	775
4805	755
4806	789
4807	765
4808	704
4809	644
4810	706
4811	798
4812	812
4813	773
4814	775
4815	807
4816	717
4817	793
4818	823
4819	833
4820	768
4821	848
4822	836
4823	842
4824	760
4825	868
4826	787
4827	802
4828	810
4829	842
4830	766
4831	812
4832	807
4833	895
4834	768
4835	815
4836	702
4837	845
4838	874
4839	829
4840	856
4841	812
4842	863
4843	914
4844	857
4845	863
4846	817
4847	879
4848	770
4849	850
4850	953
4851	887
4852	955
4853	993
4854	1061
4855	761
4856	747
4857	772
4858	833
4859	842
4860	824
4861	831
4862	802
4863	795
4864	841
4865	883
4866	862
4867	877
4868	832
4869	954
4870	901
4871	753
4872	713
4873	752
4874	808
4875	747
4876	769
4877	822
4878	810
4879	741
4880	750
4881	732
4882	778
4883	756
4884	818
4885	708
4886	857
4887	749
4888	828
4889	818
4890	755
4891	746
4892	801
4893	738
4894	739
4895	765
4896	835
4897	763
4898	704
4899	671
4900	829
4901	793
4902	767
4903	758
4904	719
4905	758
4906	727
4907	848
4908	777
4909	756
4910	792
4911	715
4912	746
4913	809
4914	795
4915	734
4916	786
4917	786
4918	767
4919	771
4920	778
4921	782
4922	801
4923	775
4924	741
4925	710
4926	690
4927	741
4928	676
4929	649
4930	696
4931	740
4932	704
4933	756
4934	687
4935	742
4936	728
4937	773
4938	736
4939	734
4940	827
4941	754
4942	687
4943	676
4944	732
4945	737
4946	779
4947	721
4948	700
4949	736
4950	740
4951	704
4952	788
4953	726
4954	798
4955	663
4956	677
4957	711
4958	815
4959	735
4960	721
4961	795
4962	721
4963	699
4964	767
4965	803
4966	691
4967	747
4968	725
4969	800
4970	762
4971	756
4972	688
4973	692
4974	678
4975	719
4976	682
4977	656
4978	662
4979	744
4980	638
4981	714
4982	710
4983	635
4984	698
4985	708
4986	682
4987	664
4988	757
4989	649
4990	623
4991	730
4992	721
4993	710
4994	697
4995	667
4996	745
4997	700
4998	686
4999	748
5000	683
5001	687
5002	765
5003	743
5004	644
5005	639
5006	643
5007	651
5008	669
5009	668
5010	701
5011	665
5012	683
5013	731
5014	663
5015	728
5016	656
5017	621
5018	691
5019	672
5020	722
5021	647
5022	645
5023	650
5024	673
5025	700
5026	649
5027	716
5028	708
5029	695
5030	690
5031	633
5032	713
5033	739
5034	681
5035	552
5036	677
5037	678
5038	726
5039	649
5040	624
5041	625
5042	654
5043	584
5044	637
5045	652
5046	652
5047	703
5048	689
5049	637
5050	663
5051	692
5052	689
5053	627
5054	659
5055	649
5056	707
5057	699
5058	596
5059	676
5060	576
5061	644
5062	637
5063	709
5064	608
5065	606
5066	614
5067	648
5068	630
5069	628
5070	619
5071	674
5072	603
5073	576
5074	608
5075	629
5076	674
5077	648
5078	660
5079	682
5080	626
5081	680
5082	663
5083	628
5084	641
5085	628
5086	615
5087	636
5088	686
5089	607
5090	605
5091	637
5092	720
5093	689
5094	678
5095	652
5096	604
5097	698
5098	613
5099	717
5100	619
5101	648
5102	649
5103	627
5104	612
5105	680
5106	649
5107	605
5108	637
5109	562
5110	609
5111	620
5112	595
5113	641
5114	604
5115	582
5116	630
5117	623
5118	572
5119	621
5120	570
5121	651
5122	660
5123	664
5124	576
5125	630
5126	620
5127	560
5128	530
5129	651
5130	604
5131	624
5132	638
5133	610
5134	576
5135	587
5136	579
5137	594
5138	600
5139	611
5140	568
5141	594
5142	545
5143	621
5144	577
5145	543
5146	629
5147	642
5148	598
5149	618
5150	578
5151	623
5152	613
5153	572
5154	639
5155	592
5156	556
5157	544
5158	562
5159	607
5160	591
5161	561
5162	580
5163	629
5164	649
5165	587
5166	625
5167	663
5168	625
5169	552
5170	590
5171	629
5172	543
5173	530
5174	567
5175	589
5176	544
5177	659
5178	599
5179	640
5180	557
5181	600
5182	632
5183	674
5184	639
5185	572
5186	654
5187	620
5188	631
5189	642
5190	593
5191	608
5192	578
5193	625
5194	622
5195	585
5196	643
5197	610
5198	555
5199	627
5200	630
5201	580
5202	590
5203	597
5204	573
5205	640
5206	596
5207	554
5208	616
5209	647
5210	660
5211	552
5212	572
5213	604
5214	589
5215	578
5216	557
5217	541
5218	590
5219	565
5220	606
5221	577
5222	650
5223	599
5224	614
5225	654
5226	552
5227	575
5228	635
5229	630
5230	585
5231	622
5232	552
5233	576
5234	588
5235	571
5236	652
5237	587
5238	598
5239	594
5240	661
5241	576
5242	594
5243	621
5244	568
5245	619
5246	677
5247	643
5248	613
5249	636
5250	581
5251	612
5252	616
5253	580
5254	562
5255	633
5256	623
5257	625
5258	565
5259	614
5260	585
5261	640
5262	592
5263	638
5264	606
5265	581
5266	551
5267	618
5268	621
5269	627
5270	604
5271	599
5272	554
5273	632
5274	630
5275	586
5276	609
5277	631
5278	573
5279	529

