## htsjdk.samtools.metrics.StringHeader
# CollectInsertSizeMetrics HISTOGRAM_FILE=/work/ugbogu/pipeline/data/nbl/GSE189367/results/picard/SRR17011008_insert_size_histogram.pdf MINIMUM_PCT=0.5 INPUT=/work/ugbogu/pipeline/data/nbl/GSE189367/results/star/SRR17011008.Aligned.sortedByCoord.out.bam OUTPUT=/work/ugbogu/pipeline/data/nbl/GSE189367/results/picard/SRR17011008_insert_size_metrics.txt    DEVIATIONS=10.0 METRIC_ACCUMULATION_LEVEL=[ALL_READS] INCLUDE_DUPLICATES=false ASSUME_SORTED=true STOP_AFTER=0 VERBOSITY=INFO QUIET=false VALIDATION_STRINGENCY=STRICT COMPRESSION_LEVEL=5 MAX_RECORDS_IN_RAM=500000 CREATE_INDEX=false CREATE_MD5_FILE=false USE_JDK_DEFLATER=false USE_JDK_INFLATER=false
## htsjdk.samtools.metrics.StringHeader
# Started on: Fri Apr 10 02:13:10 UTC 2026

## METRICS CLASS	picard.analysis.InsertSizeMetrics
MEDIAN_INSERT_SIZE	MODE_INSERT_SIZE	MEDIAN_ABSOLUTE_DEVIATION	MIN_INSERT_SIZE	MAX_INSERT_SIZE	MEAN_INSERT_SIZE	STANDARD_DEVIATION	READ_PAIRS	PAIR_ORIENTATION	WIDTH_OF_10_PERCENT	WIDTH_OF_20_PERCENT	WIDTH_OF_30_PERCENT	WIDTH_OF_40_PERCENT	WIDTH_OF_50_PERCENT	WIDTH_OF_60_PERCENT	WIDTH_OF_70_PERCENT	WIDTH_OF_80_PERCENT	WIDTH_OF_90_PERCENT	WIDTH_OF_95_PERCENT	WIDTH_OF_99_PERCENT	SAMPLE	LIBRARY	READ_GROUP
834	123	708	26	2068786	1391.327157	1801.692708	26729964	FR	609	1069	1265	1359	1417	1601	4133	9183	26633	88813	153955			

## HISTOGRAM	java.lang.Integer
insert_size	All_Reads.fr_count
26	1
28	3
29	1
30	2
31	5
32	6
33	26
34	35
35	279
36	367
37	292
38	292
39	291
40	372
41	437
42	395
43	382
44	457
45	533
46	600
47	517
48	584
49	682
50	743
51	792
52	822
53	834
54	740
55	991
56	1033
57	1166
58	1455
59	1609
60	1795
61	1763
62	1953
63	2184
64	2210
65	2517
66	2816
67	3303
68	3703
69	3945
70	4316
71	5868
72	5207
73	7536
74	6940
75	19543
76	8484
77	7573
78	9882
79	9370
80	9122
81	10646
82	11212
83	13523
84	13094
85	13413
86	14537
87	15195
88	17153
89	18241
90	19906
91	22226
92	24692
93	25501
94	27171
95	30179
96	31714
97	36167
98	38917
99	41372
100	42630
101	44144
102	45922
103	48219
104	52602
105	55496
106	57343
107	59471
108	60634
109	64143
110	65879
111	67588
112	70187
113	71867
114	73863
115	75849
116	78810
117	79475
118	84498
119	82190
120	86923
121	91942
122	89549
123	96611
124	95447
125	91378
126	88533
127	90773
128	89416
129	89409
130	90638
131	90570
132	89998
133	94542
134	93638
135	90899
136	92349
137	91188
138	89918
139	89799
140	89917
141	87633
142	87581
143	86272
144	84943
145	84880
146	82728
147	83156
148	83044
149	82566
150	80098
151	81326
152	78164
153	78204
154	77225
155	76783
156	75481
157	74597
158	73225
159	70791
160	70610
161	69011
162	68792
163	67754
164	65740
165	64713
166	64936
167	63468
168	62640
169	62780
170	62119
171	59649
172	59354
173	58596
174	56269
175	56956
176	56299
177	54267
178	54503
179	53066
180	52748
181	51881
182	51420
183	50100
184	49308
185	48623
186	48330
187	47943
188	47193
189	45862
190	44842
191	45200
192	44513
193	44652
194	42915
195	42033
196	41395
197	41527
198	40514
199	39845
200	41020
201	40138
202	39954
203	39266
204	38257
205	38387
206	37300
207	36923
208	36808
209	36108
210	34725
211	34769
212	35176
213	34714
214	33704
215	33288
216	32357
217	32221
218	32450
219	31433
220	31398
221	31976
222	30933
223	30800
224	29967
225	29402
226	30168
227	29850
228	29588
229	29744
230	29739
231	29079
232	28457
233	28619
234	27584
235	27321
236	27723
237	26710
238	25832
239	25757
240	25549
241	25546
242	24938
243	24736
244	24613
245	24875
246	23803
247	24166
248	23332
249	23164
250	23301
251	22955
252	22426
253	22501
254	22028
255	21701
256	21475
257	21459
258	21506
259	21189
260	20915
261	20667
262	20680
263	20912
264	20085
265	20142
266	20048
267	19726
268	19792
269	19847
270	19322
271	19294
272	18888
273	18962
274	18160
275	18757
276	17653
277	17814
278	17853
279	17466
280	17326
281	17440
282	17411
283	17312
284	17230
285	16999
286	16821
287	16310
288	16270
289	16317
290	15990
291	15983
292	15756
293	15680
294	15409
295	15426
296	15589
297	15083
298	15017
299	14575
300	14506
301	14289
302	14269
303	14519
304	14063
305	13929
306	13786
307	13915
308	13614
309	13782
310	13592
311	13529
312	13265
313	12806
314	13424
315	13063
316	12973
317	12846
318	12727
319	12878
320	12415
321	12330
322	12536
323	12350
324	12302
325	12513
326	11851
327	11887
328	11975
329	11483
330	12026
331	11834
332	11804
333	11480
334	11037
335	11169
336	11285
337	11398
338	11221
339	10978
340	11144
341	11026
342	10627
343	10893
344	11115
345	10749
346	10703
347	11186
348	10116
349	10536
350	10325
351	10151
352	10130
353	10068
354	10496
355	9960
356	10028
357	10145
358	9920
359	10070
360	10032
361	10116
362	9985
363	9875
364	9781
365	9498
366	9479
367	9741
368	9426
369	9509
370	9442
371	9209
372	9204
373	9327
374	9044
375	9021
376	9170
377	8837
378	8963
379	9010
380	8988
381	8915
382	8591
383	8864
384	8912
385	8744
386	8621
387	9032
388	8341
389	8400
390	8328
391	8780
392	8455
393	8411
394	8388
395	8248
396	8478
397	8036
398	7932
399	8342
400	8323
401	8308
402	8387
403	8181
404	8099
405	8080
406	7778
407	7641
408	7862
409	7821
410	7600
411	7718
412	7992
413	7437
414	7817
415	7664
416	7767
417	7828
418	7948
419	7423
420	7345
421	7180
422	7337
423	7437
424	7516
425	7382
426	7352
427	7209
428	7486
429	7413
430	7249
431	7302
432	7172
433	7126
434	7081
435	7227
436	6918
437	6997
438	6997
439	7126
440	7152
441	7264
442	6873
443	7030
444	7075
445	6704
446	7103
447	6838
448	6910
449	6923
450	6800
451	6814
452	6667
453	6737
454	7041
455	6696
456	6658
457	6432
458	6323
459	6455
460	6392
461	6373
462	6405
463	6332
464	6258
465	6179
466	6383
467	6368
468	6257
469	6198
470	6321
471	6115
472	6175
473	6260
474	6372
475	6411
476	6009
477	6181
478	5779
479	6062
480	6009
481	6145
482	5841
483	5779
484	5904
485	5967
486	5834
487	5897
488	5861
489	5894
490	5967
491	5869
492	5854
493	5710
494	5701
495	5905
496	5856
497	5997
498	5854
499	5628
500	5667
501	5703
502	5883
503	5767
504	5793
505	5855
506	5684
507	5922
508	5650
509	5838
510	5834
511	5757
512	5797
513	5736
514	5639
515	5661
516	5747
517	5706
518	5790
519	5845
520	5696
521	5747
522	5890
523	5679
524	5726
525	5665
526	5663
527	5585
528	5590
529	5778
530	5689
531	5806
532	5745
533	5716
534	5542
535	5834
536	5668
537	5628
538	5775
539	5615
540	5766
541	5816
542	5574
543	5649
544	5588
545	5634
546	5800
547	5771
548	5762
549	5706
550	5818
551	5462
552	5505
553	5849
554	5586
555	5724
556	5657
557	5667
558	5631
559	5408
560	5448
561	5402
562	5509
563	5727
564	5689
565	5457
566	5386
567	5485
568	5552
569	5601
570	5373
571	5726
572	5564
573	5505
574	5621
575	5507
576	5738
577	5337
578	5508
579	5605
580	5392
581	5591
582	5590
583	5574
584	5215
585	5524
586	5503
587	5255
588	5552
589	5630
590	5290
591	5697
592	5370
593	5528
594	5125
595	5137
596	5321
597	5503
598	5411
599	5256
600	5369
601	5358
602	5416
603	5240
604	5058
605	5313
606	5205
607	5399
608	5186
609	5077
610	5283
611	5222
612	5151
613	5274
614	4907
615	5295
616	5076
617	5127
618	5074
619	5097
620	5311
621	5112
622	5175
623	5115
624	5237
625	5229
626	4906
627	5340
628	5146
629	4829
630	5118
631	5290
632	5113
633	5068
634	5227
635	4945
636	5055
637	4886
638	4917
639	5057
640	4976
641	4970
642	5001
643	5025
644	4892
645	5090
646	4974
647	4914
648	4897
649	5099
650	4906
651	4957
652	5067
653	5074
654	5121
655	4977
656	4964
657	4728
658	5017
659	5036
660	4858
661	4954
662	4841
663	5230
664	5045
665	4925
666	4976
667	4969
668	4907
669	5097
670	5108
671	5006
672	4714
673	4953
674	5076
675	4826
676	4965
677	5077
678	4991
679	4791
680	4862
681	4956
682	4971
683	4972
684	4898
685	4763
686	4843
687	4938
688	4683
689	4758
690	4947
691	4789
692	4819
693	4895
694	5150
695	4934
696	5112
697	4970
698	4913
699	4991
700	4861
701	4903
702	5025
703	5061
704	4979
705	5034
706	4873
707	4975
708	4990
709	5100
710	4822
711	4959
712	4779
713	5087
714	5027
715	5126
716	4972
717	4783
718	5039
719	4839
720	4969
721	4822
722	4766
723	4773
724	4912
725	5067
726	4819
727	4742
728	4877
729	4927
730	4920
731	4906
732	4896
733	4992
734	4933
735	4662
736	4855
737	4925
738	4714
739	4695
740	4886
741	4829
742	4837
743	4773
744	4623
745	4881
746	4700
747	4669
748	4827
749	4519
750	4684
751	4794
752	4659
753	4646
754	4688
755	4639
756	4840
757	4711
758	4753
759	4799
760	4361
761	4694
762	4763
763	4698
764	4774
765	4492
766	5005
767	4684
768	4830
769	4666
770	4682
771	4664
772	4570
773	4801
774	4537
775	4564
776	4640
777	4631
778	4394
779	4483
780	4852
781	4364
782	4534
783	4694
784	4594
785	4490
786	4581
787	4638
788	4651
789	4602
790	4492
791	4611
792	4444
793	4792
794	4624
795	4528
796	4535
797	4584
798	4428
799	4460
800	4393
801	4415
802	4646
803	4616
804	4457
805	4486
806	4581
807	4400
808	4506
809	4344
810	4345
811	4418
812	4551
813	4308
814	4309
815	4442
816	4543
817	4347
818	4445
819	4281
820	4162
821	4306
822	4372
823	4368
824	4296
825	4217
826	4232
827	4299
828	4108
829	4445
830	4452
831	4257
832	4529
833	4265
834	4390
835	4419
836	4401
837	4591
838	4438
839	4358
840	4428
841	4232
842	4237
843	4318
844	4342
845	4318
846	4497
847	4106
848	4405
849	4254
850	4430
851	4131
852	4381
853	4168
854	4287
855	4460
856	4179
857	4197
858	4318
859	4337
860	4438
861	4433
862	4233
863	4160
864	4034
865	4034
866	4135
867	4384
868	4053
869	4266
870	4217
871	4038
872	4018
873	4382
874	4185
875	4240
876	4266
877	4415
878	4071
879	4264
880	4093
881	4055
882	4331
883	4245
884	4033
885	4334
886	4038
887	3958
888	4090
889	4101
890	4291
891	4039
892	4088
893	4055
894	4028
895	4213
896	4145
897	4037
898	4056
899	4055
900	4207
901	4095
902	4156
903	4134
904	4059
905	4048
906	4109
907	4118
908	4187
909	3883
910	4175
911	4164
912	4088
913	4221
914	4168
915	4181
916	4137
917	4238
918	4089
919	4192
920	3981
921	4300
922	4241
923	4347
924	4174
925	4127
926	4288
927	4090
928	4126
929	4170
930	4241
931	4070
932	4205
933	4156
934	4233
935	4022
936	4037
937	4049
938	4179
939	4178
940	4222
941	4248
942	4084
943	4143
944	4349
945	3942
946	4067
947	3958
948	4004
949	3993
950	4016
951	3993
952	4180
953	4060
954	3938
955	3854
956	4008
957	3785
958	4043
959	4010
960	3719
961	3912
962	3953
963	4082
964	4023
965	3927
966	4021
967	3973
968	3755
969	3810
970	3846
971	3793
972	3904
973	3998
974	3935
975	4076
976	4009
977	3823
978	3817
979	3904
980	3826
981	3704
982	3617
983	3791
984	3868
985	3674
986	3898
987	3838
988	3794
989	3626
990	3754
991	3712
992	3805
993	3666
994	3753
995	3901
996	3782
997	3734
998	3789
999	3818
1000	3688
1001	3569
1002	3619
1003	3780
1004	3464
1005	3732
1006	3714
1007	3631
1008	3657
1009	3735
1010	3528
1011	3584
1012	3800
1013	3589
1014	3856
1015	3640
1016	3557
1017	3625
1018	3722
1019	3699
1020	3696
1021	3498
1022	3707
1023	3570
1024	3658
1025	3615
1026	3701
1027	3589
1028	3602
1029	3598
1030	3343
1031	3406
1032	3479
1033	3325
1034	3468
1035	3274
1036	3539
1037	3670
1038	3572
1039	3426
1040	3532
1041	3579
1042	3484
1043	3592
1044	3538
1045	3617
1046	3595
1047	3581
1048	3523
1049	3593
1050	3517
1051	3552
1052	3496
1053	3514
1054	3442
1055	3560
1056	3380
1057	3467
1058	3303
1059	3446
1060	3200
1061	3402
1062	3395
1063	3494
1064	3433
1065	3398
1066	3470
1067	3462
1068	3350
1069	3385
1070	3223
1071	3574
1072	3495
1073	3459
1074	3455
1075	3307
1076	3293
1077	3355
1078	3397
1079	3326
1080	3455
1081	3285
1082	3423
1083	3370
1084	3424
1085	3229
1086	3397
1087	3116
1088	3407
1089	3358
1090	3209
1091	3243
1092	3238
1093	3310
1094	3379
1095	3573
1096	3238
1097	3342
1098	3322
1099	3198
1100	3359
1101	3394
1102	3270
1103	3228
1104	3184
1105	3212
1106	3270
1107	3223
1108	3321
1109	3522
1110	3379
1111	3517
1112	3403
1113	3319
1114	3315
1115	3288
1116	3294
1117	3175
1118	3224
1119	3258
1120	3280
1121	3246
1122	3233
1123	3341
1124	3320
1125	3272
1126	3123
1127	3225
1128	3213
1129	3290
1130	3126
1131	3335
1132	3163
1133	3219
1134	3288
1135	3373
1136	3273
1137	3319
1138	3355
1139	3216
1140	3309
1141	3375
1142	3385
1143	3460
1144	3250
1145	3373
1146	3217
1147	3447
1148	3372
1149	3431
1150	3374
1151	3544
1152	3332
1153	3386
1154	3279
1155	3460
1156	3505
1157	3466
1158	3261
1159	3506
1160	3387
1161	3298
1162	3440
1163	3402
1164	3645
1165	3515
1166	3307
1167	3434
1168	3434
1169	3508
1170	3239
1171	3266
1172	3214
1173	3321
1174	3394
1175	3273
1176	3229
1177	3258
1178	3307
1179	3040
1180	3306
1181	3347
1182	3177
1183	3423
1184	3368
1185	3455
1186	3455
1187	3371
1188	3188
1189	3137
1190	3239
1191	3318
1192	3424
1193	3494
1194	3369
1195	3214
1196	3315
1197	3285
1198	3378
1199	3231
1200	3458
1201	3404
1202	3385
1203	3291
1204	3342
1205	3194
1206	3353
1207	3360
1208	3424
1209	3287
1210	3232
1211	3219
1212	3201
1213	3203
1214	3259
1215	3313
1216	3323
1217	3443
1218	3362
1219	3375
1220	3522
1221	3263
1222	3513
1223	3402
1224	3436
1225	3178
1226	3431
1227	3307
1228	3423
1229	3405
1230	3577
1231	3412
1232	3385
1233	3454
1234	3463
1235	3294
1236	3347
1237	3389
1238	3342
1239	3319
1240	3289
1241	3394
1242	3452
1243	3299
1244	3244
1245	3199
1246	3326
1247	3437
1248	3283
1249	3293
1250	3370
1251	3246
1252	3221
1253	3364
1254	3305
1255	3437
1256	3432
1257	3551
1258	3430
1259	3268
1260	3417
1261	3434
1262	3321
1263	3461
1264	3222
1265	3313
1266	3425
1267	3432
1268	3451
1269	3377
1270	3368
1271	3410
1272	3452
1273	3241
1274	3463
1275	3334
1276	3143
1277	3345
1278	3210
1279	3197
1280	3237
1281	3320
1282	3198
1283	3177
1284	3219
1285	3216
1286	3303
1287	3081
1288	3429
1289	3129
1290	3093
1291	3308
1292	3222
1293	3155
1294	3300
1295	3144
1296	3080
1297	3255
1298	3169
1299	3135
1300	3104
1301	3134
1302	3239
1303	3270
1304	3174
1305	3095
1306	3240
1307	3156
1308	3121
1309	3176
1310	3078
1311	3171
1312	3055
1313	3092
1314	3120
1315	2997
1316	3217
1317	3153
1318	3184
1319	3180
1320	3168
1321	3119
1322	3029
1323	3005
1324	3015
1325	2905
1326	2957
1327	3138
1328	3011
1329	3111
1330	3039
1331	3096
1332	2962
1333	2986
1334	2997
1335	3109
1336	2999
1337	3038
1338	3050
1339	3084
1340	2999
1341	2929
1342	3029
1343	2963
1344	2940
1345	2867
1346	2968
1347	3053
1348	2961
1349	3078
1350	2916
1351	2992
1352	2967
1353	2952
1354	3036
1355	3102
1356	2987
1357	3054
1358	3067
1359	3105
1360	2938
1361	3099
1362	2976
1363	2821
1364	2984
1365	2972
1366	2886
1367	2914
1368	2936
1369	3122
1370	2909
1371	2919
1372	3021
1373	2983
1374	2880
1375	2923
1376	3079
1377	2917
1378	2896
1379	2935
1380	2990
1381	3031
1382	2795
1383	3037
1384	3019
1385	3040
1386	2960
1387	2953
1388	3099
1389	2782
1390	2713
1391	2824
1392	3077
1393	2950
1394	2880
1395	2899
1396	2867
1397	3075
1398	2881
1399	3035
1400	2939
1401	2709
1402	2830
1403	2834
1404	2965
1405	2866
1406	2746
1407	2849
1408	2791
1409	2839
1410	2705
1411	2880
1412	2928
1413	2852
1414	2921
1415	2718
1416	2860
1417	2935
1418	2981
1419	2901
1420	2902
1421	2946
1422	2788
1423	2683
1424	2758
1425	2666
1426	2741
1427	2811
1428	2820
1429	2786
1430	2786
1431	3003
1432	2738
1433	2770
1434	2711
1435	2820
1436	2783
1437	2920
1438	2940
1439	2868
1440	2781
1441	2878
1442	2793
1443	2752
1444	2922
1445	2777
1446	2824
1447	2830
1448	2905
1449	2671
1450	2929
1451	2840
1452	2634
1453	2737
1454	2910
1455	2967
1456	2816
1457	2776
1458	2962
1459	2808
1460	2776
1461	2899
1462	2815
1463	2935
1464	2801
1465	2822
1466	2617
1467	2629
1468	2879
1469	2819
1470	2694
1471	2995
1472	2814
1473	3045
1474	2884
1475	2788
1476	2956
1477	2995
1478	2782
1479	2761
1480	2727
1481	2844
1482	2998
1483	2988
1484	2854
1485	2860
1486	2912
1487	2869
1488	2928
1489	2880
1490	2806
1491	2834
1492	2923
1493	2898
1494	2898
1495	2903
1496	2921
1497	2915
1498	2954
1499	2986
1500	2924
1501	3139
1502	3118
1503	3055
1504	2902
1505	2744
1506	2912
1507	2979
1508	2859
1509	2813
1510	2992
1511	2900
1512	3036
1513	2965
1514	2999
1515	3138
1516	2884
1517	3069
1518	2896
1519	2901
1520	2928
1521	3081
1522	2917
1523	3036
1524	3018
1525	3079
1526	2997
1527	3071
1528	2972
1529	2705
1530	2829
1531	2936
1532	2894
1533	2995
1534	2963
1535	2811
1536	3109
1537	2997
1538	2943
1539	3020
1540	2915
1541	2776
1542	3007
1543	2831
1544	2991
1545	3002
1546	2950
1547	3062
1548	3069
1549	2954
1550	2983
1551	2938
1552	3194
1553	3026
1554	3015
1555	3142
1556	3289
1557	3206
1558	3215
1559	2954
1560	3065
1561	3163
1562	3010
1563	3025
1564	3045
1565	3139
1566	2818
1567	3121
1568	3044
1569	3051
1570	2948
1571	3107
1572	3084
1573	2987
1574	2878
1575	2998
1576	2842
1577	2933
1578	2954
1579	3070
1580	3033
1581	2999
1582	3251
1583	3109
1584	3018
1585	3113
1586	2984
1587	3028
1588	3101
1589	2959
1590	2849
1591	2962
1592	2971
1593	2859
1594	2857
1595	2955
1596	2814
1597	2776
1598	2878
1599	2926
1600	2918
1601	2971
1602	2911
1603	2956
1604	2904
1605	3038
1606	2688
1607	2998
1608	2921
1609	2928
1610	2945
1611	2879
1612	2846
1613	2885
1614	2713
1615	2866
1616	2923
1617	2984
1618	2794
1619	2874
1620	2830
1621	2757
1622	2800
1623	2890
1624	2801
1625	2732
1626	2792
1627	2714
1628	2791
1629	2804
1630	2634
1631	2607
1632	2866
1633	2745
1634	2907
1635	2727
1636	2718
1637	2713
1638	2940
1639	2905
1640	2819
1641	2848
1642	2730
1643	2757
1644	2879
1645	2778
1646	2706
1647	2646
1648	2644
1649	2749
1650	2835
1651	2901
1652	2755
1653	2705
1654	2619
1655	2695
1656	2806
1657	2592
1658	2645
1659	2638
1660	2853
1661	2785
1662	2688
1663	2932
1664	2747
1665	2859
1666	2955
1667	2800
1668	2792
1669	2728
1670	2820
1671	3053
1672	3112
1673	2837
1674	2923
1675	2603
1676	2731
1677	2652
1678	2710
1679	2764
1680	2776
1681	2732
1682	2705
1683	2628
1684	2753
1685	2678
1686	2600
1687	2624
1688	2801
1689	2680
1690	2619
1691	2783
1692	2784
1693	2700
1694	2686
1695	2694
1696	2727
1697	2868
1698	2828
1699	2683
1700	2721
1701	2713
1702	2838
1703	2833
1704	2750
1705	2830
1706	2829
1707	2815
1708	2833
1709	2824
1710	3052
1711	2858
1712	2872
1713	2787
1714	2635
1715	2830
1716	2926
1717	2630
1718	2842
1719	2693
1720	2629
1721	2674
1722	2823
1723	2968
1724	2571
1725	2796
1726	2920
1727	2711
1728	2784
1729	2851
1730	2788
1731	2670
1732	2776
1733	2832
1734	2691
1735	2646
1736	2697
1737	2857
1738	2784
1739	2871
1740	2667
1741	2763
1742	2596
1743	2805
1744	2862
1745	2837
1746	2818
1747	2915
1748	2856
1749	2740
1750	2617
1751	2670
1752	2602
1753	2749
1754	2805
1755	2945
1756	2685
1757	2736
1758	2681
1759	2637
1760	2647
1761	2581
1762	2566
1763	2844
1764	2499
1765	2598
1766	2541
1767	2610
1768	2607
1769	2573
1770	2468
1771	2780
1772	2687
1773	2721
1774	2837
1775	2662
1776	2622
1777	2628
1778	2613
1779	2572
1780	2553
1781	2575
1782	2684
1783	2476
1784	2356
1785	2643
1786	2491
1787	2465
1788	2461
1789	2461
1790	2592
1791	2411
1792	2405
1793	2309
1794	2529
1795	2569
1796	2533
1797	2382
1798	2608
1799	2417
1800	2342
1801	2475
1802	2368
1803	2446
1804	2353
1805	2472
1806	2256
1807	2353
1808	2363
1809	2362
1810	2390
1811	2293
1812	2386
1813	2272
1814	2562
1815	2443
1816	2337
1817	2336
1818	2419
1819	2448
1820	2449
1821	2402
1822	2364
1823	2361
1824	2387
1825	2351
1826	2336
1827	2456
1828	2315
1829	2295
1830	2383
1831	2353
1832	2567
1833	2361
1834	2322
1835	2280
1836	2461
1837	2377
1838	2404
1839	2387
1840	2324
1841	2353
1842	2371
1843	2379
1844	2297
1845	2509
1846	2340
1847	2203
1848	2339
1849	2244
1850	2290
1851	2318
1852	2332
1853	2325
1854	2365
1855	2454
1856	2472
1857	2357
1858	2437
1859	2292
1860	2252
1861	2440
1862	2302
1863	2391
1864	2387
1865	2378
1866	2224
1867	2291
1868	2416
1869	2357
1870	2269
1871	2390
1872	2468
1873	2344
1874	2341
1875	2258
1876	2266
1877	2297
1878	2292
1879	2208
1880	2284
1881	2196
1882	2281
1883	2369
1884	2336
1885	2274
1886	2333
1887	2316
1888	2322
1889	2377
1890	2382
1891	2336
1892	2359
1893	2472
1894	2411
1895	2338
1896	2343
1897	2521
1898	2365
1899	2311
1900	2435
1901	2479
1902	2465
1903	2434
1904	2428
1905	2446
1906	2441
1907	2427
1908	2486
1909	2493
1910	2466
1911	2417
1912	2240
1913	2469
1914	2476
1915	2466
1916	2519
1917	2542
1918	2410
1919	2431
1920	2421
1921	2434
1922	2469
1923	2439
1924	2443
1925	2487
1926	2432
1927	2522
1928	2362
1929	2512
1930	2417
1931	2410
1932	2547
1933	2364
1934	2413
1935	2355
1936	2358
1937	2363
1938	2423
1939	2338
1940	2499
1941	2319
1942	2490
1943	2560
1944	2522
1945	2512
1946	2419
1947	2353
1948	2368
1949	2440
1950	2524
1951	2346
1952	2361
1953	2408
1954	2341
1955	2284
1956	2427
1957	2357
1958	2490
1959	2425
1960	2455
1961	2524
1962	2349
1963	2456
1964	2539
1965	2345
1966	2472
1967	2458
1968	2389
1969	2454
1970	2510
1971	2474
1972	2365
1973	2513
1974	2468
1975	2442
1976	2431
1977	2354
1978	2481
1979	2566
1980	2394
1981	2606
1982	2511
1983	2468
1984	2457
1985	2492
1986	2594
1987	2473
1988	2400
1989	2531
1990	2514
1991	2634
1992	2756
1993	2557
1994	2649
1995	2522
1996	2531
1997	2531
1998	2607
1999	2525
2000	2499
2001	2677
2002	2754
2003	2625
2004	2552
2005	2520
2006	2701
2007	2578
2008	2485
2009	2385
2010	2551
2011	2568
2012	2545
2013	2516
2014	2600
2015	2631
2016	2541
2017	2605
2018	2585
2019	2601
2020	2674
2021	2592
2022	2549
2023	2545
2024	2489
2025	2578
2026	2468
2027	2457
2028	2719
2029	2463
2030	2492
2031	2545
2032	2463
2033	2476
2034	2372
2035	2553
2036	2471
2037	2532
2038	2489
2039	2472
2040	2449
2041	2533
2042	2330
2043	2575
2044	2552
2045	2462
2046	2471
2047	2514
2048	2456
2049	2450
2050	2493
2051	2436
2052	2443
2053	2472
2054	2551
2055	2537
2056	2493
2057	2552
2058	2499
2059	2505
2060	2463
2061	2489
2062	2294
2063	2544
2064	2481
2065	2469
2066	2354
2067	2371
2068	2376
2069	2428
2070	2390
2071	2471
2072	2394
2073	2376
2074	2678
2075	2325
2076	2446
2077	2167
2078	2515
2079	2308
2080	2416
2081	2372
2082	2294
2083	2259
2084	2174
2085	2318
2086	2367
2087	2292
2088	2340
2089	2461
2090	2391
2091	2483
2092	2369
2093	2205
2094	2070
2095	2289
2096	2294
2097	2305
2098	2372
2099	2271
2100	2250
2101	2253
2102	2247
2103	2490
2104	2287
2105	2262
2106	2375
2107	2466
2108	2383
2109	2485
2110	2396
2111	2200
2112	2199
2113	2226
2114	2201
2115	2192
2116	2337
2117	2303
2118	2363
2119	2346
2120	2343
2121	2271
2122	2399
2123	2137
2124	2269
2125	2270
2126	2170
2127	2298
2128	2235
2129	2400
2130	2310
2131	2143
2132	2328
2133	2194
2134	2208
2135	2102
2136	2330
2137	2232
2138	2229
2139	2285
2140	2288
2141	2156
2142	2210
2143	2353
2144	2178
2145	2103
2146	2152
2147	2223
2148	2324
2149	2158
2150	2088
2151	2259
2152	2154
2153	2167
2154	2075
2155	2125
2156	2150
2157	2212
2158	2166
2159	2238
2160	2288
2161	2149
2162	2170
2163	2117
2164	2015
2165	2253
2166	2160
2167	2233
2168	2145
2169	2168
2170	2214
2171	2226
2172	2158
2173	2220
2174	2190
2175	2072
2176	2114
2177	2234
2178	2168
2179	2268
2180	2358
2181	2160
2182	2275
2183	2030
2184	2260
2185	2180
2186	2169
2187	2248
2188	2200
2189	2219
2190	2049
2191	2157
2192	2058
2193	2063
2194	2107
2195	2182
2196	2146
2197	2252
2198	2059
2199	2252
2200	2072
2201	2087
2202	2323
2203	2255
2204	2250
2205	2196
2206	2048
2207	2242
2208	2229
2209	2301
2210	2237
2211	2326
2212	2047
2213	2097
2214	2118
2215	2180
2216	2100
2217	2208
2218	2151
2219	2163
2220	2023
2221	2290
2222	2105
2223	2196
2224	2237
2225	2196
2226	2158
2227	2239
2228	2106
2229	2105
2230	1948
2231	2218
2232	2122
2233	2232
2234	2120
2235	2086
2236	2115
2237	2240
2238	2010
2239	2200
2240	2208
2241	2239
2242	2297
2243	2235
2244	2451
2245	2077
2246	2312
2247	2222
2248	2083
2249	2160
2250	2305
2251	2171
2252	2162
2253	2303
2254	2346
2255	2097
2256	2022
2257	2307
2258	2238
2259	2081
2260	2333
2261	2297
2262	2209
2263	2277
2264	2274
2265	2077
2266	2120
2267	2329
2268	2058
2269	2332
2270	2168
2271	2148
2272	2092
2273	2163
2274	2229
2275	2187
2276	2193
2277	2121
2278	2275
2279	2132
2280	2222
2281	2154
2282	1962
2283	1962
2284	2057
2285	2064
2286	2136
2287	2108
2288	2276
2289	2207
2290	2042
2291	2178
2292	2055
2293	2222
2294	2106
2295	1945
2296	2149
2297	2156
2298	2074
2299	2145
2300	1947
2301	2179
2302	2221
2303	2062
2304	2068
2305	2104
2306	2008
2307	2083
2308	1967
2309	2055
2310	1985
2311	2185
2312	2126
2313	2059
2314	1861
2315	2016
2316	2207
2317	2120
2318	2219
2319	2177
2320	2084
2321	2149
2322	2134
2323	2101
2324	2168
2325	2112
2326	2043
2327	1930
2328	2037
2329	2193
2330	2054
2331	2034
2332	2017
2333	1920
2334	2003
2335	1963
2336	2030
2337	1919
2338	1964
2339	2094
2340	2087
2341	2089
2342	2056
2343	2116
2344	2113
2345	1938
2346	1969
2347	1973
2348	1877
2349	1956
2350	2040
2351	1939
2352	1952
2353	1969
2354	1886
2355	2031
2356	1855
2357	2043
2358	2003
2359	1916
2360	1946
2361	1923
2362	1970
2363	1940
2364	1834
2365	2086
2366	1973
2367	1979
2368	2003
2369	2032
2370	1870
2371	2016
2372	1810
2373	1915
2374	1803
2375	1763
2376	1827
2377	1895
2378	1852
2379	1847
2380	2046
2381	2042
2382	2094
2383	1821
2384	1801
2385	1852
2386	1904
2387	1756
2388	1990
2389	1825
2390	1868
2391	1909
2392	1801
2393	1921
2394	1758
2395	1885
2396	1693
2397	1880
2398	1844
2399	1875
2400	1784
2401	1816
2402	1831
2403	1868
2404	1850
2405	1915
2406	1981
2407	1849
2408	1808
2409	1711
2410	1708
2411	1733
2412	1711
2413	1685
2414	1827
2415	1834
2416	1752
2417	1786
2418	1767
2419	1720
2420	1798
2421	1758
2422	1636
2423	1863
2424	1809
2425	1724
2426	1714
2427	1677
2428	1725
2429	1733
2430	1728
2431	1763
2432	1660
2433	1766
2434	1720
2435	1772
2436	1792
2437	1593
2438	1640
2439	1845
2440	1753
2441	1753
2442	1769
2443	1650
2444	1576
2445	1627
2446	1750
2447	1774
2448	1686
2449	1613
2450	1624
2451	1654
2452	1674
2453	1745
2454	1831
2455	1667
2456	1793
2457	1754
2458	1784
2459	1820
2460	1817
2461	1656
2462	1828
2463	1746
2464	1643
2465	1682
2466	1751
2467	1683
2468	1710
2469	1714
2470	1777
2471	1726
2472	1728
2473	1730
2474	1786
2475	1828
2476	1844
2477	1643
2478	1632
2479	1811
2480	1784
2481	1665
2482	1833
2483	1874
2484	1786
2485	1713
2486	1728
2487	1804
2488	1693
2489	1794
2490	1781
2491	1793
2492	1753
2493	1769
2494	1704
2495	1815
2496	1812
2497	1757
2498	1863
2499	1784
2500	1750
2501	1637
2502	1816
2503	1794
2504	1780
2505	1745
2506	1748
2507	1799
2508	1711
2509	1740
2510	1758
2511	1756
2512	1644
2513	1708
2514	1749
2515	1867
2516	1724
2517	1668
2518	1689
2519	1688
2520	1697
2521	1794
2522	1667
2523	1702
2524	1656
2525	1708
2526	1702
2527	1694
2528	1913
2529	1856
2530	1661
2531	1668
2532	1670
2533	1660
2534	1639
2535	1731
2536	1693
2537	1652
2538	1620
2539	1771
2540	1700
2541	1678
2542	1746
2543	1755
2544	1780
2545	1744
2546	1819
2547	1885
2548	1673
2549	1732
2550	1732
2551	1733
2552	1676
2553	1670
2554	1697
2555	1753
2556	1718
2557	1680
2558	1709
2559	1776
2560	1720
2561	1727
2562	1686
2563	1808
2564	1731
2565	1740
2566	1773
2567	1707
2568	1751
2569	1598
2570	1640
2571	1770
2572	1710
2573	1765
2574	1718
2575	1693
2576	1642
2577	1651
2578	1768
2579	1664
2580	1607
2581	1538
2582	1605
2583	1603
2584	1772
2585	1752
2586	1710
2587	1719
2588	1673
2589	1651
2590	1593
2591	1745
2592	1749
2593	1689
2594	1766
2595	1632
2596	1688
2597	1745
2598	1703
2599	1527
2600	1579
2601	1739
2602	1620
2603	1847
2604	1601
2605	1637
2606	1618
2607	1727
2608	1596
2609	1677
2610	1551
2611	1729
2612	1691
2613	1676
2614	1603
2615	1549
2616	1634
2617	1663
2618	1745
2619	1667
2620	1582
2621	1667
2622	1700
2623	1782
2624	1662
2625	1690
2626	1698
2627	1687
2628	1726
2629	1635
2630	1834
2631	1700
2632	1705
2633	1725
2634	1833
2635	1837
2636	1698
2637	1788
2638	1817
2639	1924
2640	1852
2641	1821
2642	1655
2643	1721
2644	1761
2645	1838
2646	2012
2647	2085
2648	1805
2649	1808
2650	1984
2651	1749
2652	1911
2653	2265
2654	3564
2655	2203
2656	1735
2657	1698
2658	1718
2659	1887
2660	1690
2661	1841
2662	1743
2663	1742
2664	1926
2665	1783
2666	1799
2667	1846
2668	1815
2669	2020
2670	1869
2671	1836
2672	1781
2673	1652
2674	1714
2675	1896
2676	1939
2677	1956
2678	1916
2679	1912
2680	1923
2681	1960
2682	1913
2683	1917
2684	2027
2685	2000
2686	1874
2687	1979
2688	1889
2689	1919
2690	1947
2691	1817
2692	1896
2693	1860
2694	1827
2695	1867
2696	1869
2697	1834
2698	1779
2699	1757
2700	1958
2701	1940
2702	1915
2703	1813
2704	1961
2705	1879
2706	1818
2707	1760
2708	1881
2709	2057
2710	2019
2711	1944
2712	1866
2713	1724
2714	1824
2715	1833
2716	1768
2717	1666
2718	1819
2719	1876
2720	1788
2721	1816
2722	1879
2723	1690
2724	1717
2725	1684
2726	1763
2727	1716
2728	1761
2729	1720
2730	1767
2731	1661
2732	1817
2733	1676
2734	1758
2735	1677
2736	1719
2737	1682
2738	1731
2739	1805
2740	1740
2741	1804
2742	1867
2743	1734
2744	1773
2745	1695
2746	1733
2747	1622
2748	1566
2749	1773
2750	1685
2751	1726
2752	1751
2753	1564
2754	1641
2755	1815
2756	1715
2757	1727
2758	1563
2759	1796
2760	1781
2761	1841
2762	1723
2763	1785
2764	1840
2765	1709
2766	1741
2767	1727
2768	1649
2769	1725
2770	1811
2771	1702
2772	1749
2773	1668
2774	1656
2775	1772
2776	1679
2777	1714
2778	1538
2779	1522
2780	1716
2781	1746
2782	1715
2783	1703
2784	1662
2785	1622
2786	1525
2787	1634
2788	1648
2789	1620
2790	1628
2791	1695
2792	1550
2793	1559
2794	1569
2795	1525
2796	1628
2797	1519
2798	1598
2799	1568
2800	1510
2801	1688
2802	1676
2803	1695
2804	1608
2805	1575
2806	1542
2807	1635
2808	1579
2809	1520
2810	1689
2811	1657
2812	1736
2813	1584
2814	1613
2815	1613
2816	1716
2817	1539
2818	1591
2819	1714
2820	1615
2821	1664
2822	1611
2823	1654
2824	1636
2825	1596
2826	1599
2827	1580
2828	1536
2829	1724
2830	1501
2831	1650
2832	1599
2833	1638
2834	1597
2835	1517
2836	1672
2837	1488
2838	1478
2839	1565
2840	1614
2841	1619
2842	1496
2843	1588
2844	1586
2845	1553
2846	1502
2847	1558
2848	1617
2849	1538
2850	1543
2851	1515
2852	1604
2853	1529
2854	1486
2855	1515
2856	1534
2857	1559
2858	1569
2859	1526
2860	1644
2861	1612
2862	1688
2863	1614
2864	1557
2865	1571
2866	1596
2867	1653
2868	1714
2869	1478
2870	1508
2871	1544
2872	1556
2873	1506
2874	1516
2875	1530
2876	1544
2877	1503
2878	1485
2879	1592
2880	1617
2881	1560
2882	1468
2883	1452
2884	1595
2885	1510
2886	1600
2887	1583
2888	1619
2889	1618
2890	1586
2891	1442
2892	1539
2893	1466
2894	1503
2895	1546
2896	1461
2897	1530
2898	1566
2899	1602
2900	1629
2901	1595
2902	1500
2903	1533
2904	1485
2905	1507
2906	1550
2907	1549
2908	1523
2909	1531
2910	1586
2911	1488
2912	1576
2913	1555
2914	1639
2915	1460
2916	1615
2917	1454
2918	1523
2919	1486
2920	1462
2921	1453
2922	1587
2923	1483
2924	1603
2925	1626
2926	1434
2927	1518
2928	1505
2929	1659
2930	1642
2931	1624
2932	1569
2933	1706
2934	1589
2935	1508
2936	1570
2937	1704
2938	1607
2939	1557
2940	1462
2941	1559
2942	1633
2943	1520
2944	1555
2945	1442
2946	1468
2947	1465
2948	1577
2949	1530
2950	1523
2951	1579
2952	1558
2953	1422
2954	1531
2955	1553
2956	1499
2957	1527
2958	1528
2959	1653
2960	1666
2961	1508
2962	1615
2963	1638
2964	1588
2965	1526
2966	1529
2967	1528
2968	1598
2969	1737
2970	1475
2971	1570
2972	1634
2973	1571
2974	1681
2975	1680
2976	1536
2977	1654
2978	1616
2979	1583
2980	1718
2981	1497
2982	1611
2983	1526
2984	1591
2985	1658
2986	1639
2987	1608
2988	1675
2989	1632
2990	1708
2991	1640
2992	1619
2993	1676
2994	1511
2995	1457
2996	1608
2997	1616
2998	1578
2999	1660
3000	1499
3001	1494
3002	1577
3003	1648
3004	1558
3005	1704
3006	1748
3007	1647
3008	1643
3009	1569
3010	1605
3011	1754
3012	1583
3013	1590
3014	1601
3015	1629
3016	1485
3017	1604
3018	1567
3019	1735
3020	1562
3021	1482
3022	1535
3023	1664
3024	1531
3025	1588
3026	1545
3027	1576
3028	1612
3029	1524
3030	1566
3031	1475
3032	1541
3033	1493
3034	1573
3035	1468
3036	1526
3037	1562
3038	1582
3039	1524
3040	1568
3041	1484
3042	1426
3043	1519
3044	1527
3045	1535
3046	1632
3047	1582
3048	1723
3049	1650
3050	1565
3051	1643
3052	1631
3053	1657
3054	1687
3055	1748
3056	1865
3057	1778
3058	1683
3059	1761
3060	1655
3061	1723
3062	1714
3063	1743
3064	1705
3065	1704
3066	1736
3067	1639
3068	1599
3069	1595
3070	1608
3071	1648
3072	1608
3073	1592
3074	1860
3075	1671
3076	1695
3077	1778
3078	1878
3079	1647
3080	1754
3081	1655
3082	1765
3083	1722
3084	1708
3085	1870
3086	1480
3087	1718
3088	1739
3089	1689
3090	1453
3091	1660
3092	1562
3093	1595
3094	1471
3095	1833
3096	1626
3097	1731
3098	1569
3099	1620
3100	1697
3101	1691
3102	1601
3103	1648
3104	1593
3105	1633
3106	1855
3107	1698
3108	1565
3109	1611
3110	1623
3111	1608
3112	1658
3113	1538
3114	1718
3115	1642
3116	1734
3117	1567
3118	1636
3119	1647
3120	1532
3121	1523
3122	1526
3123	1509
3124	1599
3125	1720
3126	1610
3127	1682
3128	1619
3129	1544
3130	1553
3131	1674
3132	1449
3133	1575
3134	1552
3135	1644
3136	1548
3137	1583
3138	1534
3139	1565
3140	1521
3141	1640
3142	1517
3143	1691
3144	1579
3145	1534
3146	1565
3147	1552
3148	1409
3149	1553
3150	1519
3151	1626
3152	1576
3153	1479
3154	1611
3155	1580
3156	1482
3157	1488
3158	1523
3159	1505
3160	1646
3161	1504
3162	1529
3163	1519
3164	1580
3165	1477
3166	1611
3167	1511
3168	1484
3169	1523
3170	1513
3171	1546
3172	1382
3173	1482
3174	1419
3175	1643
3176	1471
3177	1543
3178	1443
3179	1534
3180	1459
3181	1612
3182	1400
3183	1541
3184	1480
3185	1456
3186	1415
3187	1428
3188	1451
3189	1474
3190	1489
3191	1512
3192	1570
3193	1475
3194	1566
3195	1601
3196	1494
3197	1465
3198	1501
3199	1508
3200	1395
3201	1398
3202	1462
3203	1560
3204	1444
3205	1523
3206	1561
3207	1465
3208	1534
3209	1422
3210	1444
3211	1584
3212	1486
3213	1419
3214	1402
3215	1464
3216	1386
3217	1346
3218	1518
3219	1460
3220	1458
3221	1493
3222	1482
3223	1369
3224	1527
3225	1437
3226	1535
3227	1429
3228	1364
3229	1414
3230	1431
3231	1467
3232	1430
3233	1419
3234	1429
3235	1678
3236	1574
3237	1496
3238	1474
3239	1520
3240	1540
3241	1525
3242	1498
3243	1416
3244	1410
3245	1450
3246	1426
3247	1407
3248	1412
3249	1417
3250	1498
3251	1440
3252	1345
3253	1428
3254	1406
3255	1490
3256	1451
3257	1356
3258	1371
3259	1246
3260	1494
3261	1463
3262	1473
3263	1417
3264	1437
3265	1429
3266	1517
3267	1406
3268	1486
3269	1353
3270	1354
3271	1365
3272	1445
3273	1389
3274	1409
3275	1435
3276	1421
3277	1468
3278	1445
3279	1417
3280	1470
3281	1471
3282	1481
3283	1478
3284	1463
3285	1534
3286	1522
3287	1421
3288	1461
3289	1424
3290	1476
3291	1618
3292	1456
3293	1535
3294	1488
3295	1425
3296	1396
3297	1415
3298	1477
3299	1470
3300	1376
3301	1498
3302	1447
3303	1418
3304	1415
3305	1500
3306	1528
3307	1392
3308	1474
3309	1363
3310	1497
3311	1397
3312	1443
3313	1347
3314	1443
3315	1402
3316	1415
3317	1465
3318	1467
3319	1417
3320	1553
3321	1401
3322	1476
3323	1406
3324	1481
3325	1452
3326	1412
3327	1463
3328	1364
3329	1386
3330	1325
3331	1498
3332	1556
3333	1463
3334	1409
3335	1363
3336	1453
3337	1451
3338	1350
3339	1367
3340	1341
3341	1422
3342	1380
3343	1380
3344	1400
3345	1421
3346	1367
3347	1408
3348	1322
3349	1383
3350	1342
3351	1375
3352	1335
3353	1291
3354	1387
3355	1298
3356	1404
3357	1230
3358	1355
3359	1369
3360	1285
3361	1282
3362	1339
3363	1312
3364	1282
3365	1318
3366	1340
3367	1273
3368	1314
3369	1325
3370	1201
3371	1280
3372	1217
3373	1422
3374	1295
3375	1216
3376	1267
3377	1407
3378	1208
3379	1245
3380	1204
3381	1356
3382	1287
3383	1227
3384	1274
3385	1274
3386	1240
3387	1292
3388	1263
3389	1231
3390	1313
3391	1277
3392	1206
3393	1280
3394	1240
3395	1317
3396	1364
3397	1269
3398	1240
3399	1314
3400	1157
3401	1290
3402	1310
3403	1109
3404	1220
3405	1170
3406	1313
3407	1186
3408	1251
3409	1238
3410	1216
3411	1187
3412	1192
3413	1251
3414	1273
3415	1310
3416	1191
3417	1425
3418	1238
3419	1158
3420	1274
3421	1288
3422	1402
3423	1294
3424	1176
3425	1270
3426	1286
3427	1352
3428	1366
3429	1371
3430	1254
3431	1240
3432	1274
3433	1251
3434	1273
3435	1385
3436	1298
3437	1105
3438	1292
3439	1277
3440	1206
3441	1348
3442	1160
3443	1356
3444	1289
3445	1275
3446	1315
3447	1279
3448	1258
3449	1341
3450	1233
3451	1154
3452	1237
3453	1275
3454	1279
3455	1188
3456	1140
3457	1194
3458	1324
3459	1232
3460	1226
3461	1281
3462	1373
3463	1311
3464	1242
3465	1298
3466	1182
3467	1224
3468	1123
3469	1190
3470	1229
3471	1254
3472	1325
3473	1247
3474	1266
3475	1250
3476	1262
3477	1199
3478	1188
3479	1235
3480	1255
3481	1341
3482	1186
3483	1268
3484	1236
3485	1200
3486	1319
3487	1261
3488	1250
3489	1263
3490	1265
3491	1262
3492	1197
3493	1253
3494	1300
3495	1279
3496	1228
3497	1319
3498	1236
3499	1302
3500	1298
3501	1320
3502	1257
3503	1237
3504	1243
3505	1233
3506	1176
3507	1357
3508	1180
3509	1214
3510	1281
3511	1176
3512	1206
3513	1238
3514	1312
3515	1303
3516	1251
3517	1137
3518	1150
3519	1281
3520	1278
3521	1320
3522	1186
3523	1234
3524	1316
3525	1289
3526	1206
3527	1377
3528	1320
3529	1202
3530	1132
3531	1101
3532	1293
3533	1170
3534	1246
3535	1347
3536	1307
3537	1248
3538	1212
3539	1205
3540	1181
3541	1124
3542	1220
3543	1120
3544	1247
3545	1231
3546	1306
3547	1293
3548	1166
3549	1158
3550	1259
3551	1123
3552	1234
3553	1169
3554	1237
3555	1272
3556	1135
3557	1229
3558	1231
3559	1367
3560	1253
3561	1324
3562	1269
3563	1151
3564	1173
3565	1273
3566	1157
3567	1231
3568	1208
3569	1188
3570	1186
3571	1260
3572	1135
3573	1193
3574	1189
3575	1239
3576	1189
3577	1317
3578	1243
3579	1287
3580	1240
3581	1248
3582	1350
3583	1226
3584	1230
3585	1246
3586	1309
3587	1195
3588	1307
3589	1293
3590	1268
3591	1320
3592	1278
3593	1242
3594	1327
3595	1271
3596	1348
3597	1238
3598	1184
3599	1318
3600	1277
3601	1334
3602	1220
3603	1236
3604	1193
3605	1276
3606	1225
3607	1255
3608	1262
3609	1323
3610	1347
3611	1297
3612	1261
3613	1185
3614	1270
3615	1349
3616	1227
3617	1341
3618	1396
3619	1322
3620	1371
3621	1333
3622	1253
3623	1306
3624	1327
3625	1313
3626	1241
3627	1336
3628	1298
3629	1208
3630	1239
3631	1326
3632	1298
3633	1298
3634	1203
3635	1228
3636	1302
3637	1212
3638	1249
3639	1337
3640	1317
3641	1177
3642	1343
3643	1263
3644	1256
3645	1278
3646	1286
3647	1213
3648	1231
3649	1252
3650	1326
3651	1258
3652	1202
3653	1259
3654	1259
3655	1363
3656	1376
3657	1262
3658	1269
3659	1308
3660	1197
3661	1192
3662	1217
3663	1273
3664	1265
3665	1298
3666	1278
3667	1201
3668	1193
3669	1231
3670	1164
3671	1320
3672	1299
3673	1279
3674	1296
3675	1291
3676	1334
3677	1361
3678	1234
3679	1270
3680	1377
3681	1192
3682	1192
3683	1159
3684	1226
3685	1293
3686	1230
3687	1200
3688	1163
3689	1235
3690	1303
3691	1172
3692	1162
3693	1183
3694	1245
3695	1249
3696	1200
3697	1253
3698	1260
3699	1229
3700	1305
3701	1261
3702	1160
3703	1278
3704	1283
3705	1204
3706	1288
3707	1244
3708	1290
3709	1092
3710	1332
3711	1192
3712	1311
3713	1259
3714	1163
3715	1336
3716	1239
3717	1194
3718	1286
3719	1206
3720	1148
3721	1181
3722	1167
3723	1223
3724	1234
3725	1260
3726	1326
3727	1261
3728	1280
3729	1100
3730	1117
3731	1144
3732	1211
3733	1213
3734	1083
3735	1251
3736	1117
3737	1221
3738	1278
3739	1210
3740	1245
3741	1204
3742	1085
3743	1068
3744	1129
3745	1173
3746	1157
3747	1327
3748	1155
3749	1216
3750	1173
3751	1056
3752	1113
3753	1222
3754	1233
3755	1249
3756	1211
3757	1201
3758	1044
3759	1115
3760	1132
3761	1148
3762	1160
3763	1185
3764	1185
3765	1126
3766	1083
3767	1114
3768	1128
3769	1187
3770	1081
3771	1169
3772	1168
3773	1131
3774	1123
3775	1206
3776	1163
3777	1143
3778	1184
3779	1161
3780	1061
3781	1172
3782	1140
3783	1225
3784	1143
3785	1144
3786	1087
3787	1159
3788	1227
3789	1172
3790	990
3791	1212
3792	1072
3793	1228
3794	1168
3795	1121
3796	1119
3797	1157
3798	961
3799	1161
3800	1105
3801	1147
3802	1090
3803	1150
3804	981
3805	1115
3806	1127
3807	1068
3808	1120
3809	1059
3810	1128
3811	1143
3812	1080
3813	1101
3814	1049
3815	1034
3816	1110
3817	1044
3818	1139
3819	996
3820	1065
3821	1064
3822	1012
3823	1049
3824	1054
3825	1088
3826	1133
3827	1035
3828	1075
3829	1025
3830	1044
3831	1065
3832	959
3833	982
3834	1014
3835	978
3836	1078
3837	1052
3838	969
3839	989
3840	975
3841	1006
3842	1026
3843	1033
3844	1016
3845	1096
3846	979
3847	1037
3848	972
3849	1055
3850	980
3851	1074
3852	1000
3853	1101
3854	1049
3855	1018
3856	974
3857	1040
3858	947
3859	1073
3860	1073
3861	1034
3862	1125
3863	1021
3864	1071
3865	994
3866	1050
3867	1110
3868	1015
3869	1093
3870	1040
3871	1056
3872	1020
3873	1039
3874	1115
3875	1225
3876	1073
3877	1065
3878	1113
3879	1065
3880	1083
3881	1085
3882	1048
3883	1080
3884	1097
3885	1106
3886	1065
3887	1048
3888	1038
3889	1120
3890	1148
3891	1044
3892	1229
3893	1059
3894	1051
3895	1092
3896	1174
3897	1079
3898	1135
3899	1099
3900	1083
3901	1245
3902	1108
3903	1107
3904	1134
3905	1072
3906	1009
3907	1011
3908	1097
3909	1127
3910	1174
3911	1237
3912	1095
3913	1094
3914	1106
3915	1305
3916	1184
3917	1188
3918	1249
3919	1220
3920	1203
3921	1292
3922	1173
3923	1261
3924	1290
3925	1174
3926	1298
3927	1210
3928	1253
3929	1322
3930	1191
3931	1302
3932	1345
3933	1274
3934	1207
3935	1224
3936	1210
3937	1087
3938	1225
3939	1114
3940	1323
3941	1282
3942	1174
3943	1100
3944	1131
3945	1148
3946	1256
3947	1144
3948	1128
3949	1129
3950	1153
3951	1226
3952	1236
3953	1334
3954	1262
3955	1210
3956	1201
3957	1226
3958	1275
3959	1114
3960	1145
3961	1273
3962	1260
3963	1227
3964	1262
3965	1231
3966	1155
3967	1162
3968	1205
3969	1148
3970	1192
3971	1209
3972	1220
3973	1275
3974	1261
3975	1246
3976	1249
3977	1150
3978	1088
3979	1172
3980	1207
3981	1169
3982	1160
3983	1247
3984	1167
3985	1163
3986	1100
3987	1219
3988	1167
3989	1176
3990	1177
3991	1121
3992	1107
3993	1124
3994	1160
3995	1138
3996	1036
3997	1074
3998	1130
3999	1180
4000	1153
4001	1193
4002	1153
4003	1112
4004	1135
4005	1018
4006	1194
4007	1084
4008	1062
4009	1197
4010	1180
4011	1128
4012	1223
4013	1157
4014	1060
4015	1138
4016	1122
4017	1113
4018	1200
4019	1204
4020	1157
4021	1098
4022	1221
4023	1094
4024	1123
4025	1211
4026	1192
4027	1195
4028	1208
4029	1151
4030	1136
4031	1201
4032	1248
4033	1238
4034	1106
4035	1200
4036	1067
4037	1076
4038	1143
4039	1073
4040	1005
4041	1144
4042	1056
4043	1106
4044	1070
4045	1055
4046	1130
4047	1017
4048	1117
4049	1123
4050	1086
4051	1106
4052	1120
4053	1128
4054	1127
4055	1056
4056	1056
4057	1150
4058	1134
4059	995
4060	1052
4061	1026
4062	1038
4063	1068
4064	1113
4065	1166
4066	1246
4067	1148
4068	1198
4069	1090
4070	1141
4071	1092
4072	1105
4073	1022
4074	1165
4075	1155
4076	1173
4077	1121
4078	1095
4079	1169
4080	1108
4081	1098
4082	1128
4083	1124
4084	1101
4085	1179
4086	1163
4087	1148
4088	1131
4089	1190
4090	1149
4091	1092
4092	1117
4093	1101
4094	1179
4095	1108
4096	1273
4097	1169
4098	1259
4099	1133
4100	1161
4101	1049
4102	1136
4103	1093
4104	1163
4105	1076
4106	1086
4107	1159
4108	1158
4109	1097
4110	1161
4111	1130
4112	1110
4113	1038
4114	1109
4115	1084
4116	1050
4117	1126
4118	1044
4119	1087
4120	1134
4121	1013
4122	1075
4123	1007
4124	1245
4125	1134
4126	1143
4127	1118
4128	1115
4129	1103
4130	1211
4131	1087
4132	1015
4133	1088
4134	1099
4135	1144
4136	1133
4137	1030
4138	1116
4139	1035
4140	1136
4141	994
4142	1086
4143	1078
4144	978
4145	986
4146	1063
4147	1119
4148	1114
4149	1087
4150	1018
4151	1007
4152	1041
4153	1160
4154	1093
4155	1073
4156	992
4157	1017
4158	1045
4159	1129
4160	1016
4161	1035
4162	1028
4163	1139
4164	1070
4165	1047
4166	1088
4167	1018
4168	1022
4169	985
4170	1049
4171	1056
4172	1009
4173	1113
4174	1023
4175	976
4176	996
4177	1011
4178	1019
4179	933
4180	995
4181	1063
4182	979
4183	1045
4184	1024
4185	1040
4186	1101
4187	969
4188	938
4189	942
4190	1019
4191	993
4192	951
4193	1043
4194	914
4195	953
4196	1046
4197	973
4198	999
4199	1021
4200	971
4201	911
4202	1067
4203	913
4204	923
4205	903
4206	1042
4207	909
4208	935
4209	925
4210	1008
4211	957
4212	1000
4213	890
4214	952
4215	932
4216	928
4217	963
4218	1034
4219	924
4220	923
4221	899
4222	1021
4223	989
4224	1033
4225	952
4226	1013
4227	956
4228	1032
4229	961
4230	987
4231	979
4232	925
4233	1022
4234	946
4235	927
4236	1000
4237	1054
4238	894
4239	1036
4240	1068
4241	991
4242	896
4243	998
4244	1009
4245	941
4246	923
4247	973
4248	1063
4249	1047
4250	963
4251	1038
4252	1080
4253	950
4254	969
4255	943
4256	949
4257	876
4258	920
4259	931
4260	891
4261	882
4262	978
4263	1019
4264	973
4265	1011
4266	1015
4267	1000
4268	916
4269	1028
4270	957
4271	963
4272	1023
4273	971
4274	943
4275	992
4276	1003
4277	949
4278	858
4279	1087
4280	1027
4281	928
4282	929
4283	1052
4284	1030
4285	957
4286	1025
4287	877
4288	939
4289	985
4290	1043
4291	995
4292	940
4293	971
4294	1017
4295	995
4296	887
4297	1022
4298	921
4299	957
4300	1005
4301	1018
4302	896
4303	968
4304	949
4305	983
4306	977
4307	1011
4308	1002
4309	959
4310	1002
4311	930
4312	940
4313	1091
4314	907
4315	917
4316	1024
4317	888
4318	972
4319	1030
4320	1037
4321	957
4322	1003
4323	1034
4324	982
4325	972
4326	1007
4327	937
4328	898
4329	949
4330	1005
4331	830
4332	912
4333	957
4334	893
4335	1025
4336	902
4337	941
4338	825
4339	888
4340	906
4341	924
4342	945
4343	827
4344	973
4345	893
4346	884
4347	917
4348	973
4349	840
4350	975
4351	967
4352	1002
4353	1048
4354	956
4355	911
4356	975
4357	924
4358	907
4359	988
4360	847
4361	936
4362	911
4363	979
4364	875
4365	984
4366	996
4367	885
4368	962
4369	907
4370	888
4371	967
4372	924
4373	895
4374	857
4375	899
4376	938
4377	897
4378	918
4379	857
4380	852
4381	915
4382	933
4383	874
4384	799
4385	827
4386	831
4387	895
4388	945
4389	878
4390	834
4391	917
4392	907
4393	885
4394	842
4395	859
4396	852
4397	894
4398	913
4399	767
4400	918
4401	856
4402	852
4403	889
4404	885
4405	804
4406	902
4407	792
4408	957
4409	852
4410	880
4411	844
4412	950
4413	861
4414	839
4415	830
4416	760
4417	907
4418	895
4419	828
4420	852
4421	847
4422	838
4423	883
4424	883
4425	901
4426	799
4427	917
4428	773
4429	807
4430	836
4431	819
4432	872
4433	870
4434	871
4435	820
4436	794
4437	872
4438	785
4439	789
4440	813
4441	787
4442	791
4443	734
4444	826
4445	731
4446	738
4447	833
4448	788
4449	880
4450	853
4451	824
4452	812
4453	802
4454	846
4455	726
4456	891
4457	767
4458	776
4459	821
4460	876
4461	768
4462	823
4463	820
4464	810
4465	832
4466	769
4467	822
4468	819
4469	724
4470	806
4471	740
4472	891
4473	886
4474	750
4475	771
4476	756
4477	826
4478	804
4479	730
4480	844
4481	801
4482	792
4483	699
4484	730
4485	818
4486	786
4487	838
4488	765
4489	773
4490	883
4491	767
4492	862
4493	847
4494	772
4495	838
4496	768
4497	871
4498	876
4499	733
4500	840
4501	809
4502	775
4503	840
4504	808
4505	780
4506	838
4507	772
4508	792
4509	749
4510	813
4511	759
4512	832
4513	821
4514	825
4515	927
4516	841
4517	811
4518	865
4519	761
4520	822
4521	844
4522	754
4523	804
4524	789
4525	771
4526	834
4527	813
4528	801
4529	814
4530	852
4531	818
4532	859
4533	845
4534	865
4535	825
4536	880
4537	795
4538	771
4539	768
4540	826
4541	819
4542	803
4543	853
4544	784
4545	830
4546	826
4547	831
4548	856
4549	783
4550	844
4551	783
4552	779
4553	831
4554	803
4555	759
4556	792
4557	867
4558	867
4559	759
4560	769
4561	705
4562	774
4563	737
4564	671
4565	806
4566	792
4567	729
4568	730
4569	807
4570	684
4571	780
4572	769
4573	877
4574	838
4575	774
4576	749
4577	770
4578	824
4579	751
4580	812
4581	799
4582	788
4583	850
4584	788
4585	840
4586	820
4587	794
4588	836
4589	744
4590	798
4591	797
4592	852
4593	794
4594	915
4595	795
4596	864
4597	886
4598	858
4599	840
4600	815
4601	796
4602	766
4603	771
4604	893
4605	826
4606	840
4607	738
4608	760
4609	858
4610	772
4611	753
4612	850
4613	846
4614	864
4615	860
4616	952
4617	895
4618	869
4619	868
4620	888
4621	847
4622	818
4623	991
4624	943
4625	970
4626	870
4627	966
4628	911
4629	924
4630	1029
4631	939
4632	864
4633	900
4634	963
4635	863
4636	928
4637	899
4638	924
4639	940
4640	861
4641	909
4642	934
4643	837
4644	954
4645	962
4646	954
4647	859
4648	879
4649	853
4650	855
4651	897
4652	863
4653	961
4654	885
4655	981
4656	922
4657	922
4658	904
4659	910
4660	873
4661	875
4662	977
4663	795
4664	831
4665	828
4666	925
4667	835
4668	872
4669	868
4670	817
4671	773
4672	901
4673	908
4674	820
4675	814
4676	831
4677	807
4678	893
4679	860
4680	905
4681	850
4682	898
4683	834
4684	789
4685	911
4686	838
4687	820
4688	922
4689	794
4690	795
4691	763
4692	823
4693	825
4694	876
4695	881
4696	811
4697	843
4698	905
4699	843
4700	794
4701	894
4702	768
4703	930
4704	801
4705	744
4706	781
4707	751
4708	810
4709	684
4710	836
4711	797
4712	770
4713	787
4714	843
4715	733
4716	792
4717	807
4718	796
4719	833
4720	806
4721	821
4722	746
4723	773
4724	763
4725	758
4726	843
4727	805
4728	759
4729	842
4730	821
4731	827
4732	848
4733	803
4734	794
4735	852
4736	791
4737	806
4738	841
4739	738
4740	859
4741	820
4742	938
4743	922
4744	842
4745	849
4746	896
4747	844
4748	871
4749	955
4750	870
4751	827
4752	877
4753	829
4754	821
4755	954
4756	951
4757	824
4758	877
4759	920
4760	864
4761	874
4762	951
4763	828
4764	910
4765	808
4766	903
4767	903
4768	901
4769	877
4770	857
4771	878
4772	942
4773	873
4774	963
4775	921
4776	949
4777	1019
4778	863
4779	886
4780	937
4781	896
4782	911
4783	848
4784	930
4785	988
4786	829
4787	907
4788	786
4789	834
4790	837
4791	821
4792	839
4793	848
4794	849
4795	875
4796	809
4797	918
4798	881
4799	978
4800	881
4801	840
4802	844
4803	828
4804	903
4805	901
4806	907
4807	903
4808	784
4809	903
4810	877
4811	905
4812	815
4813	850
4814	974
4815	866
4816	823
4817	980
4818	873
4819	815
4820	910
4821	797
4822	923
4823	910
4824	936
4825	830
4826	884
4827	853
4828	820
4829	851
4830	798
4831	881
4832	816
4833	789
4834	851
4835	732
4836	935
4837	805
4838	784
4839	812
4840	877
4841	978
4842	977
4843	882
4844	820
4845	914
4846	853
4847	820
4848	848
4849	803
4850	812
4851	812
4852	804
4853	753
4854	718
4855	699
4856	752
4857	733
4858	840
4859	759
4860	747
4861	791
4862	760
4863	751
4864	841
4865	752
4866	816
4867	787
4868	812
4869	747
4870	760
4871	697
4872	787
4873	743
4874	750
4875	797
4876	797
4877	763
4878	746
4879	667
4880	769
4881	800
4882	724
4883	686
4884	768
4885	758
4886	746
4887	737
4888	756
4889	783
4890	796
4891	790
4892	818
4893	763
4894	787
4895	768
4896	700
4897	679
4898	768
4899	728
4900	792
4901	682
4902	837
4903	845
4904	776
4905	791
4906	791
4907	799
4908	793
4909	765
4910	752
4911	791
4912	784
4913	752
4914	716
4915	810
4916	808
4917	808
4918	788
4919	770
4920	722
4921	749
4922	759
4923	812
4924	740
4925	803
4926	777
4927	823
4928	753
4929	756
4930	700
4931	761
4932	792
4933	760
4934	798
4935	804
4936	734
4937	779
4938	754
4939	778
4940	768
4941	808
4942	711
4943	790
4944	751
4945	729
4946	766
4947	715
4948	744
4949	742
4950	734
4951	687
4952	781
4953	668
4954	747
4955	670
4956	743
4957	719
4958	737
4959	731
4960	728
4961	749
4962	733
4963	789
4964	710
4965	701
4966	701
4967	670
4968	744
4969	639
4970	720
4971	772
4972	743
4973	699
4974	766
4975	678
4976	754
4977	779
4978	735
4979	737
4980	729
4981	790
4982	707
4983	645
4984	764
4985	752
4986	667
4987	756
4988	634
4989	748
4990	730
4991	758
4992	770
4993	763
4994	685
4995	791
4996	769
4997	689
4998	733
4999	744
5000	751
5001	627
5002	785
5003	703
5004	678
5005	740
5006	752
5007	777
5008	738
5009	690
5010	761
5011	697
5012	743
5013	685
5014	687
5015	812
5016	686
5017	664
5018	671
5019	729
5020	735
5021	757
5022	723
5023	703
5024	716
5025	757
5026	791
5027	798
5028	717
5029	714
5030	756
5031	666
5032	742
5033	696
5034	752
5035	688
5036	716
5037	695
5038	726
5039	733
5040	680
5041	675
5042	747
5043	704
5044	767
5045	700
5046	661
5047	674
5048	704
5049	695
5050	675
5051	723
5052	760
5053	624
5054	806
5055	726
5056	728
5057	732
5058	737
5059	690
5060	717
5061	716
5062	640
5063	699
5064	720
5065	683
5066	662
5067	667
5068	712
5069	758
5070	731
5071	683
5072	713
5073	651
5074	680
5075	681
5076	693
5077	712
5078	648
5079	704
5080	656
5081	664
5082	747
5083	701
5084	708
5085	701
5086	692
5087	728
5088	712
5089	732
5090	683
5091	780
5092	743
5093	715
5094	637
5095	710
5096	704
5097	741
5098	678
5099	756
5100	710
5101	723
5102	759
5103	651
5104	734
5105	738
5106	710
5107	704
5108	713
5109	664
5110	701
5111	718
5112	628
5113	741
5114	699
5115	687
5116	672
5117	697
5118	666
5119	703
5120	726
5121	688
5122	632
5123	741
5124	681
5125	693
5126	680
5127	698
5128	675
5129	658
5130	682
5131	735
5132	693
5133	688
5134	662
5135	655
5136	644
5137	701
5138	674
5139	696
5140	719
5141	694
5142	716
5143	724
5144	692
5145	703
5146	678
5147	687
5148	682
5149	718
5150	735
5151	685
5152	696
5153	660
5154	615
5155	643
5156	701
5157	694
5158	692
5159	738
5160	706
5161	688
5162	620
5163	662
5164	673
5165	707
5166	687
5167	704
5168	696
5169	660
5170	692
5171	668
5172	667
5173	737
5174	739
5175	631
5176	701
5177	669
5178	677
5179	690
5180	689
5181	667
5182	706
5183	755
5184	737
5185	661
5186	672
5187	695
5188	683
5189	658
5190	704
5191	713
5192	706
5193	684
5194	728
5195	691
5196	667
5197	752
5198	766
5199	666
5200	716
5201	718
5202	745
5203	730
5204	750
5205	660
5206	691
5207	662
5208	742
5209	726
5210	750
5211	784
5212	693
5213	693
5214	734
5215	727
5216	697
5217	661
5218	646
5219	712
5220	649
5221	730
5222	717
5223	693
5224	677
5225	762
5226	733
5227	663
5228	714
5229	756
5230	685
5231	738
5232	764
5233	696
5234	738
5235	791
5236	749
5237	844
5238	759
5239	775
5240	676
5241	784
5242	800
5243	707
5244	758
5245	734
5246	702
5247	741
5248	729
5249	754
5250	687
5251	702
5252	767
5253	701
5254	753
5255	773
5256	747
5257	725
5258	727
5259	644
5260	784
5261	770
5262	746
5263	614
5264	735
5265	746
5266	667
5267	689
5268	724
5269	700
5270	671
5271	658
5272	671
5273	675
5274	635
5275	653
5276	719
5277	646
5278	646
5279	632
5280	623
5281	692
5282	733
5283	619
5284	696
5285	686
5286	648
5287	652
5288	662
5289	686
5290	742
5291	702
5292	685
5293	696
5294	654
5295	634
5296	674
5297	726
5298	688
5299	679
5300	718
5301	686
5302	671
5303	667
5304	648
5305	690
5306	599
5307	677
5308	739
5309	677
5310	689
5311	732
5312	677
5313	684
5314	654
5315	708
5316	683
5317	577
5318	703
5319	665
5320	632
5321	683
5322	713
5323	659
5324	659
5325	673
5326	652
5327	702
5328	737
5329	641
5330	736
5331	614
5332	695
5333	559
5334	629
5335	701
5336	744
5337	672
5338	668
5339	658
5340	635
5341	664
5342	537
5343	572
5344	700
5345	701
5346	651
5347	639
5348	672
5349	682
5350	686
5351	590
5352	704
5353	601
5354	657
5355	654
5356	671
5357	748
5358	634
5359	670
5360	720
5361	599
5362	627
5363	687
5364	629
5365	704
5366	668
5367	692
5368	692
5369	643
5370	706
5371	588
5372	661
5373	669
5374	642
5375	714
5376	620
5377	713
5378	719
5379	662
5380	719
5381	645
5382	668
5383	669
5384	647
5385	760
5386	687
5387	744
5388	734
5389	623
5390	673
5391	615
5392	635
5393	679
5394	653
5395	717
5396	662
5397	658
5398	707
5399	727
5400	677
5401	695
5402	679
5403	632
5404	727
5405	691
5406	760
5407	692
5408	671
5409	783
5410	710
5411	619
5412	750
5413	793
5414	769
5415	652
5416	785
5417	712
5418	700
5419	748
5420	788
5421	793
5422	763
5423	790
5424	816
5425	717
5426	788
5427	763
5428	733
5429	758
5430	732
5431	775
5432	685
5433	774
5434	770
5435	720
5436	797
5437	745
5438	746
5439	704
5440	755
5441	828
5442	676
5443	629
5444	709
5445	831
5446	904
5447	724
5448	746
5449	691
5450	726
5451	778
5452	688
5453	706
5454	751
5455	716
5456	739
5457	746
5458	818
5459	747
5460	779
5461	680
5462	774
5463	725
5464	758
5465	762
5466	802
5467	708
5468	725
5469	819
5470	810
5471	767
5472	659
5473	759
5474	796
5475	747
5476	793
5477	780
5478	870
5479	718
5480	749
5481	738
5482	830
5483	799
5484	758
5485	722
5486	737
5487	799
5488	839
5489	748
5490	754
5491	754
5492	762
5493	759
5494	790
5495	714
5496	702
5497	758
5498	697
5499	742
5500	822
5501	773
5502	796
5503	744
5504	769
5505	685
5506	829
5507	770
5508	713
5509	767
5510	629
5511	769
5512	686
5513	729
5514	725
5515	795
5516	757
5517	792
5518	790
5519	732
5520	814
5521	704
5522	740
5523	765
5524	772
5525	743
5526	735
5527	756
5528	773
5529	804
5530	722
5531	783
5532	860
5533	806
5534	833
5535	800
5536	771
5537	818
5538	784
5539	819
5540	791
5541	801
5542	800
5543	754
5544	726
5545	749
5546	758
5547	699
5548	725
5549	744
5550	691
5551	838
5552	707
5553	832
5554	688
5555	742
5556	760
5557	733
5558	789
5559	739
5560	705
5561	712
5562	772
5563	746
5564	761
5565	732
5566	673
5567	712
5568	727
5569	697
5570	758
5571	752
5572	729
5573	654
5574	757
5575	684
5576	676
5577	687
5578	650
5579	742
5580	737
5581	738
5582	737
5583	660
5584	789
5585	715
5586	685
5587	657
5588	730
5589	751
5590	734
5591	712
5592	721
5593	742
5594	639
5595	706
5596	665
5597	712
5598	726
5599	761
5600	771
5601	803
5602	742
5603	742
5604	732
5605	749
5606	773
5607	724
5608	757
5609	682
5610	733
5611	773
5612	762
5613	698
5614	701
5615	691
5616	829
5617	743
5618	705
5619	703
5620	691
5621	726
5622	735
5623	797
5624	676
5625	729
5626	725
5627	674
5628	729
5629	797
5630	768
5631	735
5632	722
5633	743
5634	744
5635	679
5636	640
5637	650
5638	673
5639	740
5640	751
5641	679
5642	704
5643	634
5644	714
5645	707
5646	673
5647	806
5648	809
5649	698
5650	794
5651	792
5652	667
5653	686
5654	679
5655	727
5656	605
5657	649
5658	708
5659	734
5660	704
5661	588
5662	693
5663	632
5664	716
5665	688
5666	651
5667	633
5668	688
5669	673
5670	611
5671	677
5672	656
5673	646
5674	721
5675	708
5676	633
5677	667
5678	583
5679	641
5680	695
5681	708
5682	621
5683	656
5684	667
5685	674
5686	592
5687	723
5688	673
5689	649
5690	602
5691	587
5692	625
5693	598
5694	640
5695	666
5696	628
5697	682
5698	650
5699	578
5700	665
5701	606
5702	712
5703	644
5704	576
5705	666
5706	619
5707	632
5708	751
5709	672
5710	590
5711	552
5712	591
5713	617
5714	626
5715	679
5716	563
5717	591
5718	632
5719	662
5720	592
5721	611
5722	585
5723	618
5724	611
5725	586
5726	579
5727	633
5728	635
5729	612
5730	555
5731	623
5732	561
5733	596
5734	602
5735	593
5736	529
5737	582
5738	641
5739	604
5740	610
5741	591
5742	610
5743	689
5744	524
5745	631
5746	582
5747	610
5748	598
5749	664
5750	555
5751	588
5752	573
5753	582
5754	586
5755	673
5756	590
5757	587
5758	533
5759	536
5760	684
5761	679
5762	616
5763	576
5764	665
5765	726
5766	616
5767	625
5768	589
5769	666
5770	655
5771	586
5772	599
5773	537
5774	617
5775	689
5776	593
5777	582
5778	582
5779	547
5780	631
5781	648
5782	642
5783	587
5784	680
5785	650
5786	580
5787	708
5788	600
5789	596
5790	616
5791	595
5792	563
5793	668
5794	548
5795	590
5796	680
5797	578
5798	604
5799	613
5800	677
5801	625
5802	603
5803	639
5804	670
5805	636
5806	631
5807	595
5808	630
5809	649
5810	600
5811	598
5812	628
5813	601
5814	599
5815	593
5816	659
5817	649
5818	663
5819	634
5820	626
5821	653
5822	648
5823	661
5824	623
5825	627
5826	622
5827	660
5828	646
5829	699
5830	700
5831	723
5832	652
5833	768
5834	682
5835	616
5836	615
5837	663
5838	672
5839	762
5840	680
5841	656
5842	735
5843	671
5844	676
5845	642
5846	687
5847	725
5848	733
5849	653
5850	666
5851	707
5852	734
5853	670
5854	701
5855	678
5856	734
5857	749
5858	668
5859	739
5860	722
5861	646
5862	658
5863	638
5864	677
5865	689
5866	714
5867	692
5868	666
5869	720
5870	650
5871	679
5872	699
5873	707
5874	693
5875	687
5876	652
5877	630
5878	632
5879	586
5880	617
5881	626
5882	673
5883	677
5884	605
5885	633
5886	693
5887	711
5888	664
5889	746
5890	653
5891	628
5892	675
5893	596
5894	592
5895	711
5896	690
5897	635
5898	624
5899	592
5900	517
5901	679
5902	625
5903	631
5904	561
5905	655
5906	690
5907	648
5908	608
5909	703
5910	593
5911	602
5912	574
5913	602
5914	629
5915	588
5916	617
5917	603
5918	559
5919	606
5920	610
5921	593
5922	607
5923	570
5924	642
5925	558
5926	653
5927	653
5928	602
5929	563
5930	643
5931	578
5932	589
5933	551
5934	574
5935	589
5936	594
5937	609
5938	549
5939	556
5940	600
5941	565
5942	566
5943	574
5944	552
5945	611
5946	629
5947	506
5948	507
5949	583
5950	514
5951	554
5952	591
5953	552
5954	513
5955	511
5956	534
5957	544
5958	524
5959	598
5960	537
5961	529
5962	649
5963	725
5964	612
5965	597
5966	593
5967	608
5968	564
5969	589
5970	550
5971	579
5972	570
5973	565
5974	584
5975	655
5976	639
5977	607
5978	536
5979	521
5980	633
5981	604
5982	579
5983	561
5984	510
5985	564
5986	540
5987	494
5988	498
5989	590
5990	579
5991	583
5992	636
5993	596
5994	565
5995	603
5996	621
5997	546
5998	580
5999	603
6000	542
6001	596
6002	651
6003	547
6004	540
6005	634
6006	641
6007	609
6008	582
6009	674
6010	645
6011	616
6012	618
6013	623
6014	622
6015	568
6016	614
6017	591
6018	550
6019	611
6020	657
6021	606
6022	669
6023	589
6024	583
6025	633
6026	590
6027	554
6028	661
6029	580
6030	570
6031	610
6032	511
6033	658
6034	593
6035	608
6036	599
6037	507
6038	586
6039	556
6040	582
6041	576
6042	548
6043	578
6044	541
6045	656
6046	538
6047	526
6048	606
6049	544
6050	570
6051	621
6052	611
6053	577
6054	566
6055	560
6056	549
6057	523
6058	547
6059	553
6060	548
6061	564
6062	590
6063	548
6064	569
6065	591
6066	634
6067	526
6068	536
6069	572
6070	591
6071	547
6072	526
6073	546
6074	562
6075	571
6076	592
6077	544
6078	581
6079	547
6080	538
6081	572
6082	577
6083	525
6084	527
6085	580
6086	592
6087	609
6088	516
6089	631
6090	588
6091	550
6092	543
6093	563
6094	550
6095	536
6096	537
6097	624
6098	545
6099	546
6100	533
6101	423
6102	552
6103	539
6104	536
6105	563
6106	550
6107	537
6108	619
6109	600
6110	539
6111	555
6112	578
6113	555
6114	509
6115	522
6116	547
6117	580
6118	538
6119	598
6120	620
6121	571
6122	644
6123	491
6124	506
6125	580
6126	508
6127	562
6128	555
6129	555
6130	534
6131	575
6132	586
6133	570
6134	557
6135	514
6136	512
6137	575
6138	504
6139	502
6140	561
6141	531
6142	600
6143	555
6144	480
6145	619
6146	547
6147	515
6148	547
6149	541
6150	584
6151	506
6152	480
6153	549
6154	531
6155	541
6156	531
6157	481
6158	479
6159	522
6160	545
6161	493
6162	480
6163	513
6164	461
6165	514
6166	594
6167	570
6168	513
6169	499
6170	517
6171	458
6172	481
6173	541
6174	511
6175	559
6176	485
6177	500
6178	590
6179	536
6180	513
6181	575
6182	536
6183	538
6184	572
6185	522
6186	585
6187	540
6188	501
6189	519
6190	573
6191	573
6192	603
6193	599
6194	497
6195	471
6196	529
6197	447
6198	570
6199	523
6200	544
6201	497
6202	501
6203	454
6204	617
6205	547
6206	490
6207	529
6208	502
6209	483
6210	514
6211	509
6212	471
6213	596
6214	507
6215	495
6216	485
6217	600
6218	531
6219	543
6220	536
6221	497
6222	432
6223	502
6224	547
6225	493
6226	487
6227	499
6228	485
6229	534
6230	527
6231	500
6232	614
6233	499
6234	538
6235	491
6236	540
6237	517
6238	530
6239	515
6240	554
6241	574
6242	480
6243	527
6244	610
6245	575
6246	553
6247	530
6248	496
6249	496
6250	567
6251	546
6252	534
6253	471
6254	504
6255	515
6256	552
6257	540
6258	452
6259	536
6260	596
6261	573
6262	577
6263	524
6264	452
6265	501
6266	527
6267	505
6268	506
6269	477
6270	582
6271	559
6272	546
6273	518
6274	506
6275	494
6276	524
6277	539
6278	520
6279	502
6280	542
6281	562
6282	461
6283	524
6284	587
6285	527
6286	554
6287	446
6288	548
6289	504
6290	537
6291	547
6292	528
6293	561
6294	505
6295	483
6296	528
6297	580
6298	484
6299	537
6300	533
6301	581
6302	470
6303	491
6304	533
6305	528
6306	519
6307	504
6308	457
6309	534
6310	431
6311	491
6312	494
6313	535
6314	507
6315	583
6316	500
6317	500
6318	480
6319	531
6320	539
6321	622
6322	478
6323	511
6324	587
6325	491
6326	549
6327	547
6328	469
6329	533
6330	490
6331	536
6332	475
6333	527
6334	510
6335	519
6336	492
6337	491
6338	567
6339	539
6340	483
6341	520
6342	556
6343	567
6344	487
6345	578
6346	627
6347	593
6348	600
6349	533
6350	536
6351	470
6352	559
6353	573
6354	540
6355	516
6356	594
6357	517
6358	504
6359	465
6360	461
6361	573
6362	523
6363	498
6364	512
6365	498
6366	482
6367	563
6368	557
6369	527
6370	601
6371	598
6372	544
6373	524
6374	551
6375	510
6376	574
6377	512
6378	492
6379	516
6380	512
6381	493
6382	494
6383	540
6384	575
6385	588
6386	507
6387	512
6388	636
6389	582
6390	553
6391	588
6392	595
6393	568
6394	595
6395	593
6396	554
6397	580
6398	569
6399	593
6400	551
6401	555
6402	612
6403	645
6404	598
6405	515
6406	607
6407	619
6408	580
6409	498
6410	519
6411	543
6412	567
6413	608
6414	575
6415	604
6416	569
6417	560
6418	556
6419	574
6420	612
6421	641
6422	613
6423	497
6424	521
6425	640
6426	644
6427	611
6428	535
6429	546
6430	585
6431	629
6432	537
6433	640
6434	577
6435	547
6436	586
6437	625
6438	529
6439	587
6440	575
6441	619
6442	466
6443	576
6444	631
6445	552
6446	582
6447	553
6448	550
6449	491
6450	567
6451	650
6452	549
6453	575
6454	545
6455	537
6456	634
6457	533
6458	539
6459	588
6460	519
6461	567
6462	508
6463	553
6464	428
6465	549
6466	550
6467	551
6468	546
6469	579
6470	613
6471	584
6472	663
6473	588
6474	595
6475	529
6476	592
6477	593
6478	600
6479	545
6480	581
6481	589
6482	577
6483	581
6484	565
6485	652
6486	593
6487	520
6488	634
6489	581
6490	569
6491	571
6492	587
6493	535
6494	557
6495	586
6496	553
6497	562
6498	534
6499	569
6500	540
6501	624
6502	586
6503	610
6504	606
6505	561
6506	585
6507	571
6508	566
6509	641
6510	695
6511	676
6512	585
6513	603
6514	647
6515	594
6516	572
6517	641
6518	627
6519	677
6520	560
6521	619
6522	506
6523	605
6524	602
6525	635
6526	532
6527	592
6528	547
6529	612
6530	612
6531	614
6532	579
6533	583
6534	573
6535	590
6536	582
6537	556
6538	535
6539	599
6540	605
6541	513
6542	556
6543	566
6544	524
6545	550
6546	599
6547	554
6548	595
6549	662
6550	599
6551	584
6552	549
6553	581
6554	619
6555	524
6556	515
6557	575
6558	494
6559	595
6560	507
6561	564
6562	549
6563	540
6564	592
6565	545
6566	543
6567	528
6568	508
6569	470
6570	589
6571	473
6572	534
6573	465
6574	522
6575	494
6576	500
6577	586
6578	527
6579	484
6580	481
6581	503
6582	511
6583	518
6584	499
6585	462
6586	484
6587	456
6588	582
6589	481
6590	454
6591	472
6592	517
6593	486
6594	525
6595	530
6596	537
6597	461
6598	535
6599	503
6600	478
6601	526
6602	482
6603	515
6604	442
6605	523
6606	415
6607	502
6608	477
6609	473
6610	444
6611	454
6612	514
6613	519
6614	476
6615	465
6616	451
6617	507
6618	449
6619	524
6620	540
6621	505
6622	483
6623	540
6624	463
6625	472
6626	491
6627	519
6628	428
6629	485
6630	509
6631	455
6632	459
6633	434
6634	449
6635	491
6636	510
6637	402
6638	422
6639	484
6640	457
6641	493
6642	428
6643	424
6644	435
6645	450
6646	432
6647	417
6648	480
6649	442
6650	470
6651	464
6652	427
6653	409
6654	448
6655	436
6656	473
6657	438
6658	505
6659	446
6660	467
6661	456
6662	466
6663	465
6664	397
6665	453
6666	429
6667	503
6668	431
6669	398
6670	487
6671	461
6672	438
6673	440
6674	386
6675	422
6676	373
6677	382
6678	485
6679	423
6680	482
6681	422
6682	374
6683	422
6684	409
6685	436
6686	425
6687	399
6688	410
6689	379
6690	492
6691	391
6692	455
6693	423
6694	483
6695	441
6696	440
6697	444
6698	434
6699	471
6700	462
6701	490
6702	448
6703	434
6704	408
6705	463
6706	428
6707	447
6708	404
6709	447
6710	475
6711	440
6712	427
6713	433
6714	451
6715	427
6716	475
6717	470
6718	452
6719	493
6720	460
6721	432
6722	441
6723	460
6724	481
6725	503
6726	527
6727	567
6728	460
6729	445
6730	454
6731	551
6732	438
6733	479
6734	470
6735	425
6736	436
6737	477
6738	463
6739	409
6740	584
6741	464
6742	406
6743	414
6744	446
6745	417
6746	430
6747	373
6748	432
6749	419
6750	383
6751	413
6752	489
6753	490
6754	386
6755	454
6756	454
6757	517
6758	394
6759	423
6760	456
6761	464
6762	486
6763	439
6764	459
6765	491
6766	497
6767	453
6768	451
6769	487
6770	476
6771	436
6772	447
6773	406
6774	413
6775	455
6776	410
6777	453
6778	475
6779	461
6780	429
6781	451
6782	431
6783	530
6784	403
6785	472
6786	541
6787	476
6788	437
6789	525
6790	384
6791	450
6792	485
6793	456
6794	478
6795	477
6796	480
6797	417
6798	505
6799	426
6800	431
6801	427
6802	544
6803	534
6804	456
6805	460
6806	479
6807	486
6808	479
6809	449
6810	455
6811	467
6812	518
6813	527
6814	503
6815	516
6816	460
6817	562
6818	504
6819	423
6820	468
6821	452
6822	522
6823	451
6824	560
6825	498
6826	479
6827	467
6828	475
6829	549
6830	527
6831	472
6832	398
6833	463
6834	504
6835	530
6836	547
6837	509
6838	521
6839	515
6840	557
6841	556
6842	486
6843	454
6844	484
6845	483
6846	458
6847	534
6848	465
6849	482
6850	491
6851	487
6852	450
6853	451
6854	473
6855	533
6856	504
6857	413
6858	493
6859	470
6860	480
6861	490
6862	472
6863	490
6864	504
6865	501
6866	486
6867	570
6868	520
6869	464
6870	473
6871	443
6872	494
6873	411
6874	565
6875	523
6876	483
6877	462
6878	521
6879	487
6880	464
6881	453
6882	443
6883	439
6884	463
6885	505
6886	516
6887	539
6888	486
6889	474
6890	476
6891	476
6892	466
6893	504
6894	478
6895	492
6896	518
6897	463
6898	471
6899	433
6900	478
6901	455
6902	465
6903	451
6904	492
6905	487
6906	526
6907	512
6908	457
6909	499
6910	503
6911	471
6912	511
6913	458
6914	466
6915	524
6916	503
6917	539
6918	497
6919	541
6920	493
6921	436
6922	486
6923	495
6924	504
6925	505
6926	520
6927	526
6928	424
6929	532
6930	435
6931	503
6932	517
6933	490
6934	471
6935	471
6936	423
6937	434
6938	466
6939	457
6940	452
6941	542
6942	496
6943	475
6944	495
6945	480
6946	474
6947	493
6948	511
6949	548
6950	586
6951	422
6952	632
6953	457
6954	510
6955	512
6956	500
6957	493
6958	521
6959	562
6960	574
6961	518
6962	482
6963	457
6964	504
6965	465
6966	506
6967	486
6968	495
6969	462
6970	453
6971	487
6972	515
6973	451
6974	485
6975	465
6976	496
6977	459
6978	533
6979	495
6980	447
6981	561
6982	498
6983	551
6984	432
6985	468
6986	488
6987	440
6988	425
6989	525
6990	524
6991	464
6992	523
6993	501
6994	482
6995	445
6996	447
6997	520
6998	425
6999	550
7000	489
7001	434
7002	528
7003	457
7004	428
7005	559
7006	468
7007	487
7008	472
7009	509
7010	491
7011	471
7012	467
7013	515
7014	432
7015	519
7016	453
7017	426
7018	554
7019	463
7020	518
7021	474
7022	449
7023	476
7024	473
7025	507
7026	414
7027	506
7028	485
7029	435
7030	475
7031	461
7032	499
7033	427
7034	523
7035	483
7036	467
7037	454
7038	418
7039	423
7040	429
7041	403
7042	425
7043	381
7044	498
7045	473
7046	536
7047	517
7048	466
7049	421
7050	436
7051	429
7052	417
7053	437
7054	395
7055	485
7056	461
7057	417
7058	484
7059	479
7060	440
7061	463
7062	460
7063	512
7064	466
7065	491
7066	458
7067	479
7068	457
7069	459
7070	502
7071	541
7072	525
7073	501
7074	456
7075	467
7076	511
7077	451
7078	485
7079	520
7080	434
7081	519
7082	453
7083	468
7084	479
7085	468
7086	469
7087	429
7088	477
7089	468
7090	488
7091	493
7092	434
7093	511
7094	482
7095	416
7096	494
7097	396
7098	483
7099	492
7100	482
7101	465
7102	451
7103	449
7104	465
7105	438
7106	526
7107	514
7108	437
7109	401
7110	481
7111	463
7112	442
7113	484
7114	435
7115	512
7116	442
7117	509
7118	458
7119	500
7120	438
7121	530
7122	500
7123	437
7124	530
7125	448
7126	475
7127	518
7128	436
7129	463
7130	545
7131	481
7132	486
7133	549
7134	429
7135	503
7136	469
7137	507
7138	529
7139	576
7140	555
7141	494
7142	507
7143	475
7144	514
7145	534
7146	555
7147	518
7148	535
7149	561
7150	524
7151	476
7152	489
7153	506
7154	515
7155	548
7156	497
7157	513
7158	514
7159	493
7160	496
7161	505
7162	497
7163	566
7164	502
7165	558
7166	547
7167	520
7168	515
7169	528
7170	590
7171	527
7172	501
7173	467
7174	496
7175	561
7176	526
7177	484
7178	514
7179	555
7180	470
7181	473
7182	495
7183	525
7184	491
7185	538
7186	578
7187	523
7188	551
7189	538
7190	560
7191	602
7192	469
7193	613
7194	537
7195	461
7196	455
7197	501
7198	603
7199	517
7200	538
7201	519
7202	543
7203	513
7204	454
7205	519
7206	503
7207	566
7208	484
7209	525
7210	530
7211	573
7212	489
7213	456
7214	529
7215	494
7216	474
7217	529
7218	506
7219	512
7220	468
7221	498
7222	547
7223	464
7224	527
7225	509
7226	509
7227	462
7228	520
7229	520
7230	504
7231	488
7232	521
7233	506
7234	501
7235	495
7236	528
7237	513
7238	541
7239	507
7240	519
7241	445
7242	575
7243	458
7244	469
7245	492
7246	546
7247	464
7248	496
7249	484
7250	445
7251	494
7252	548
7253	464
7254	469
7255	440
7256	469
7257	461
7258	560
7259	537
7260	503
7261	546
7262	475
7263	493
7264	460
7265	472
7266	461
7267	381
7268	518
7269	462
7270	442
7271	542
7272	479
7273	427
7274	437
7275	440
7276	479
7277	413
7278	446
7279	430
7280	487
7281	492
7282	474
7283	446
7284	401
7285	459
7286	440
7287	413
7288	441
7289	421
7290	435
7291	468
7292	447
7293	382
7294	432
7295	440
7296	414
7297	422
7298	401
7299	433
7300	424
7301	465
7302	459
7303	462
7304	440
7305	431
7306	384
7307	448
7308	471
7309	420
7310	393
7311	459
7312	429
7313	477
7314	464
7315	433
7316	417
7317	429
7318	423
7319	443
7320	455
7321	442
7322	421
7323	410
7324	396
7325	397
7326	447
7327	377
7328	430
7329	429
7330	411
7331	387
7332	368
7333	406
7334	407
7335	397
7336	425
7337	439
7338	439
7339	431
7340	480
7341	448
7342	450
7343	406
7344	426
7345	450
7346	418
7347	405
7348	434
7349	415
7350	485
7351	446
7352	383
7353	439
7354	429
7355	399
7356	455
7357	405
7358	394
7359	455
7360	473
7361	408
7362	401
7363	420
7364	427
7365	396
7366	430
7367	387
7368	390
7369	388
7370	472
7371	417
7372	373
7373	438
7374	437
7375	400
7376	380
7377	343
7378	395
7379	453
7380	394
7381	380
7382	390
7383	412
7384	383
7385	419
7386	361
7387	402
7388	397
7389	406
7390	417
7391	409
7392	421
7393	376
7394	386
7395	480
7396	438
7397	362
7398	372
7399	435
7400	422
7401	399
7402	384
7403	407
7404	451
7405	414
7406	451
7407	405
7408	492
7409	405
7410	422
7411	403
7412	426
7413	351
7414	345
7415	350
7416	319
7417	382
7418	389
7419	427
7420	396
7421	356
7422	355
7423	388
7424	382
7425	398
7426	382
7427	385
7428	361
7429	324
7430	335
7431	350
7432	360
7433	353
7434	405
7435	388
7436	312
7437	358
7438	362
7439	356
7440	410
7441	301
7442	363
7443	347
7444	385
7445	398
7446	389
7447	315
7448	344
7449	362
7450	358
7451	361
7452	438
7453	369
7454	390
7455	363
7456	343
7457	346
7458	344
7459	349
7460	408
7461	339
7462	355
7463	353
7464	364
7465	403
7466	352
7467	338
7468	392
7469	394
7470	402
7471	374
7472	320
7473	329
7474	377
7475	364
7476	359
7477	353
7478	343
7479	328
7480	349
7481	334
7482	377
7483	304
7484	353
7485	353
7486	358
7487	350
7488	356
7489	312
7490	365
7491	345
7492	334
7493	354
7494	366
7495	370
7496	377
7497	377
7498	378
7499	338
7500	412
7501	372
7502	378
7503	342
7504	348
7505	374
7506	438
7507	396
7508	324
7509	362
7510	320
7511	386
7512	345
7513	349
7514	345
7515	414
7516	330
7517	320
7518	387
7519	385
7520	428
7521	349
7522	371
7523	386
7524	387
7525	373
7526	400
7527	383
7528	384
7529	357
7530	364
7531	362
7532	390
7533	420
7534	389
7535	363
7536	356
7537	377
7538	372
7539	372
7540	338
7541	358
7542	382
7543	345
7544	385
7545	344
7546	374
7547	433
7548	394
7549	381
7550	338
7551	432
7552	315
7553	382
7554	405
7555	358
7556	463
7557	395
7558	400
7559	439
7560	382
7561	418
7562	351
7563	321
7564	392
7565	444
7566	397
7567	394
7568	450
7569	471
7570	402
7571	360
7572	416
7573	372
7574	403
7575	354
7576	368
7577	389
7578	408
7579	379
7580	406
7581	348
7582	379
7583	340
7584	419
7585	384
7586	375
7587	405
7588	399
7589	368
7590	385
7591	388
7592	342
7593	363
7594	376
7595	378
7596	384
7597	452
7598	415
7599	403
7600	322
7601	365
7602	381
7603	373
7604	337
7605	338
7606	332
7607	379
7608	320
7609	352
7610	374
7611	273
7612	312
7613	322
7614	343
7615	316
7616	319
7617	337
7618	366
7619	344
7620	380
7621	373
7622	380
7623	361
7624	327
7625	272
7626	369
7627	342
7628	340
7629	349
7630	373
7631	336
7632	381
7633	371
7634	335
7635	286
7636	380
7637	349
7638	378
7639	384
7640	336
7641	336
7642	380
7643	310
7644	368
7645	351
7646	399
7647	361
7648	379
7649	349
7650	390
7651	340
7652	396
7653	331
7654	360
7655	344
7656	344
7657	323
7658	345
7659	391
7660	354
7661	371
7662	377
7663	344
7664	351
7665	362
7666	376
7667	367
7668	339
7669	318
7670	339
7671	322
7672	327
7673	395
7674	380
7675	361
7676	337
7677	393
7678	349
7679	350
7680	343
7681	345
7682	362
7683	356
7684	304
7685	365
7686	332
7687	378
7688	316
7689	297
7690	370
7691	318
7692	407
7693	374
7694	353
7695	363
7696	357
7697	367
7698	308
7699	352
7700	359
7701	367
7702	425
7703	368
7704	360
7705	287
7706	374
7707	334
7708	386
7709	382
7710	408
7711	341
7712	329
7713	371
7714	292
7715	360
7716	353
7717	377
7718	384
7719	389
7720	337
7721	378
7722	346
7723	342
7724	319
7725	389
7726	390
7727	316
7728	341
7729	330
7730	333
7731	371
7732	375
7733	330
7734	359
7735	378
7736	439
7737	415
7738	349
7739	338
7740	358
7741	348
7742	348
7743	314
7744	377
7745	365
7746	421
7747	341
7748	316
7749	329
7750	312
7751	368
7752	335
7753	331
7754	261
7755	374
7756	352
7757	394
7758	362
7759	397
7760	342
7761	378
7762	310
7763	355
7764	355
7765	345
7766	320
7767	346
7768	308
7769	310
7770	343
7771	333
7772	352
7773	337
7774	373
7775	409
7776	353
7777	295
7778	374
7779	380
7780	372
7781	373
7782	390
7783	360
7784	321
7785	370
7786	364
7787	378
7788	434
7789	337
7790	331
7791	310
7792	381
7793	369
7794	414
7795	407
7796	306
7797	355
7798	405
7799	395
7800	359
7801	360
7802	396
7803	348
7804	308
7805	367
7806	343
7807	380
7808	374
7809	376
7810	361
7811	395
7812	305
7813	366
7814	332
7815	362
7816	412
7817	357
7818	320
7819	360
7820	314
7821	391
7822	396
7823	365
7824	361
7825	392
7826	428
7827	379
7828	360
7829	402
7830	347
7831	390
7832	368
7833	360
7834	376
7835	361
7836	394
7837	334
7838	361
7839	373
7840	389
7841	374
7842	338
7843	407
7844	391
7845	379
7846	446
7847	352
7848	410
7849	413
7850	369
7851	363
7852	371
7853	362
7854	368
7855	385
7856	426
7857	429
7858	374
7859	424
7860	364
7861	387
7862	383
7863	378
7864	357
7865	412
7866	452
7867	400
7868	405
7869	347
7870	369
7871	389
7872	415
7873	418
7874	381
7875	359
7876	407
7877	412
7878	390
7879	407
7880	412
7881	380
7882	387
7883	378
7884	425
7885	360
7886	357
7887	445
7888	417
7889	398
7890	355
7891	457
7892	462
7893	404
7894	458
7895	495
7896	481
7897	405
7898	435
7899	429
7900	479
7901	445
7902	430
7903	451
7904	452
7905	432
7906	524
7907	430
7908	472
7909	440
7910	521
7911	492
7912	439
7913	434
7914	447

