## htsjdk.samtools.metrics.StringHeader
# CollectInsertSizeMetrics HISTOGRAM_FILE=/work/ugbogu/pipeline/data/nbl/GSE189367/results/picard/SRR17010998_insert_size_histogram.pdf MINIMUM_PCT=0.5 INPUT=/work/ugbogu/pipeline/data/nbl/GSE189367/results/star/SRR17010998.Aligned.sortedByCoord.out.bam OUTPUT=/work/ugbogu/pipeline/data/nbl/GSE189367/results/picard/SRR17010998_insert_size_metrics.txt    DEVIATIONS=10.0 METRIC_ACCUMULATION_LEVEL=[ALL_READS] INCLUDE_DUPLICATES=false ASSUME_SORTED=true STOP_AFTER=0 VERBOSITY=INFO QUIET=false VALIDATION_STRINGENCY=STRICT COMPRESSION_LEVEL=5 MAX_RECORDS_IN_RAM=500000 CREATE_INDEX=false CREATE_MD5_FILE=false USE_JDK_DEFLATER=false USE_JDK_INFLATER=false
## htsjdk.samtools.metrics.StringHeader
# Started on: Wed Apr 15 05:25:36 UTC 2026

## METRICS CLASS	picard.analysis.InsertSizeMetrics
MEDIAN_INSERT_SIZE	MODE_INSERT_SIZE	MEDIAN_ABSOLUTE_DEVIATION	MIN_INSERT_SIZE	MAX_INSERT_SIZE	MEAN_INSERT_SIZE	STANDARD_DEVIATION	READ_PAIRS	PAIR_ORIENTATION	WIDTH_OF_10_PERCENT	WIDTH_OF_20_PERCENT	WIDTH_OF_30_PERCENT	WIDTH_OF_40_PERCENT	WIDTH_OF_50_PERCENT	WIDTH_OF_60_PERCENT	WIDTH_OF_70_PERCENT	WIDTH_OF_80_PERCENT	WIDTH_OF_90_PERCENT	WIDTH_OF_95_PERCENT	WIDTH_OF_99_PERCENT	SAMPLE	LIBRARY	READ_GROUP
954	123	819	30	3177969	1570.556869	2019.178583	34998934	FR	603	1129	1423	1561	1639	1723	4135	9245	28679	153495	153713			

## HISTOGRAM	java.lang.Integer
insert_size	All_Reads.fr_count
30	5
31	1
32	3
33	4
34	12
35	140
36	132
37	180
38	241
39	208
40	158
41	154
42	251
43	201
44	211
45	287
46	352
47	309
48	361
49	401
50	470
51	456
52	468
53	610
54	546
55	668
56	683
57	872
58	893
59	956
60	1092
61	1221
62	1385
63	1436
64	1650
65	1752
66	2068
67	2349
68	2650
69	2724
70	3412
71	3841
72	3738
73	4829
74	5164
75	10280
76	7108
77	7332
78	9436
79	8533
80	8752
81	10156
82	10532
83	11021
84	12364
85	13539
86	15206
87	16871
88	17535
89	18564
90	21101
91	23037
92	25361
93	27743
94	30309
95	33580
96	34968
97	40180
98	43497
99	48015
100	48151
101	50963
102	51757
103	55474
104	62287
105	68981
106	69953
107	71141
108	71211
109	75951
110	76325
111	76072
112	78061
113	79050
114	81835
115	82382
116	85412
117	88548
118	94857
119	91662
120	96911
121	104425
122	101611
123	112739
124	111412
125	104126
126	100189
127	101102
128	98744
129	99559
130	100193
131	101919
132	101507
133	110210
134	111405
135	104384
136	104519
137	100127
138	99885
139	98716
140	100928
141	99263
142	100189
143	100201
144	98272
145	98564
146	93912
147	93074
148	92484
149	91995
150	89456
151	93776
152	90587
153	90231
154	90799
155	89426
156	88578
157	86502
158	83610
159	82171
160	81927
161	79723
162	78801
163	79646
164	77365
165	75073
166	75158
167	73257
168	72967
169	72200
170	73785
171	70373
172	69962
173	68932
174	68519
175	67989
176	66890
177	65209
178	65020
179	64311
180	63774
181	63409
182	62868
183	61910
184	59139
185	59692
186	58166
187	58530
188	57142
189	55080
190	54261
191	54844
192	53972
193	53702
194	53882
195	51686
196	51467
197	51470
198	50669
199	49012
200	49733
201	48596
202	48596
203	48491
204	46914
205	45957
206	45805
207	44919
208	45381
209	45202
210	44547
211	43586
212	44003
213	43329
214	42204
215	42498
216	41004
217	40804
218	39783
219	39178
220	39637
221	40120
222	39273
223	38343
224	37826
225	37993
226	38323
227	38063
228	37033
229	36460
230	37127
231	36535
232	36707
233	36179
234	36556
235	35082
236	34893
237	34609
238	33637
239	33570
240	33817
241	33320
242	31878
243	32213
244	31835
245	31511
246	30921
247	30730
248	30798
249	30654
250	30275
251	29976
252	29183
253	29448
254	28988
255	28721
256	29080
257	28299
258	28093
259	27996
260	27846
261	28218
262	27583
263	27381
264	27482
265	27426
266	26302
267	25878
268	26733
269	26279
270	25495
271	26356
272	24975
273	26014
274	25150
275	24986
276	24388
277	24129
278	23912
279	23820
280	23875
281	23211
282	23591
283	23408
284	22915
285	22791
286	22631
287	22360
288	22720
289	22534
290	22514
291	22193
292	21631
293	22270
294	21507
295	21113
296	21838
297	20426
298	21273
299	20618
300	20294
301	20213
302	19934
303	19697
304	20103
305	20231
306	19839
307	19994
308	20615
309	19839
310	19516
311	17929
312	18906
313	19689
314	18746
315	18375
316	18786
317	18676
318	18084
319	18088
320	17352
321	17419
322	17689
323	17979
324	17789
325	17549
326	17107
327	17433
328	17084
329	17560
330	16329
331	17297
332	17258
333	16549
334	16497
335	16581
336	16669
337	16419
338	16014
339	16293
340	16172
341	15886
342	15701
343	15633
344	15344
345	15990
346	15894
347	15661
348	15562
349	14849
350	15525
351	15859
352	15246
353	15306
354	14771
355	14935
356	14783
357	14770
358	14690
359	14640
360	15043
361	14646
362	14833
363	14377
364	14009
365	14654
366	14193
367	13987
368	14046
369	13735
370	14255
371	13655
372	13107
373	12585
374	13542
375	13735
376	13171
377	13560
378	13178
379	13373
380	13944
381	13281
382	12703
383	13019
384	13049
385	12843
386	12771
387	12628
388	12727
389	12102
390	12541
391	11865
392	11843
393	12469
394	12557
395	12126
396	12508
397	11905
398	12199
399	11911
400	11804
401	11929
402	11674
403	11562
404	11513
405	11469
406	11531
407	11511
408	11661
409	10811
410	11241
411	11030
412	10875
413	11699
414	11704
415	10848
416	10668
417	10908
418	11373
419	10636
420	11080
421	11107
422	10955
423	10578
424	10942
425	10771
426	11144
427	10743
428	11018
429	10864
430	10572
431	10932
432	10936
433	10561
434	10004
435	10318
436	10693
437	9980
438	10306
439	10057
440	10354
441	10458
442	10908
443	10310
444	10272
445	10056
446	10111
447	10143
448	10533
449	9984
450	9552
451	9870
452	10490
453	9843
454	10460
455	10260
456	9995
457	10042
458	9576
459	9874
460	9403
461	9202
462	9544
463	9361
464	9325
465	9431
466	9300
467	8996
468	9321
469	9060
470	9167
471	9214
472	9302
473	9527
474	8916
475	9149
476	8917
477	8803
478	8907
479	9182
480	9154
481	8712
482	8832
483	8387
484	8392
485	8502
486	8485
487	8994
488	8707
489	8812
490	8640
491	8667
492	8622
493	8936
494	8419
495	8513
496	8460
497	8344
498	8628
499	8911
500	8598
501	8578
502	8665
503	8753
504	8322
505	8440
506	8492
507	8451
508	8271
509	8489
510	8291
511	8549
512	8519
513	8317
514	8632
515	8598
516	8564
517	8437
518	8435
519	8617
520	8915
521	8717
522	8155
523	8725
524	8256
525	7930
526	8751
527	8119
528	8428
529	8357
530	7804
531	8426
532	8118
533	8409
534	8444
535	8380
536	8440
537	8775
538	7925
539	8533
540	8658
541	8371
542	8723
543	8779
544	8137
545	8524
546	8201
547	8183
548	8199
549	8018
550	8483
551	7984
552	8093
553	8726
554	8254
555	8772
556	8449
557	8265
558	8261
559	8259
560	7653
561	8248
562	7929
563	7986
564	7985
565	8052
566	8562
567	7937
568	8385
569	7697
570	8006
571	8148
572	8118
573	8083
574	8105
575	7933
576	8061
577	8208
578	8306
579	7967
580	8140
581	8071
582	7991
583	8108
584	8295
585	8109
586	7954
587	7916
588	8066
589	8033
590	7994
591	7772
592	8345
593	8400
594	7826
595	8049
596	8266
597	8124
598	8357
599	8147
600	7615
601	7698
602	7684
603	7698
604	7564
605	7517
606	7447
607	7706
608	7258
609	7376
610	7142
611	7575
612	7347
613	7507
614	7777
615	8187
616	7748
617	7842
618	7509
619	7441
620	7757
621	7547
622	7671
623	7569
624	7868
625	8192
626	7627
627	8268
628	8043
629	7453
630	7787
631	7172
632	7794
633	7738
634	8204
635	7839
636	7924
637	7779
638	7488
639	8017
640	7685
641	7598
642	7891
643	7674
644	7911
645	7907
646	7873
647	8499
648	7449
649	8358
650	7120
651	7302
652	7734
653	7971
654	7595
655	7765
656	7215
657	7776
658	7779
659	7487
660	7839
661	7816
662	8068
663	8217
664	7804
665	7735
666	7565
667	7475
668	7657
669	8006
670	7981
671	7555
672	7538
673	7707
674	7274
675	7419
676	7691
677	7560
678	7483
679	7252
680	7351
681	7613
682	7641
683	7464
684	7208
685	7430
686	6845
687	7140
688	7223
689	7343
690	7567
691	7444
692	8123
693	8026
694	7659
695	7270
696	7401
697	7451
698	7278
699	7308
700	7519
701	7423
702	7725
703	7513
704	7578
705	7618
706	7382
707	7188
708	7721
709	6997
710	7123
711	7123
712	6894
713	7180
714	7308
715	7074
716	7280
717	6627
718	6766
719	7026
720	6991
721	7016
722	6833
723	6919
724	6945
725	6929
726	7152
727	7017
728	6634
729	7012
730	6833
731	7009
732	7059
733	7137
734	7239
735	7117
736	6850
737	6856
738	7027
739	6421
740	6378
741	6721
742	6701
743	6474
744	6677
745	6883
746	6768
747	6487
748	6962
749	6718
750	6609
751	6621
752	6895
753	6751
754	6842
755	6575
756	6807
757	6825
758	7167
759	6546
760	6652
761	6685
762	6784
763	6923
764	6811
765	6766
766	6667
767	7035
768	6736
769	6562
770	6889
771	6740
772	6692
773	6384
774	6972
775	6559
776	6367
777	6574
778	6609
779	6414
780	6954
781	6890
782	6431
783	6248
784	6671
785	6386
786	6959
787	6988
788	6693
789	6510
790	6688
791	6694
792	6636
793	6804
794	7386
795	6951
796	6782
797	6761
798	6825
799	6486
800	6708
801	6586
802	6746
803	6888
804	7003
805	6838
806	7070
807	6753
808	7147
809	6962
810	6755
811	7021
812	6698
813	6485
814	6600
815	6448
816	6492
817	6570
818	6536
819	6426
820	6338
821	6784
822	6508
823	6466
824	6705
825	6685
826	6555
827	6584
828	6445
829	6733
830	7065
831	6547
832	6542
833	6480
834	6368
835	6381
836	6476
837	7086
838	6629
839	6526
840	6376
841	6124
842	6453
843	7053
844	6846
845	6748
846	6510
847	6328
848	6698
849	6198
850	6198
851	6372
852	5853
853	6119
854	6467
855	6096
856	6101
857	5973
858	5838
859	6100
860	6345
861	6410
862	6051
863	5918
864	6098
865	6312
866	6084
867	6036
868	5880
869	6251
870	6038
871	6253
872	6080
873	6420
874	6159
875	6129
876	6013
877	6266
878	5747
879	5941
880	5968
881	5889
882	5886
883	6173
884	6032
885	6209
886	6235
887	5914
888	5755
889	5801
890	5947
891	5983
892	5951
893	5915
894	6186
895	5885
896	6288
897	5657
898	6010
899	6150
900	5784
901	5759
902	6032
903	5690
904	5787
905	5824
906	5879
907	5851
908	5994
909	5648
910	5756
911	5868
912	5706
913	5870
914	6011
915	5741
916	5767
917	6119
918	5924
919	6022
920	5748
921	6120
922	5795
923	5896
924	5616
925	5916
926	5815
927	5833
928	5726
929	5615
930	5813
931	5664
932	5812
933	5760
934	5775
935	5730
936	5900
937	6015
938	5706
939	5703
940	5911
941	5894
942	5974
943	5574
944	5692
945	5458
946	5488
947	5798
948	5733
949	5514
950	5623
951	5530
952	5592
953	5665
954	5391
955	5312
956	5699
957	5404
958	5377
959	5547
960	5143
961	5400
962	5538
963	5559
964	5487
965	5431
966	5496
967	5248
968	5590
969	5277
970	5523
971	5222
972	5487
973	5212
974	5488
975	5666
976	5564
977	5201
978	5323
979	5528
980	5286
981	5308
982	5381
983	5589
984	5423
985	5591
986	5272
987	5223
988	5418
989	5400
990	5352
991	5220
992	5186
993	5259
994	5241
995	5580
996	5267
997	5068
998	5192
999	5040
1000	5193
1001	4936
1002	5081
1003	5238
1004	5358
1005	5241
1006	4972
1007	5101
1008	5289
1009	5084
1010	5111
1011	5076
1012	5341
1013	5186
1014	5464
1015	5249
1016	5313
1017	5192
1018	5350
1019	5334
1020	5278
1021	5268
1022	4904
1023	5006
1024	5124
1025	5114
1026	4976
1027	5178
1028	4829
1029	5056
1030	4903
1031	4946
1032	5079
1033	5005
1034	5073
1035	5027
1036	5166
1037	5094
1038	4946
1039	5220
1040	4939
1041	4883
1042	4641
1043	4942
1044	5130
1045	5073
1046	5047
1047	4941
1048	5362
1049	5108
1050	5069
1051	4923
1052	5169
1053	5218
1054	4932
1055	4940
1056	5033
1057	5106
1058	5312
1059	5036
1060	5116
1061	5049
1062	4877
1063	4929
1064	4977
1065	4901
1066	4983
1067	5027
1068	4970
1069	4593
1070	4707
1071	5067
1072	4762
1073	4668
1074	4814
1075	5011
1076	4694
1077	4857
1078	5323
1079	5322
1080	5058
1081	4991
1082	4932
1083	5065
1084	4858
1085	5147
1086	4848
1087	4750
1088	4756
1089	4635
1090	4581
1091	4965
1092	4661
1093	4909
1094	5052
1095	5051
1096	4808
1097	4672
1098	4686
1099	4889
1100	4642
1101	4399
1102	4683
1103	4805
1104	5115
1105	5071
1106	4678
1107	4941
1108	5031
1109	5171
1110	4894
1111	5277
1112	4931
1113	5052
1114	4972
1115	4878
1116	4983
1117	4881
1118	5142
1119	4620
1120	4786
1121	5032
1122	5080
1123	5249
1124	5015
1125	4685
1126	5060
1127	4676
1128	4762
1129	4767
1130	4682
1131	4852
1132	4750
1133	5149
1134	4761
1135	4645
1136	5063
1137	4912
1138	4711
1139	5118
1140	4510
1141	5108
1142	4913
1143	5131
1144	5095
1145	4848
1146	5141
1147	5117
1148	4896
1149	5196
1150	5166
1151	5360
1152	4956
1153	4925
1154	4782
1155	4940
1156	5487
1157	5411
1158	5321
1159	5585
1160	5200
1161	5161
1162	5384
1163	5374
1164	5298
1165	5193
1166	5250
1167	5048
1168	4997
1169	5016
1170	4878
1171	4822
1172	5055
1173	5004
1174	5055
1175	4641
1176	5001
1177	5167
1178	4862
1179	4988
1180	5257
1181	4916
1182	4879
1183	5076
1184	5065
1185	5326
1186	5012
1187	5067
1188	5064
1189	4661
1190	4816
1191	5169
1192	5429
1193	4862
1194	4888
1195	4912
1196	5076
1197	4724
1198	5085
1199	4651
1200	5152
1201	4979
1202	4819
1203	5259
1204	4872
1205	4774
1206	4427
1207	4829
1208	4764
1209	4946
1210	4994
1211	4870
1212	5145
1213	4952
1214	4642
1215	4879
1216	4837
1217	4844
1218	4914
1219	5040
1220	4816
1221	5115
1222	4913
1223	5173
1224	4724
1225	4887
1226	4819
1227	5053
1228	4906
1229	5187
1230	5218
1231	4970
1232	4791
1233	4824
1234	4810
1235	4658
1236	4703
1237	4838
1238	4968
1239	4513
1240	4527
1241	4939
1242	4616
1243	4676
1244	4584
1245	4740
1246	4917
1247	4859
1248	4495
1249	4738
1250	4710
1251	5011
1252	4767
1253	5084
1254	5061
1255	5204
1256	4603
1257	5351
1258	5090
1259	4810
1260	4820
1261	4799
1262	4954
1263	5063
1264	4963
1265	5272
1266	5062
1267	5159
1268	4680
1269	4977
1270	4848
1271	4672
1272	4718
1273	4823
1274	4637
1275	4697
1276	4440
1277	4567
1278	4537
1279	4534
1280	4612
1281	4663
1282	4476
1283	4510
1284	4430
1285	4620
1286	4714
1287	4367
1288	4640
1289	4401
1290	4592
1291	4460
1292	4694
1293	4577
1294	4344
1295	4255
1296	4289
1297	4287
1298	4520
1299	4973
1300	4402
1301	4667
1302	4520
1303	4516
1304	4556
1305	4901
1306	4821
1307	4362
1308	4571
1309	4723
1310	4848
1311	4681
1312	4434
1313	4723
1314	4510
1315	4521
1316	4473
1317	4576
1318	4560
1319	4597
1320	4468
1321	4430
1322	4727
1323	4280
1324	4642
1325	4426
1326	4565
1327	4488
1328	4348
1329	4435
1330	4614
1331	4673
1332	4391
1333	4704
1334	4273
1335	4268
1336	4379
1337	4521
1338	4147
1339	4353
1340	4271
1341	4534
1342	4431
1343	4395
1344	4392
1345	4581
1346	4390
1347	4522
1348	4364
1349	4670
1350	4343
1351	4435
1352	4450
1353	4392
1354	4306
1355	4427
1356	4136
1357	4195
1358	4049
1359	4513
1360	4327
1361	4414
1362	4333
1363	4364
1364	4157
1365	4019
1366	4234
1367	4166
1368	4275
1369	4170
1370	4407
1371	4167
1372	4269
1373	4299
1374	4123
1375	3984
1376	4095
1377	4363
1378	4089
1379	4134
1380	4163
1381	4013
1382	4241
1383	4383
1384	4296
1385	4454
1386	3993
1387	4374
1388	4119
1389	4180
1390	3851
1391	3855
1392	4170
1393	4039
1394	4028
1395	3970
1396	3979
1397	4165
1398	4236
1399	4457
1400	4059
1401	4248
1402	4118
1403	4040
1404	4080
1405	3858
1406	4058
1407	4154
1408	4116
1409	4126
1410	4309
1411	4004
1412	3966
1413	4191
1414	4080
1415	3965
1416	4179
1417	4178
1418	4282
1419	4091
1420	4223
1421	4156
1422	4093
1423	3974
1424	4118
1425	4188
1426	4061
1427	4183
1428	3985
1429	3976
1430	4136
1431	4021
1432	4191
1433	4289
1434	4028
1435	4012
1436	4103
1437	4064
1438	4133
1439	3987
1440	4135
1441	4107
1442	4269
1443	4253
1444	3911
1445	4227
1446	3822
1447	4163
1448	3937
1449	4159
1450	3968
1451	4128
1452	4101
1453	4037
1454	3956
1455	4014
1456	3905
1457	4042
1458	4033
1459	4517
1460	4201
1461	4036
1462	4045
1463	3917
1464	4235
1465	4061
1466	4062
1467	3780
1468	3895
1469	4282
1470	4234
1471	3924
1472	4128
1473	4129
1474	4232
1475	3930
1476	4030
1477	4079
1478	4020
1479	4006
1480	4174
1481	4039
1482	4080
1483	4035
1484	4261
1485	3945
1486	4113
1487	4592
1488	4559
1489	4465
1490	4333
1491	4237
1492	4342
1493	4485
1494	4300
1495	3818
1496	4406
1497	4149
1498	3986
1499	4256
1500	4245
1501	4212
1502	4111
1503	3708
1504	3785
1505	3648
1506	4019
1507	4339
1508	4049
1509	4156
1510	4063
1511	4197
1512	3966
1513	4144
1514	4002
1515	4018
1516	4206
1517	4256
1518	3768
1519	3796
1520	3969
1521	4261
1522	4239
1523	4198
1524	4159
1525	4246
1526	4437
1527	4187
1528	3929
1529	4112
1530	4142
1531	4043
1532	4050
1533	4215
1534	4091
1535	4190
1536	4177
1537	4375
1538	4019
1539	3874
1540	4136
1541	4127
1542	4116
1543	3899
1544	4128
1545	4059
1546	4125
1547	4260
1548	3950
1549	4128
1550	4048
1551	4221
1552	4093
1553	4122
1554	4106
1555	4060
1556	4510
1557	4203
1558	4315
1559	4286
1560	4209
1561	4521
1562	4305
1563	4572
1564	4631
1565	4447
1566	4031
1567	4172
1568	4444
1569	4335
1570	4741
1571	4105
1572	4746
1573	4952
1574	4644
1575	4536
1576	3838
1577	3787
1578	4027
1579	3821
1580	3980
1581	4084
1582	4325
1583	4348
1584	3945
1585	4400
1586	4331
1587	4419
1588	3903
1589	4217
1590	4192
1591	4172
1592	4521
1593	4061
1594	4785
1595	4117
1596	4069
1597	4073
1598	4017
1599	4241
1600	4301
1601	4079
1602	4016
1603	4327
1604	4254
1605	4497
1606	3877
1607	4226
1608	3789
1609	4238
1610	3981
1611	3942
1612	4231
1613	3967
1614	4203
1615	3927
1616	4017
1617	4172
1618	3746
1619	3972
1620	4046
1621	3858
1622	3791
1623	3911
1624	3926
1625	4321
1626	4043
1627	4149
1628	4121
1629	4142
1630	3745
1631	3682
1632	4091
1633	3923
1634	3786
1635	3880
1636	3896
1637	4119
1638	3995
1639	3948
1640	3947
1641	4079
1642	4056
1643	4064
1644	4212
1645	3911
1646	4005
1647	3942
1648	3887
1649	3979
1650	3994
1651	4074
1652	3846
1653	3853
1654	3752
1655	3962
1656	3734
1657	3760
1658	3935
1659	3624
1660	3713
1661	3841
1662	3710
1663	3910
1664	3835
1665	3591
1666	3845
1667	4035
1668	4047
1669	3931
1670	3939
1671	3825
1672	3957
1673	3931
1674	3997
1675	3949
1676	3875
1677	4148
1678	3900
1679	4017
1680	3863
1681	3953
1682	3904
1683	3947
1684	3819
1685	3792
1686	3818
1687	3751
1688	4278
1689	3923
1690	3872
1691	3874
1692	3858
1693	3941
1694	4160
1695	3881
1696	3716
1697	4031
1698	4079
1699	3699
1700	3666
1701	4049
1702	4050
1703	3887
1704	3952
1705	3819
1706	3867
1707	3925
1708	4097
1709	4235
1710	4384
1711	3802
1712	4154
1713	4055
1714	4091
1715	4108
1716	3954
1717	3890
1718	3744
1719	3481
1720	3687
1721	3767
1722	3696
1723	3961
1724	3791
1725	3628
1726	3670
1727	3774
1728	3846
1729	3786
1730	3922
1731	3931
1732	3978
1733	4188
1734	3700
1735	3674
1736	3897
1737	3701
1738	3841
1739	3814
1740	3834
1741	3673
1742	3665
1743	3873
1744	3652
1745	3529
1746	3522
1747	3865
1748	3874
1749	3916
1750	3573
1751	3757
1752	4032
1753	3703
1754	4155
1755	3604
1756	3618
1757	3766
1758	3744
1759	3531
1760	3863
1761	3538
1762	3846
1763	3588
1764	3474
1765	3730
1766	3774
1767	3711
1768	3700
1769	3890
1770	3507
1771	3768
1772	3798
1773	4274
1774	3557
1775	3468
1776	3354
1777	3472
1778	3556
1779	3553
1780	3794
1781	3549
1782	3216
1783	3291
1784	3328
1785	3298
1786	3371
1787	3349
1788	3333
1789	3343
1790	3504
1791	3376
1792	3415
1793	3267
1794	3310
1795	3361
1796	3218
1797	3456
1798	3377
1799	3393
1800	3239
1801	3281
1802	3227
1803	3481
1804	3159
1805	3236
1806	3240
1807	3323
1808	3268
1809	3272
1810	3480
1811	3202
1812	3635
1813	3029
1814	3245
1815	3379
1816	3159
1817	3334
1818	3212
1819	3288
1820	3255
1821	3109
1822	3402
1823	3265
1824	3513
1825	3321
1826	3227
1827	3386
1828	3125
1829	3037
1830	3127
1831	3335
1832	3339
1833	3075
1834	3052
1835	3127
1836	3322
1837	2989
1838	3107
1839	2986
1840	3028
1841	3081
1842	3161
1843	3245
1844	3189
1845	3248
1846	3215
1847	3250
1848	3147
1849	3068
1850	3103
1851	3252
1852	3288
1853	3269
1854	3476
1855	3416
1856	3096
1857	3251
1858	3086
1859	3199
1860	3020
1861	3360
1862	3093
1863	3543
1864	3274
1865	3134
1866	3068
1867	3523
1868	3161
1869	3079
1870	3244
1871	3417
1872	3311
1873	3180
1874	3206
1875	3268
1876	3365
1877	3158
1878	3258
1879	3071
1880	3291
1881	3236
1882	3019
1883	3243
1884	3242
1885	3404
1886	3152
1887	3239
1888	3233
1889	3146
1890	3274
1891	3303
1892	3305
1893	3189
1894	3202
1895	3083
1896	3449
1897	3334
1898	3171
1899	3429
1900	3344
1901	3236
1902	3155
1903	3468
1904	3147
1905	3315
1906	3255
1907	3436
1908	3329
1909	3367
1910	3303
1911	3269
1912	3359
1913	3133
1914	3383
1915	3425
1916	3414
1917	3417
1918	3404
1919	3392
1920	3246
1921	3229
1922	3411
1923	3439
1924	3203
1925	3487
1926	3439
1927	3339
1928	3336
1929	3148
1930	3159
1931	3217
1932	3173
1933	3357
1934	3112
1935	3278
1936	3307
1937	3214
1938	3298
1939	3692
1940	3301
1941	3394
1942	3383
1943	3413
1944	3210
1945	3212
1946	3342
1947	3272
1948	3259
1949	3068
1950	3360
1951	3294
1952	3364
1953	3571
1954	3345
1955	3318
1956	3092
1957	3448
1958	3157
1959	3295
1960	3314
1961	3365
1962	3638
1963	3667
1964	3239
1965	3359
1966	3435
1967	3299
1968	3538
1969	3361
1970	3355
1971	3482
1972	3385
1973	3642
1974	3381
1975	3587
1976	3677
1977	3907
1978	3418
1979	3735
1980	3638
1981	3669
1982	3526
1983	3497
1984	3683
1985	3720
1986	3396
1987	3558
1988	3559
1989	3650
1990	3577
1991	3667
1992	3772
1993	3707
1994	3723
1995	3740
1996	3685
1997	3476
1998	3763
1999	3796
2000	3690
2001	3757
2002	3762
2003	3736
2004	3614
2005	3778
2006	3652
2007	3498
2008	3740
2009	3698
2010	4109
2011	3768
2012	3652
2013	3675
2014	3657
2015	3782
2016	3965
2017	3648
2018	3691
2019	3517
2020	3664
2021	3733
2022	3956
2023	3770
2024	3770
2025	3679
2026	3483
2027	3599
2028	3846
2029	3473
2030	3638
2031	3527
2032	3394
2033	3483
2034	3693
2035	3551
2036	3454
2037	3351
2038	3785
2039	3376
2040	3411
2041	3369
2042	3375
2043	3618
2044	3524
2045	3213
2046	3218
2047	3618
2048	3492
2049	3504
2050	3219
2051	3243
2052	3230
2053	3180
2054	3359
2055	3504
2056	3493
2057	3360
2058	3306
2059	3425
2060	3257
2061	3330
2062	3177
2063	3342
2064	3573
2065	3304
2066	3244
2067	2961
2068	3288
2069	3527
2070	3437
2071	3071
2072	3190
2073	3162
2074	3270
2075	3185
2076	3249
2077	3060
2078	3336
2079	3454
2080	3220
2081	3291
2082	3345
2083	3127
2084	3228
2085	2969
2086	3054
2087	3270
2088	3325
2089	3346
2090	3256
2091	3116
2092	3346
2093	3106
2094	3138
2095	2867
2096	3265
2097	3339
2098	3212
2099	3172
2100	3021
2101	2888
2102	3117
2103	2986
2104	3275
2105	2934
2106	3073
2107	3022
2108	3160
2109	3128
2110	3155
2111	3066
2112	3103
2113	2891
2114	2853
2115	3096
2116	3222
2117	2990
2118	3002
2119	2991
2120	2813
2121	2904
2122	2799
2123	2875
2124	2956
2125	2992
2126	3094
2127	2970
2128	3063
2129	2977
2130	2845
2131	2933
2132	2946
2133	3087
2134	2899
2135	2862
2136	3024
2137	3014
2138	2971
2139	3034
2140	2693
2141	2796
2142	2742
2143	2846
2144	3108
2145	3001
2146	3043
2147	2920
2148	2961
2149	2806
2150	2836
2151	2459
2152	3097
2153	3125
2154	2817
2155	2690
2156	2737
2157	2770
2158	2864
2159	2816
2160	2825
2161	2935
2162	2639
2163	2870
2164	2614
2165	2843
2166	2698
2167	2941
2168	2819
2169	2807
2170	2844
2171	3138
2172	2834
2173	2828
2174	2825
2175	2931
2176	2780
2177	2724
2178	2739
2179	3016
2180	2452
2181	2868
2182	2963
2183	2844
2184	2801
2185	2930
2186	2971
2187	3124
2188	2642
2189	2982
2190	2668
2191	2848
2192	2563
2193	2667
2194	2959
2195	2749
2196	2808
2197	2738
2198	2826
2199	2720
2200	2726
2201	2832
2202	2878
2203	3189
2204	2928
2205	2854
2206	2809
2207	3016
2208	2975
2209	3106
2210	3023
2211	2798
2212	3154
2213	2806
2214	3020
2215	2797
2216	2630
2217	2788
2218	2821
2219	2956
2220	2797
2221	2803
2222	2873
2223	2957
2224	2724
2225	2824
2226	2912
2227	2590
2228	2881
2229	2780
2230	2964
2231	2758
2232	3003
2233	2874
2234	2743
2235	2871
2236	2836
2237	2868
2238	2810
2239	2948
2240	2842
2241	3000
2242	2993
2243	2907
2244	2931
2245	2876
2246	2946
2247	2876
2248	2861
2249	3179
2250	3225
2251	3093
2252	3126
2253	2962
2254	2951
2255	2893
2256	2989
2257	2781
2258	2821
2259	2927
2260	2967
2261	3106
2262	2982
2263	3027
2264	3261
2265	2794
2266	3023
2267	2944
2268	2952
2269	2683
2270	2820
2271	2928
2272	2846
2273	2878
2274	2890
2275	2939
2276	2790
2277	2994
2278	2825
2279	2904
2280	2962
2281	2639
2282	2902
2283	2823
2284	2637
2285	2854
2286	2862
2287	2929
2288	2751
2289	2600
2290	2830
2291	2810
2292	2593
2293	2778
2294	2846
2295	2538
2296	2670
2297	2980
2298	2798
2299	2818
2300	2736
2301	2993
2302	3003
2303	2783
2304	2410
2305	2918
2306	2832
2307	2575
2308	2805
2309	2634
2310	2688
2311	2935
2312	2680
2313	2978
2314	2670
2315	2802
2316	2633
2317	2691
2318	2929
2319	2718
2320	2771
2321	2619
2322	2511
2323	2498
2324	2683
2325	2894
2326	2648
2327	2688
2328	2899
2329	2614
2330	2568
2331	2755
2332	2606
2333	2548
2334	2751
2335	2647
2336	2582
2337	2621
2338	2358
2339	2527
2340	2583
2341	2792
2342	2808
2343	2803
2344	2613
2345	2613
2346	2466
2347	2561
2348	2610
2349	2744
2350	2440
2351	2664
2352	2726
2353	2709
2354	2631
2355	2659
2356	2609
2357	2809
2358	2653
2359	2588
2360	2785
2361	2881
2362	2670
2363	2517
2364	2648
2365	2561
2366	2676
2367	2440
2368	2411
2369	2566
2370	2647
2371	2610
2372	2627
2373	2509
2374	2663
2375	2419
2376	2508
2377	2451
2378	2399
2379	2496
2380	2576
2381	2507
2382	2673
2383	2575
2384	2730
2385	2274
2386	2502
2387	2501
2388	2614
2389	2693
2390	2502
2391	2628
2392	2731
2393	2549
2394	2498
2395	2353
2396	2501
2397	2642
2398	2447
2399	2755
2400	2553
2401	2607
2402	2501
2403	2282
2404	2778
2405	2417
2406	2464
2407	2362
2408	2477
2409	2454
2410	2545
2411	2479
2412	2402
2413	2671
2414	2442
2415	2535
2416	2385
2417	2460
2418	2608
2419	2557
2420	2278
2421	2305
2422	2293
2423	2565
2424	2528
2425	2388
2426	2473
2427	2471
2428	2434
2429	2479
2430	2378
2431	2383
2432	2371
2433	2381
2434	2336
2435	2288
2436	2457
2437	2356
2438	2472
2439	2446
2440	2376
2441	2367
2442	2267
2443	2401
2444	2414
2445	2319
2446	2389
2447	2235
2448	2337
2449	2423
2450	2358
2451	2358
2452	2556
2453	2371
2454	2308
2455	2325
2456	2454
2457	2632
2458	2288
2459	2411
2460	2482
2461	2406
2462	2307
2463	2363
2464	2293
2465	2663
2466	2277
2467	2476
2468	2570
2469	2476
2470	2316
2471	2503
2472	2539
2473	2457
2474	2379
2475	2472
2476	2460
2477	2300
2478	2468
2479	2398
2480	2460
2481	2319
2482	2574
2483	2527
2484	2698
2485	2507
2486	2378
2487	2306
2488	2724
2489	2582
2490	2561
2491	2506
2492	2342
2493	2454
2494	2381
2495	2497
2496	2413
2497	2550
2498	2568
2499	2375
2500	2251
2501	2142
2502	2377
2503	2392
2504	2467
2505	2378
2506	2463
2507	2370
2508	2506
2509	2542
2510	2373
2511	2385
2512	2476
2513	2635
2514	2382
2515	2323
2516	2168
2517	2451
2518	2250
2519	2621
2520	2345
2521	2538
2522	2352
2523	2593
2524	2414
2525	2489
2526	2360
2527	2430
2528	2554
2529	2419
2530	2398
2531	2520
2532	2445
2533	2454
2534	2424
2535	2463
2536	2571
2537	2595
2538	2308
2539	2431
2540	2358
2541	2441
2542	2575
2543	2441
2544	2356
2545	2185
2546	2601
2547	2438
2548	2213
2549	2357
2550	2666
2551	2599
2552	2326
2553	2407
2554	2354
2555	2206
2556	2643
2557	2584
2558	2670
2559	2606
2560	2395
2561	2555
2562	2483
2563	2528
2564	2605
2565	2397
2566	2339
2567	2586
2568	2622
2569	2373
2570	2320
2571	2479
2572	2583
2573	2422
2574	2314
2575	2385
2576	2641
2577	2410
2578	2448
2579	2280
2580	2159
2581	2219
2582	2257
2583	2185
2584	2308
2585	2575
2586	2322
2587	2270
2588	2172
2589	2359
2590	2273
2591	2414
2592	2349
2593	2390
2594	2110
2595	2316
2596	2305
2597	2487
2598	2354
2599	2344
2600	2379
2601	2136
2602	2086
2603	2274
2604	2351
2605	2269
2606	2181
2607	2343
2608	2183
2609	2179
2610	2295
2611	2198
2612	2246
2613	2195
2614	2174
2615	2103
2616	2297
2617	2088
2618	2268
2619	2196
2620	2209
2621	2295
2622	2390
2623	2214
2624	2227
2625	2230
2626	2298
2627	2305
2628	2374
2629	2152
2630	2210
2631	2359
2632	2294
2633	2424
2634	2256
2635	2134
2636	2422
2637	2295
2638	2426
2639	2305
2640	2448
2641	2471
2642	2341
2643	2434
2644	2357
2645	2756
2646	2414
2647	2662
2648	2383
2649	2324
2650	2215
2651	2241
2652	3315
2653	2902
2654	3343
2655	2410
2656	2322
2657	2174
2658	2264
2659	2340
2660	2093
2661	2117
2662	2184
2663	2152
2664	2182
2665	2212
2666	2132
2667	2221
2668	2258
2669	2376
2670	2289
2671	2212
2672	2082
2673	2303
2674	2214
2675	2330
2676	2282
2677	2325
2678	2113
2679	2522
2680	2283
2681	2274
2682	2542
2683	2350
2684	2551
2685	2490
2686	2450
2687	2288
2688	2226
2689	2202
2690	2227
2691	2694
2692	2354
2693	2370
2694	2296
2695	2373
2696	2342
2697	2245
2698	2221
2699	2360
2700	2227
2701	2323
2702	2332
2703	2435
2704	2527
2705	2239
2706	2551
2707	2438
2708	2426
2709	2820
2710	2548
2711	2689
2712	2397
2713	2094
2714	2461
2715	2428
2716	2416
2717	2344
2718	2418
2719	2409
2720	2576
2721	2561
2722	2271
2723	2266
2724	2242
2725	2022
2726	2424
2727	2063
2728	2043
2729	2367
2730	2114
2731	2447
2732	1926
2733	2251
2734	2375
2735	2281
2736	2376
2737	2213
2738	2246
2739	2175
2740	2082
2741	2342
2742	2212
2743	2060
2744	2225
2745	2175
2746	2124
2747	2220
2748	1991
2749	2144
2750	2048
2751	2157
2752	2108
2753	2175
2754	2171
2755	2102
2756	2219
2757	2319
2758	2035
2759	2084
2760	2224
2761	2127
2762	2145
2763	2181
2764	2258
2765	2370
2766	2161
2767	2285
2768	2386
2769	2202
2770	2322
2771	2223
2772	2133
2773	2267
2774	2432
2775	2229
2776	2211
2777	2062
2778	2256
2779	2093
2780	2168
2781	2444
2782	2246
2783	2326
2784	2185
2785	2164
2786	2176
2787	1903
2788	2172
2789	2064
2790	2144
2791	2223
2792	2096
2793	2163
2794	2222
2795	2251
2796	2363
2797	2311
2798	2324
2799	2037
2800	2040
2801	2091
2802	2268
2803	2132
2804	2163
2805	2327
2806	2115
2807	2190
2808	2097
2809	2069
2810	2203
2811	2234
2812	2344
2813	2153
2814	2134
2815	2155
2816	2217
2817	2380
2818	2154
2819	2112
2820	2057
2821	2376
2822	2065
2823	2390
2824	2257
2825	2332
2826	2173
2827	2102
2828	2231
2829	2059
2830	2168
2831	2034
2832	2161
2833	2083
2834	2165
2835	2223
2836	2162
2837	1928
2838	2186
2839	2150
2840	2198
2841	2161
2842	2030
2843	2054
2844	2118
2845	2173
2846	2071
2847	2085
2848	2053
2849	2092
2850	2184
2851	2062
2852	2101
2853	2148
2854	2131
2855	2191
2856	2281
2857	2104
2858	2127
2859	2106
2860	2198
2861	2226
2862	2311
2863	2412
2864	2211
2865	2209
2866	2154
2867	2252
2868	2230
2869	2108
2870	2077
2871	2191
2872	2162
2873	1969
2874	1904
2875	2110
2876	2106
2877	2093
2878	1975
2879	1971
2880	2021
2881	2187
2882	1984
2883	2101
2884	2043
2885	2006
2886	2032
2887	1928
2888	2077
2889	1941
2890	2103
2891	2006
2892	1953
2893	2014
2894	2075
2895	1993
2896	1920
2897	2020
2898	1971
2899	1922
2900	2020
2901	1882
2902	1817
2903	2019
2904	2054
2905	2034
2906	1938
2907	2032
2908	1872
2909	1885
2910	1937
2911	1867
2912	2032
2913	1941
2914	2066
2915	1768
2916	1852
2917	1854
2918	1906
2919	1810
2920	1935
2921	1935
2922	1735
2923	1693
2924	1813
2925	1840
2926	1858
2927	1806
2928	1708
2929	1758
2930	1772
2931	1931
2932	1808
2933	1925
2934	1786
2935	1958
2936	1712
2937	1829
2938	1850
2939	1577
2940	1902
2941	1783
2942	1788
2943	1890
2944	1857
2945	1766
2946	1862
2947	1796
2948	1776
2949	1922
2950	1731
2951	1776
2952	1923
2953	1792
2954	1793
2955	1783
2956	1947
2957	1755
2958	1886
2959	1811
2960	1858
2961	1689
2962	1963
2963	1782
2964	2016
2965	1815
2966	1958
2967	2048
2968	1952
2969	1936
2970	1957
2971	1924
2972	1849
2973	1952
2974	2106
2975	1961
2976	1776
2977	1905
2978	1971
2979	2113
2980	1962
2981	2023
2982	1898
2983	1925
2984	2036
2985	1804
2986	2013
2987	2009
2988	2131
2989	2055
2990	1908
2991	1979
2992	2235
2993	1981
2994	1798
2995	1994
2996	1887
2997	2123
2998	2213
2999	1956
3000	1994
3001	1926
3002	2025
3003	2151
3004	2106
3005	2105
3006	2107
3007	2112
3008	2176
3009	2013
3010	2028
3011	2099
3012	2110
3013	1973
3014	2045
3015	2114
3016	1970
3017	2083
3018	2027
3019	1974
3020	2100
3021	2039
3022	2060
3023	2027
3024	1898
3025	1876
3026	2092
3027	1715
3028	1935
3029	1909
3030	2100
3031	2047
3032	1986
3033	2057
3034	1948
3035	2018
3036	1898
3037	1991
3038	2112
3039	2111
3040	2032
3041	2125
3042	1942
3043	2011
3044	1945
3045	2168
3046	1926
3047	2196
3048	2112
3049	2105
3050	2018
3051	1925
3052	2014
3053	2105
3054	2300
3055	2418
3056	2176
3057	2266
3058	2240
3059	2312
3060	2181
3061	2174
3062	2197
3063	2149
3064	1853
3065	2135
3066	2081
3067	2095
3068	2090
3069	2189
3070	2108
3071	1895
3072	2281
3073	2018
3074	2107
3075	1860
3076	1885
3077	2212
3078	2179
3079	1946
3080	2066
3081	2017
3082	2369
3083	2261
3084	2129
3085	2067
3086	2095
3087	2221
3088	2095
3089	1941
3090	2218
3091	2130
3092	2083
3093	1852
3094	1918
3095	2411
3096	2234
3097	2059
3098	2032
3099	2150
3100	2051
3101	1927
3102	1958
3103	2121
3104	2250
3105	1987
3106	2099
3107	2072
3108	1856
3109	2012
3110	2029
3111	2048
3112	2002
3113	2121
3114	2041
3115	2193
3116	2118
3117	2092
3118	2017
3119	2306
3120	2058
3121	1989
3122	2142
3123	2145
3124	1972
3125	2329
3126	2099
3127	1934
3128	2172
3129	1914
3130	2031
3131	1801
3132	2032
3133	2138
3134	1881
3135	2103
3136	2182
3137	1928
3138	2085
3139	2019
3140	2089
3141	1970
3142	1915
3143	2007
3144	2093
3145	2122
3146	2045
3147	2006
3148	1824
3149	2353
3150	2021
3151	1988
3152	2038
3153	1871
3154	2075
3155	2146
3156	1859
3157	1928
3158	2079
3159	1911
3160	2464
3161	2054
3162	2133
3163	2075
3164	2046
3165	2172
3166	2413
3167	2236
3168	2291
3169	2000
3170	2006
3171	1949
3172	1966
3173	1984
3174	2113
3175	1989
3176	2135
3177	2211
3178	2259
3179	2006
3180	1977
3181	2143
3182	2035
3183	2188
3184	2094
3185	2061
3186	1900
3187	1907
3188	1968
3189	1972
3190	2180
3191	2099
3192	2149
3193	2272
3194	2010
3195	2046
3196	2189
3197	2144
3198	2084
3199	1987
3200	1967
3201	2229
3202	2059
3203	2002
3204	2131
3205	2105
3206	1992
3207	2187
3208	2192
3209	2111
3210	1959
3211	2103
3212	2110
3213	2064
3214	1904
3215	2026
3216	1987
3217	1869
3218	1914
3219	1867
3220	2001
3221	2047
3222	1964
3223	1895
3224	1960
3225	2027
3226	2028
3227	1889
3228	1846
3229	2081
3230	2083
3231	1869
3232	1971
3233	2042
3234	2013
3235	2152
3236	2162
3237	2067
3238	2082
3239	2082
3240	1965
3241	1962
3242	2064
3243	1951
3244	2073
3245	2032
3246	1898
3247	2075
3248	1979
3249	2124
3250	1968
3251	1946
3252	2026
3253	2046
3254	1930
3255	1859
3256	1972
3257	1820
3258	1740
3259	2059
3260	1935
3261	1985
3262	1980
3263	1982
3264	1921
3265	1945
3266	2065
3267	2032
3268	1944
3269	2023
3270	1879
3271	1914
3272	2035
3273	1950
3274	2083
3275	1977
3276	1967
3277	1904
3278	1952
3279	1769
3280	1932
3281	1937
3282	1820
3283	2080
3284	1941
3285	2012
3286	1895
3287	2001
3288	2090
3289	2024
3290	2083
3291	1756
3292	2040
3293	2128
3294	2180
3295	2056
3296	2035
3297	2079
3298	2051
3299	2034
3300	2038
3301	2028
3302	1957
3303	1850
3304	2117
3305	2140
3306	2051
3307	1946
3308	2004
3309	2018
3310	2020
3311	2049
3312	1969
3313	2150
3314	1859
3315	2070
3316	2032
3317	2118
3318	2133
3319	2187
3320	2022
3321	2130
3322	2057
3323	2081
3324	1947
3325	2038
3326	1915
3327	1885
3328	1937
3329	1859
3330	2075
3331	2011
3332	1941
3333	2042
3334	1783
3335	1935
3336	2058
3337	2074
3338	1998
3339	2059
3340	1892
3341	1864
3342	1843
3343	1887
3344	1955
3345	1822
3346	1735
3347	2191
3348	2023
3349	2027
3350	1751
3351	1927
3352	1767
3353	1893
3354	1870
3355	1907
3356	1863
3357	1923
3358	1924
3359	1821
3360	1941
3361	1848
3362	1975
3363	1867
3364	1900
3365	1802
3366	1688
3367	1802
3368	1802
3369	1636
3370	1899
3371	1913
3372	1881
3373	1981
3374	1747
3375	1912
3376	1538
3377	1707
3378	1766
3379	1915
3380	1794
3381	1832
3382	1742
3383	1886
3384	1699
3385	1662
3386	1756
3387	1594
3388	1860
3389	1932
3390	1719
3391	1635
3392	1525
3393	1612
3394	1655
3395	1690
3396	1782
3397	1712
3398	1819
3399	1914
3400	1794
3401	1815
3402	1836
3403	1646
3404	1778
3405	1762
3406	1758
3407	1814
3408	1744
3409	1658
3410	1912
3411	1759
3412	1847
3413	1843
3414	1720
3415	1653
3416	1804
3417	1698
3418	1663
3419	1784
3420	1680
3421	1653
3422	1734
3423	1702
3424	1725
3425	1670
3426	1788
3427	1676
3428	1736
3429	1753
3430	1672
3431	1875
3432	1658
3433	1779
3434	1798
3435	1872
3436	1730
3437	1770
3438	1879
3439	2039
3440	1759
3441	1875
3442	1839
3443	1819
3444	1899
3445	1982
3446	1904
3447	1636
3448	1694
3449	1786
3450	1769
3451	1960
3452	1783
3453	1713
3454	1798
3455	1710
3456	1830
3457	1781
3458	1760
3459	1542
3460	1778
3461	1685
3462	1828
3463	1595
3464	1802
3465	1611
3466	1738
3467	1716
3468	1667
3469	1744
3470	1736
3471	1783
3472	1689
3473	1769
3474	1751
3475	1690
3476	1570
3477	1553
3478	1796
3479	1712
3480	1749
3481	1570
3482	1633
3483	1615
3484	1737
3485	1683
3486	1664
3487	1548
3488	1765
3489	1733
3490	1786
3491	1586
3492	1580
3493	1698
3494	1506
3495	1554
3496	1651
3497	1677
3498	1448
3499	1633
3500	1802
3501	1655
3502	1729
3503	1911
3504	1595
3505	1541
3506	1619
3507	1803
3508	1665
3509	1649
3510	1605
3511	1674
3512	1585
3513	1553
3514	1437
3515	1391
3516	1400
3517	1733
3518	1404
3519	1546
3520	1507
3521	1552
3522	1632
3523	1557
3524	1548
3525	1492
3526	1621
3527	1572
3528	1618
3529	1437
3530	1433
3531	1580
3532	1548
3533	1669
3534	1646
3535	1650
3536	1518
3537	1523
3538	1566
3539	1717
3540	1672
3541	1527
3542	1667
3543	1515
3544	1631
3545	1567
3546	1677
3547	1623
3548	1589
3549	1543
3550	1577
3551	1670
3552	1658
3553	1568
3554	1511
3555	1545
3556	1519
3557	1722
3558	1667
3559	1546
3560	1567
3561	1759
3562	1505
3563	1647
3564	1644
3565	1628
3566	1482
3567	1494
3568	1436
3569	1477
3570	1448
3571	1623
3572	1669
3573	1603
3574	1761
3575	1537
3576	1602
3577	1714
3578	1570
3579	1633
3580	1733
3581	1569
3582	1571
3583	1666
3584	1609
3585	1585
3586	1539
3587	1415
3588	1544
3589	1544
3590	1517
3591	1636
3592	1756
3593	1672
3594	1736
3595	1801
3596	1810
3597	1619
3598	1582
3599	1612
3600	1591
3601	1611
3602	1489
3603	1669
3604	1660
3605	1523
3606	1618
3607	1752
3608	1729
3609	1720
3610	1646
3611	1526
3612	1588
3613	1560
3614	1540
3615	1525
3616	1728
3617	1814
3618	1854
3619	1840
3620	1629
3621	1834
3622	1825
3623	1988
3624	1659
3625	1557
3626	1805
3627	1744
3628	1742
3629	1706
3630	1714
3631	1839
3632	1760
3633	1695
3634	1674
3635	1588
3636	1741
3637	1810
3638	1944
3639	1826
3640	1902
3641	1696
3642	1666
3643	1866
3644	1791
3645	1853
3646	2152
3647	1657
3648	1782
3649	1699
3650	1644
3651	1892
3652	1596
3653	1554
3654	1760
3655	1808
3656	1755
3657	1757
3658	1688
3659	1951
3660	1570
3661	1750
3662	1766
3663	1652
3664	1846
3665	1773
3666	1674
3667	1695
3668	1544
3669	1590
3670	1660
3671	1734
3672	1684
3673	1802
3674	1705
3675	1921
3676	1937
3677	1788
3678	1672
3679	1640
3680	1995
3681	1818
3682	1681
3683	1641
3684	1755
3685	1800
3686	1663
3687	1742
3688	1805
3689	1839
3690	1635
3691	1731
3692	1578
3693	1664
3694	1840
3695	1700
3696	1820
3697	1697
3698	2000
3699	1703
3700	1916
3701	2113
3702	1871
3703	1703
3704	1695
3705	1825
3706	1644
3707	1838
3708	1693
3709	1717
3710	1918
3711	1829
3712	1936
3713	1731
3714	1659
3715	1755
3716	1737
3717	1786
3718	1691
3719	1684
3720	1677
3721	1668
3722	1568
3723	1496
3724	1584
3725	1684
3726	1520
3727	1690
3728	1649
3729	1575
3730	1504
3731	1638
3732	1552
3733	1501
3734	1655
3735	1828
3736	1678
3737	1649
3738	1621
3739	1631
3740	1441
3741	1621
3742	1594
3743	1573
3744	1781
3745	1659
3746	1608
3747	1580
3748	1433
3749	1571
3750	1702
3751	1342
3752	1573
3753	1512
3754	1527
3755	1658
3756	1637
3757	1579
3758	1727
3759	1826
3760	1660
3761	1295
3762	1556
3763	1546
3764	1486
3765	1616
3766	1513
3767	1562
3768	1667
3769	1378
3770	1598
3771	1562
3772	1577
3773	1491
3774	1613
3775	1533
3776	1579
3777	1528
3778	1481
3779	1515
3780	1494
3781	1634
3782	1817
3783	1471
3784	1544
3785	1471
3786	1518
3787	1439
3788	1615
3789	1481
3790	1572
3791	1484
3792	1501
3793	1462
3794	1433
3795	1488
3796	1448
3797	1380
3798	1391
3799	1424
3800	1478
3801	1426
3802	1460
3803	1416
3804	1324
3805	1468
3806	1462
3807	1597
3808	1489
3809	1480
3810	1419
3811	1521
3812	1379
3813	1356
3814	1399
3815	1411
3816	1478
3817	1431
3818	1707
3819	1560
3820	1461
3821	1472
3822	1439
3823	1240
3824	1372
3825	1361
3826	1385
3827	1330
3828	1474
3829	1361
3830	1326
3831	1399
3832	1564
3833	1437
3834	1403
3835	1378
3836	1355
3837	1229
3838	1271
3839	1418
3840	1300
3841	1399
3842	1430
3843	1212
3844	1222
3845	1326
3846	1320
3847	1295
3848	1259
3849	1396
3850	1296
3851	1303
3852	1213
3853	1396
3854	1434
3855	1251
3856	1321
3857	1525
3858	1300
3859	1377
3860	1434
3861	1409
3862	1400
3863	1499
3864	1330
3865	1306
3866	1329
3867	1330
3868	1499
3869	1485
3870	1283
3871	1271
3872	1343
3873	1328
3874	1393
3875	1345
3876	1408
3877	1327
3878	1384
3879	1248
3880	1289
3881	1456
3882	1435
3883	1253
3884	1270
3885	1399
3886	1378
3887	1372
3888	1194
3889	1362
3890	1330
3891	1284
3892	1360
3893	1443
3894	1312
3895	1393
3896	1342
3897	1420
3898	1520
3899	1313
3900	1368
3901	1541
3902	1297
3903	1388
3904	1409
3905	1405
3906	1501
3907	1415
3908	1350
3909	1421
3910	1438
3911	1586
3912	1622
3913	1476
3914	1449
3915	1532
3916	1500
3917	1468
3918	1406
3919	1490
3920	1597
3921	1463
3922	1515
3923	1391
3924	1610
3925	1514
3926	1421
3927	1356
3928	1429
3929	1936
3930	1723
3931	1641
3932	1706
3933	1670
3934	1379
3935	1475
3936	1452
3937	1461
3938	1612
3939	1402
3940	1587
3941	1425
3942	1528
3943	1371
3944	1473
3945	1349
3946	1507
3947	1464
3948	1431
3949	1323
3950	1330
3951	1387
3952	1415
3953	1452
3954	1476
3955	1521
3956	1454
3957	1454
3958	1526
3959	1604
3960	1706
3961	1589
3962	1492
3963	1833
3964	1468
3965	1706
3966	1727
3967	1489
3968	1553
3969	1683
3970	1589
3971	1606
3972	1599
3973	1578
3974	1791
3975	1511
3976	1695
3977	1873
3978	1768
3979	1663
3980	1524
3981	1732
3982	1626
3983	1751
3984	1725
3985	1798
3986	1562
3987	1693
3988	1642
3989	1698
3990	1721
3991	1581
3992	1529
3993	1432
3994	1607
3995	1665
3996	1465
3997	1670
3998	1662
3999	1580
4000	1488
4001	1601
4002	1827
4003	1661
4004	1757
4005	1500
4006	1644
4007	1527
4008	1648
4009	1618
4010	1630
4011	1500
4012	1659
4013	1752
4014	1756
4015	1830
4016	1673
4017	1882
4018	1970
4019	2005
4020	2035
4021	1769
4022	1685
4023	1879
4024	1690
4025	1756
4026	1901
4027	1917
4028	1796
4029	1760
4030	2017
4031	1842
4032	2044
4033	1706
4034	1873
4035	2168
4036	1646
4037	1929
4038	1497
4039	1713
4040	1633
4041	1668
4042	1859
4043	1581
4044	1799
4045	1728
4046	1573
4047	1788
4048	1639
4049	1743
4050	1891
4051	1801
4052	1590
4053	1718
4054	1570
4055	1786
4056	1697
4057	1576
4058	1618
4059	1491
4060	1833
4061	1543
4062	1633
4063	1654
4064	1534
4065	1829
4066	1906
4067	1690
4068	1937
4069	2005
4070	1683
4071	1534
4072	1711
4073	1652
4074	1621
4075	1622
4076	1703
4077	1647
4078	1777
4079	1611
4080	1619
4081	1623
4082	1447
4083	1784
4084	1665
4085	1774
4086	1791
4087	1875
4088	1654
4089	1655
4090	1589
4091	1657
4092	1617
4093	1707
4094	1638
4095	1473
4096	1789
4097	1836
4098	2004
4099	2006
4100	1855
4101	1587
4102	1778
4103	1567
4104	1492
4105	1589
4106	1605
4107	1610
4108	1707
4109	1550
4110	1520
4111	1575
4112	1511
4113	1460
4114	1592
4115	1520
4116	1745
4117	1721
4118	1585
4119	1562
4120	1498
4121	1551
4122	1481
4123	1549
4124	1762
4125	1712
4126	1581
4127	1666
4128	1801
4129	1652
4130	1735
4131	1392
4132	1511
4133	1554
4134	1512
4135	1471
4136	1447
4137	1557
4138	1315
4139	1443
4140	1532
4141	1375
4142	1624
4143	1354
4144	1412
4145	1381
4146	1271
4147	1464
4148	1473
4149	1454
4150	1415
4151	1368
4152	1278
4153	1336
4154	1515
4155	1334
4156	1219
4157	1288
4158	1356
4159	1306
4160	1279
4161	1289
4162	1364
4163	1233
4164	1408
4165	1319
4166	1313
4167	1508
4168	1303
4169	1461
4170	1351
4171	1314
4172	1417
4173	1665
4174	1282
4175	1444
4176	1365
4177	1290
4178	1165
4179	1414
4180	1359
4181	1378
4182	1212
4183	1379
4184	1096
4185	1417
4186	1263
4187	1491
4188	1307
4189	1302
4190	1326
4191	1303
4192	1289
4193	1292
4194	1233
4195	1347
4196	1302
4197	1338
4198	1382
4199	1283
4200	1221
4201	1273
4202	1495
4203	1332
4204	1327
4205	1209
4206	1548
4207	1181
4208	1382
4209	1278
4210	1277
4211	1386
4212	1254
4213	1468
4214	1405
4215	1302
4216	1328
4217	1335
4218	1311
4219	1374
4220	1195
4221	1444
4222	1242
4223	1426
4224	1191
4225	1309
4226	1308
4227	1257
4228	1363
4229	1363
4230	1316
4231	1359
4232	1348
4233	1357
4234	1382
4235	1333
4236	1290
4237	1327
4238	1289
4239	1608
4240	1408
4241	1313
4242	1237
4243	1240
4244	1282
4245	1412
4246	1507
4247	1361
4248	1473
4249	1158
4250	1416
4251	1310
4252	1335
4253	1393
4254	1196
4255	1071
4256	1350
4257	1295
4258	1496
4259	1230
4260	1242
4261	1427
4262	1292
4263	1419
4264	1367
4265	1413
4266	1450
4267	1373
4268	1442
4269	1377
4270	1321
4271	1405
4272	1537
4273	1361
4274	1361
4275	1380
4276	1311
4277	1337
4278	1358
4279	1320
4280	1365
4281	1463
4282	1331
4283	1332
4284	1453
4285	1338
4286	1286
4287	1394
4288	1193
4289	1434
4290	1391
4291	1312
4292	1360
4293	1320
4294	1559
4295	1237
4296	1480
4297	1453
4298	1381
4299	1325
4300	1425
4301	1255
4302	1320
4303	1511
4304	1256
4305	1194
4306	1365
4307	1208
4308	1297
4309	1237
4310	1198
4311	1276
4312	1264
4313	1272
4314	1392
4315	1240
4316	1430
4317	1215
4318	1301
4319	1169
4320	1341
4321	1248
4322	1310
4323	1262
4324	1232
4325	1334
4326	1131
4327	1276
4328	1190
4329	1264
4330	1297
4331	1128
4332	1255
4333	1209
4334	1146
4335	1357
4336	1374
4337	1328
4338	1066
4339	1134
4340	1122
4341	1322
4342	1297
4343	1238
4344	1337
4345	1251
4346	1386
4347	1257
4348	1144
4349	1182
4350	1228
4351	1304
4352	1219
4353	1160
4354	1188
4355	1293
4356	1295
4357	1179
4358	1125
4359	1287
4360	1211
4361	1280
4362	1274
4363	1283
4364	1354
4365	1103
4366	1269
4367	1116
4368	1158
4369	1295
4370	1292
4371	1167
4372	1100
4373	1069
4374	1255
4375	1256
4376	1198
4377	1217
4378	1162
4379	1189
4380	1083
4381	1115
4382	1228
4383	1252
4384	1144
4385	1224
4386	1122
4387	1115
4388	1185
4389	1179
4390	1156
4391	1097
4392	1229
4393	1162
4394	1224
4395	1194
4396	1254
4397	1245
4398	1217
4399	1131
4400	1353
4401	1171
4402	1160
4403	1255
4404	1110
4405	1200
4406	1163
4407	1143
4408	1149
4409	1149
4410	1081
4411	1202
4412	1241
4413	1273
4414	1300
4415	1128
4416	1154
4417	1198
4418	1112
4419	1176
4420	1159
4421	1208
4422	1233
4423	1166
4424	1198
4425	1115
4426	1132
4427	998
4428	1046
4429	1031
4430	1080
4431	1073
4432	1054
4433	1169
4434	1218
4435	1139
4436	1180
4437	1197
4438	967
4439	1209
4440	1185
4441	1200
4442	1126
4443	1205
4444	1333
4445	1233
4446	1192
4447	1167
4448	1096
4449	1222
4450	1241
4451	1180
4452	1100
4453	1146
4454	1109
4455	1145
4456	1101
4457	1086
4458	1148
4459	1277
4460	1056
4461	1292
4462	1145
4463	1023
4464	1176
4465	1116
4466	1121
4467	1001
4468	1097
4469	1090
4470	1073
4471	1183
4472	1146
4473	1197
4474	1237
4475	1128
4476	1043
4477	1156
4478	1236
4479	1068
4480	991
4481	1197
4482	1170
4483	1150
4484	975
4485	1122
4486	1150
4487	1194
4488	1115
4489	1241
4490	1096
4491	1159
4492	1093
4493	1141
4494	1052
4495	1160
4496	1189
4497	1179
4498	1142
4499	1139
4500	999
4501	1131
4502	1207
4503	1134
4504	1163
4505	1115
4506	1206
4507	1258
4508	1066
4509	1079
4510	1018
4511	1009
4512	1244
4513	1086
4514	1184
4515	1163
4516	1252
4517	1109
4518	1143
4519	1237
4520	1200
4521	1164
4522	1139
4523	1250
4524	1428
4525	1133
4526	1259
4527	1282
4528	1129
4529	1075
4530	1315
4531	1240
4532	1056
4533	1090
4534	1203
4535	1142
4536	1240
4537	1037
4538	1141
4539	1073
4540	1089
4541	1118
4542	1191
4543	1087
4544	1170
4545	1091
4546	1053
4547	1202
4548	1277
4549	1041
4550	1122
4551	1126
4552	959
4553	1072
4554	1106
4555	1040
4556	1181
4557	1071
4558	1132
4559	1054
4560	1083
4561	1230
4562	1166
4563	1099
4564	1288
4565	1047
4566	1149
4567	1081
4568	1107
4569	912
4570	992
4571	1026
4572	1080
4573	1031
4574	999
4575	1096
4576	982
4577	1023
4578	1154
4579	1073
4580	1089
4581	1253
4582	1045
4583	1097
4584	1139
4585	1081
4586	1083
4587	1094
4588	1072
4589	1022
4590	1032
4591	1114
4592	1073
4593	1159
4594	1163
4595	1063
4596	1096
4597	1142
4598	1038
4599	1269
4600	1126
4601	1157
4602	1052
4603	1071
4604	1105
4605	1107
4606	1195
4607	992
4608	1210
4609	1153
4610	1053
4611	1128
4612	1072
4613	1223
4614	993
4615	1070
4616	1135
4617	1210
4618	1263
4619	1175
4620	1101
4621	1150
4622	1201
4623	1171
4624	1174
4625	1273
4626	1219
4627	1161
4628	1193
4629	1114
4630	1086
4631	1169
4632	1220
4633	1204
4634	1159
4635	1280
4636	1213
4637	1045
4638	1095
4639	1119
4640	1265
4641	1180
4642	1322
4643	1201
4644	1304
4645	1103
4646	1173
4647	1257
4648	1186
4649	1086
4650	1225
4651	1112
4652	1271
4653	1156
4654	1001
4655	1085
4656	1196
4657	1237
4658	1054
4659	1124
4660	1127
4661	1100
4662	1178
4663	1230
4664	1203
4665	1309
4666	1167
4667	1197
4668	966
4669	1097
4670	1144
4671	1063
4672	1079
4673	1282
4674	1146
4675	1210
4676	1271
4677	1041
4678	1233
4679	1056
4680	1142
4681	1016
4682	1037
4683	987
4684	1128
4685	1204
4686	1181
4687	1177
4688	962
4689	1225
4690	1124
4691	1133
4692	1101
4693	1231
4694	1057
4695	1073
4696	1217
4697	1183
4698	1306
4699	994
4700	1250
4701	1179
4702	1027
4703	1056
4704	1015
4705	984
4706	1170
4707	1088
4708	991
4709	1010
4710	1086
4711	1027
4712	1020
4713	931
4714	1085
4715	1216
4716	1034
4717	1159
4718	989
4719	1113
4720	1083
4721	1008
4722	1038
4723	1039
4724	988
4725	1104
4726	1040
4727	1053
4728	1060
4729	1056
4730	1004
4731	1067
4732	1101
4733	887
4734	1034
4735	936
4736	1099
4737	1020
4738	1003
4739	1078
4740	999
4741	1187
4742	1011
4743	973
4744	995
4745	1065
4746	1069
4747	1169
4748	1115
4749	1107
4750	1076
4751	1012
4752	903
4753	1048
4754	1084
4755	1120
4756	1034
4757	1134
4758	1106
4759	1099
4760	1084
4761	1033
4762	1125
4763	1057
4764	1023
4765	1195
4766	1038
4767	1098
4768	1110
4769	1116
4770	1336
4771	1295
4772	1086
4773	1053
4774	1147
4775	1039
4776	1013
4777	1024
4778	1192
4779	1081
4780	1160
4781	1116
4782	1139
4783	1048
4784	1072
4785	1055
4786	1224
4787	1127
4788	956
4789	1110
4790	1059
4791	1074
4792	1015
4793	1092
4794	1073
4795	1094
4796	1072
4797	1010
4798	1065
4799	1058
4800	1083
4801	1093
4802	940
4803	1023
4804	1101
4805	1105
4806	918
4807	979
4808	1164
4809	992
4810	1030
4811	1088
4812	992
4813	1002
4814	1048
4815	1080
4816	1023
4817	943
4818	1100
4819	1002
4820	1032
4821	1108
4822	1204
4823	1014
4824	1134
4825	1039
4826	1102
4827	1096
4828	1206
4829	922
4830	1126
4831	1172
4832	1084
4833	1076
4834	1054
4835	1041
4836	1134
4837	1084
4838	1018
4839	1110
4840	1130
4841	1256
4842	1183
4843	1006
4844	1038
4845	1145
4846	1080
4847	1089
4848	985
4849	1051
4850	1012
4851	1132
4852	1157
4853	1038
4854	1139
4855	916
4856	1043
4857	996
4858	1005
4859	924
4860	1060
4861	1067
4862	930
4863	893
4864	951
4865	920
4866	982
4867	995
4868	1051
4869	1035
4870	1052
4871	948
4872	828
4873	976
4874	839
4875	928
4876	962
4877	1064
4878	880
4879	916
4880	925
4881	989
4882	851
4883	904
4884	973
4885	995
4886	1055
4887	1075
4888	1019
4889	1118
4890	1003
4891	1007
4892	965
4893	1073
4894	1109
4895	996
4896	1033
4897	1112
4898	1102
4899	957
4900	901
4901	962
4902	998
4903	968
4904	887
4905	942
4906	1046
4907	1022
4908	1179
4909	1032
4910	1150
4911	986
4912	1047
4913	976
4914	1073
4915	1098
4916	1004
4917	1018
4918	822
4919	1084
4920	1052
4921	1067
4922	969
4923	1096
4924	981
4925	1042
4926	904
4927	1084
4928	1015
4929	1009
4930	1091
4931	1042
4932	958
4933	993
4934	987
4935	1104
4936	1045
4937	1047
4938	953
4939	909
4940	1085
4941	1072
4942	1097
4943	1046
4944	1070
4945	944
4946	938
4947	998
4948	948
4949	1033
4950	1020
4951	1043
4952	1142
4953	1131
4954	1182
4955	888
4956	1069
4957	1020
4958	1022
4959	1026
4960	1109
4961	1315
4962	1194
4963	1156
4964	1045
4965	1237
4966	1088
4967	1023
4968	1185
4969	1122
4970	1218
4971	1044
4972	1009
4973	1081
4974	1000
4975	961
4976	1060
4977	1158
4978	1048
4979	893
4980	947
4981	1013
4982	941
4983	1028
4984	1013
4985	1062
4986	1075
4987	1121
4988	964
4989	991
4990	901
4991	990
4992	913
4993	1008
4994	982
4995	1142
4996	971
4997	918
4998	974
4999	911
5000	869
5001	1045
5002	1044
5003	1132
5004	1144
5005	1074
5006	1040
5007	1057
5008	1041
5009	970
5010	989
5011	985
5012	1025
5013	913
5014	1004
5015	1094
5016	897
5017	1072
5018	955
5019	973
5020	1065
5021	1006
5022	996
5023	948
5024	911
5025	968
5026	911
5027	1013
5028	1061
5029	875
5030	1138
5031	963
5032	962
5033	907
5034	1007
5035	1013
5036	929
5037	1046
5038	970
5039	958
5040	937
5041	855
5042	954
5043	910
5044	961
5045	1023
5046	958
5047	964
5048	1020
5049	985
5050	901
5051	852
5052	938
5053	943
5054	976
5055	906
5056	991
5057	946
5058	979
5059	968
5060	880
5061	920
5062	928
5063	968
5064	992
5065	931
5066	893
5067	883
5068	1128
5069	939
5070	994
5071	966
5072	867
5073	914
5074	874
5075	836
5076	876
5077	984
5078	931
5079	864
5080	956
5081	1077
5082	1053
5083	1013
5084	903
5085	1029
5086	875
5087	918
5088	947
5089	923
5090	1022
5091	909
5092	1073
5093	1098
5094	986
5095	1038
5096	1008
5097	971
5098	981
5099	980
5100	1068
5101	934
5102	849
5103	820
5104	961
5105	932
5106	1021
5107	850
5108	943
5109	882
5110	785
5111	972
5112	865
5113	862
5114	1008
5115	906
5116	906
5117	922
5118	841
5119	977
5120	985
5121	977
5122	984
5123	979
5124	1082
5125	917
5126	922
5127	1025
5128	964
5129	910
5130	926
5131	1014
5132	973
5133	945
5134	865
5135	967
5136	1002
5137	1011
5138	906
5139	927
5140	842
5141	978
5142	1017
5143	944
5144	948
5145	978
5146	934
5147	945
5148	993
5149	1038
5150	892
5151	836
5152	920
5153	937
5154	989
5155	903
5156	911
5157	981
5158	1027
5159	961
5160	1103
5161	1093
5162	1000
5163	943
5164	1034
5165	1040
5166	1065
5167	971
5168	1035
5169	843
5170	1046
5171	956
5172	900
5173	1061
5174	958
5175	913
5176	1023
5177	956
5178	915
5179	821
5180	1001
5181	843
5182	1021
5183	1028
5184	958
5185	1028
5186	983
5187	1013
5188	1005
5189	956
5190	828
5191	949
5192	954
5193	1042
5194	931
5195	884
5196	1041
5197	1054
5198	936
5199	984
5200	1130
5201	1000
5202	1076
5203	879
5204	1130
5205	884
5206	929
5207	892
5208	1004
5209	991
5210	932
5211	898
5212	1176
5213	1011
5214	1021
5215	902
5216	999
5217	957
5218	941
5219	1093
5220	855
5221	1055
5222	858
5223	899
5224	986
5225	1051
5226	1027
5227	907
5228	848
5229	955
5230	931
5231	1060
5232	852
5233	960
5234	1022
5235	974
5236	1144
5237	1034
5238	1070
5239	1005
5240	999
5241	1203
5242	1020
5243	965
5244	947
5245	1143
5246	887
5247	850
5248	978
5249	902
5250	964
5251	1126
5252	878
5253	1069
5254	998
5255	1008
5256	1107
5257	1028
5258	1122
5259	1000
5260	962
5261	960
5262	908
5263	916
5264	943
5265	934
5266	992
5267	1022
5268	929
5269	943
5270	900
5271	1081
5272	863
5273	1034
5274	1015
5275	887
5276	882
5277	932
5278	1041
5279	937
5280	957
5281	1040
5282	945
5283	961
5284	873
5285	1083
5286	991
5287	1024
5288	807
5289	904
5290	955
5291	776
5292	885
5293	917
5294	931
5295	793
5296	863
5297	908
5298	972
5299	923
5300	980
5301	1021
5302	963
5303	973
5304	944
5305	935
5306	1000
5307	904
5308	864
5309	918
5310	986
5311	1035
5312	945
5313	1050
5314	1010
5315	873
5316	810
5317	889
5318	922
5319	887
5320	918
5321	794
5322	959
5323	725
5324	937
5325	893
5326	807
5327	902
5328	877
5329	944
5330	986
5331	922
5332	738
5333	838
5334	775
5335	951
5336	841
5337	917
5338	782
5339	883
5340	942
5341	874
5342	774
5343	753
5344	864
5345	816
5346	818
5347	817
5348	774
5349	827
5350	1029
5351	917
5352	836
5353	934
5354	821
5355	886
5356	871
5357	881
5358	835
5359	834
5360	775
5361	805
5362	906
5363	913
5364	783
5365	836
5366	902
5367	841
5368	771
5369	839
5370	910
5371	831
5372	834
5373	745
5374	833
5375	935
5376	903
5377	851
5378	808
5379	904
5380	933
5381	785
5382	922
5383	938
5384	851
5385	837
5386	1121
5387	1601
5388	1056
5389	786
5390	834
5391	949
5392	919
5393	959
5394	882
5395	789
5396	759
5397	785
5398	851
5399	820
5400	857
5401	744
5402	860
5403	761
5404	893
5405	840
5406	791
5407	840
5408	860
5409	835
5410	794
5411	784
5412	970
5413	854
5414	837
5415	793
5416	681
5417	860
5418	865
5419	922
5420	895
5421	911
5422	922
5423	794
5424	849
5425	813
5426	879
5427	858
5428	836
5429	923
5430	836
5431	843
5432	894
5433	891
5434	812
5435	886
5436	804
5437	849
5438	917
5439	845
5440	944
5441	944
5442	1010
5443	920
5444	884
5445	900
5446	888
5447	1050
5448	888
5449	792
5450	951
5451	925
5452	785
5453	907
5454	915
5455	927
5456	803
5457	958
5458	825
5459	769
5460	863
5461	846
5462	887
5463	929
5464	902
5465	963
5466	836
5467	884
5468	1017
5469	896
5470	967
5471	1012
5472	950
5473	897
5474	949
5475	918
5476	1001
5477	1087
5478	901
5479	975
5480	982
5481	903
5482	950
5483	910
5484	874
5485	936
5486	1049
5487	914
5488	1034
5489	859
5490	1003
5491	1075
5492	1008
5493	891
5494	1002
5495	1044
5496	967
5497	975
5498	1005
5499	965
5500	852
5501	1169
5502	975
5503	1040
5504	1083
5505	1057
5506	1085
5507	1068
5508	918
5509	1022
5510	988
5511	1112
5512	1150
5513	1000
5514	1120
5515	1101
5516	996
5517	936
5518	954
5519	1145
5520	1176
5521	1118
5522	1140
5523	975
5524	1278
5525	972
5526	936
5527	1154
5528	1028
5529	1248
5530	1054
5531	972
5532	1093
5533	1001
5534	1103
5535	1059
5536	1099
5537	1078
5538	1042
5539	1162
5540	1058
5541	1059
5542	1098
5543	970
5544	1124
5545	1079
5546	1089
5547	1055
5548	968
5549	909
5550	1018
5551	1164
5552	1046
5553	1119
5554	1077
5555	1194
5556	1184
5557	1012
5558	1122
5559	1033
5560	1222
5561	1102
5562	1116
5563	1006
5564	1177
5565	998
5566	1019
5567	1078
5568	960
5569	1086
5570	1101
5571	1124
5572	1098
5573	1100
5574	1075
5575	1046
5576	986
5577	1123
5578	995
5579	1035
5580	1034
5581	1071
5582	1134
5583	983
5584	1058
5585	1034
5586	1084
5587	932
5588	1104
5589	1122
5590	1065
5591	875
5592	890
5593	969
5594	959
5595	934
5596	1091
5597	831
5598	941
5599	933
5600	948
5601	1061
5602	1095
5603	1055
5604	985
5605	947
5606	963
5607	882
5608	951
5609	982
5610	966
5611	1076
5612	974
5613	928
5614	967
5615	997
5616	1035
5617	927
5618	891
5619	952
5620	937
5621	904
5622	879
5623	1015
5624	889
5625	959
5626	919
5627	984
5628	897
5629	1061
5630	773
5631	1014
5632	1017
5633	1064
5634	922
5635	1026
5636	939
5637	898
5638	992
5639	951
5640	1065
5641	979
5642	1074
5643	926
5644	971
5645	986
5646	932
5647	998
5648	929
5649	958
5650	1004
5651	938
5652	938
5653	987
5654	970
5655	886
5656	1049
5657	1048
5658	972
5659	894
5660	878
5661	936
5662	991
5663	959
5664	986
5665	896
5666	874
5667	842
5668	901
5669	886
5670	938
5671	965
5672	868
5673	978
5674	858
5675	802
5676	943
5677	970
5678	883
5679	860
5680	884
5681	867
5682	848
5683	824
5684	819
5685	806
5686	847
5687	962
5688	791
5689	1091
5690	848
5691	947
5692	911
5693	862
5694	824
5695	907
5696	972
5697	766
5698	794
5699	853
5700	854
5701	846
5702	888
5703	825
5704	809
5705	894
5706	955
5707	758
5708	837
5709	829
5710	812
5711	904
5712	751
5713	776
5714	819
5715	828
5716	749
5717	870
5718	803
5719	797
5720	817
5721	961
5722	824
5723	818
5724	872
5725	861
5726	836
5727	793
5728	978
5729	745
5730	828
5731	791
5732	873
5733	854
5734	758
5735	783
5736	650
5737	748
5738	898
5739	940
5740	796
5741	812
5742	714
5743	800
5744	865
5745	898
5746	728
5747	891
5748	868
5749	767
5750	753
5751	821
5752	852
5753	783
5754	800
5755	744
5756	797
5757	884
5758	942
5759	737
5760	772
5761	793
5762	898
5763	794
5764	696
5765	868
5766	754
5767	900
5768	772
5769	779
5770	715
5771	761
5772	702
5773	721
5774	792
5775	841
5776	700
5777	777
5778	744
5779	854
5780	702
5781	812
5782	759
5783	647
5784	838
5785	892
5786	884
5787	753
5788	707
5789	664
5790	755
5791	692
5792	710
5793	844
5794	793
5795	808
5796	819
5797	905
5798	813
5799	833
5800	817
5801	758
5802	823
5803	702
5804	823
5805	756
5806	681
5807	768
5808	887
5809	668
5810	816
5811	866
5812	799
5813	862
5814	858
5815	775
5816	729
5817	855
5818	803
5819	769
5820	786
5821	696
5822	823
5823	931
5824	834
5825	872
5826	830
5827	807
5828	932
5829	826
5830	885
5831	907
5832	785
5833	963
5834	899
5835	976
5836	951
5837	842
5838	844
5839	881
5840	1015
5841	908
5842	930
5843	703
5844	769
5845	714
5846	908
5847	868
5848	853
5849	727
5850	864
5851	807
5852	1014
5853	859
5854	805
5855	928
5856	703
5857	809
5858	880
5859	758
5860	820
5861	834
5862	917
5863	796
5864	804
5865	938
5866	914
5867	814
5868	933
5869	914
5870	955
5871	942
5872	771
5873	912
5874	813
5875	830
5876	928
5877	928
5878	785
5879	804
5880	940
5881	956
5882	822
5883	885
5884	963
5885	913
5886	824
5887	883
5888	901
5889	835
5890	777
5891	868
5892	902
5893	867
5894	928
5895	917
5896	822
5897	751
5898	972
5899	751
5900	838
5901	931
5902	805
5903	873
5904	833
5905	846
5906	942
5907	805
5908	824
5909	826
5910	755
5911	935
5912	809
5913	811
5914	790
5915	842
5916	798
5917	813
5918	717
5919	775
5920	766
5921	815
5922	840
5923	852
5924	815
5925	802
5926	766
5927	809
5928	899
5929	882
5930	890
5931	875
5932	816
5933	926
5934	825
5935	918
5936	917
5937	831
5938	782
5939	849
5940	843
5941	885
5942	844
5943	798
5944	811
5945	929
5946	761
5947	798
5948	744
5949	826
5950	904
5951	861
5952	834
5953	786
5954	721
5955	740
5956	844
5957	767
5958	864
5959	746
5960	781
5961	760
5962	859
5963	910
5964	854
5965	819
5966	699
5967	849
5968	926
5969	822
5970	758
5971	828
5972	804
5973	745
5974	837
5975	835
5976	951
5977	811
5978	934
5979	815
5980	754
5981	684
5982	753
5983	841
5984	861
5985	910
5986	805
5987	738
5988	718
5989	727
5990	811
5991	705
5992	903
5993	763
5994	851
5995	775
5996	829
5997	951
5998	688
5999	786
6000	749
6001	866
6002	873
6003	687
6004	782
6005	721
6006	764
6007	777
6008	915
6009	814
6010	838
6011	851
6012	722
6013	796
6014	744
6015	752
6016	861
6017	850
6018	893
6019	730
6020	898
6021	825
6022	817
6023	803
6024	794
6025	745
6026	804
6027	738
6028	777
6029	804
6030	756
6031	981
6032	758
6033	730
6034	765
6035	788
6036	693
6037	717
6038	788
6039	686
6040	726
6041	765
6042	801
6043	860
6044	760
6045	797
6046	719
6047	755
6048	822
6049	738
6050	711
6051	691
6052	781
6053	701
6054	870
6055	775
6056	832
6057	800
6058	795
6059	771
6060	813
6061	773
6062	764
6063	763
6064	834
6065	885
6066	854
6067	685
6068	818
6069	770
6070	782
6071	787
6072	749
6073	892
6074	861
6075	796
6076	787
6077	732
6078	816
6079	864
6080	780
6081	743
6082	940
6083	715
6084	791
6085	860
6086	774
6087	766
6088	795
6089	750
6090	875
6091	807
6092	823
6093	706
6094	783
6095	819
6096	826
6097	721
6098	743
6099	774
6100	794
6101	776
6102	808
6103	741
6104	792
6105	795
6106	695
6107	777
6108	773
6109	758
6110	731
6111	758
6112	822
6113	772
6114	864
6115	682
6116	695
6117	744
6118	675
6119	831
6120	839
6121	712
6122	839
6123	689
6124	719
6125	775
6126	806
6127	707
6128	827
6129	725
6130	710
6131	760
6132	846
6133	789
6134	862
6135	639
6136	689
6137	729
6138	789
6139	773
6140	744
6141	715
6142	802
6143	777
6144	844
6145	834
6146	732
6147	761
6148	747
6149	813
6150	823
6151	780
6152	789
6153	783
6154	767
6155	770
6156	716
6157	800
6158	729
6159	737
6160	663
6161	686
6162	668
6163	776
6164	751
6165	685
6166	652
6167	818
6168	813
6169	718
6170	647
6171	805
6172	798
6173	696
6174	673
6175	771
6176	724
6177	769
6178	740
6179	768
6180	779
6181	658
6182	826
6183	771
6184	722
6185	737
6186	773
6187	720
6188	736
6189	811
6190	711
6191	695
6192	735
6193	763
6194	667
6195	610
6196	673
6197	716
6198	780
6199	694
6200	764
6201	710
6202	639
6203	658
6204	746
6205	674
6206	694
6207	705
6208	643
6209	618
6210	637
6211	591
6212	787
6213	803
6214	626
6215	704
6216	659
6217	640
6218	773
6219	728
6220	820
6221	757
6222	707
6223	776
6224	657
6225	775
6226	710
6227	688
6228	618
6229	789
6230	713
6231	729
6232	703
6233	614
6234	732
6235	792
6236	712
6237	785
6238	769
6239	639
6240	596
6241	820
6242	852
6243	786
6244	681
6245	699
6246	677
6247	647
6248	750
6249	625
6250	653
6251	738
6252	783
6253	745
6254	677
6255	755
6256	784
6257	785
6258	771
6259	816
6260	749
6261	711
6262	610
6263	678
6264	787
6265	785
6266	820
6267	854
6268	703
6269	803
6270	657
6271	638
6272	704
6273	826
6274	732
6275	879
6276	784
6277	765
6278	801
6279	760
6280	751
6281	690
6282	749
6283	764
6284	822
6285	772
6286	728
6287	726
6288	796
6289	744
6290	774
6291	847
6292	771
6293	833
6294	685
6295	796
6296	769
6297	689
6298	835
6299	799
6300	832
6301	803
6302	989
6303	827
6304	640
6305	940
6306	657
6307	782
6308	857
6309	668
6310	692
6311	770
6312	739
6313	774
6314	776
6315	776
6316	763
6317	803
6318	803
6319	617
6320	684
6321	722
6322	810
6323	679
6324	800
6325	700
6326	802
6327	829
6328	815
6329	862
6330	854
6331	785
6332	762
6333	782
6334	905
6335	729
6336	816
6337	832
6338	842
6339	707
6340	801
6341	835
6342	800
6343	705
6344	808
6345	702
6346	886
6347	766
6348	815
6349	688
6350	717
6351	640
6352	762
6353	881
6354	702
6355	754
6356	737
6357	695
6358	785
6359	665
6360	682
6361	735
6362	741
6363	731
6364	670
6365	737
6366	775
6367	592
6368	804
6369	713
6370	803
6371	749
6372	703
6373	651
6374	746
6375	627
6376	672
6377	779
6378	892
6379	827
6380	759
6381	684
6382	645
6383	689
6384	715
6385	714
6386	727
6387	640
6388	706
6389	630
6390	597
6391	759
6392	828
6393	738
6394	751
6395	699
6396	703
6397	744
6398	653
6399	642
6400	721
6401	733
6402	696
6403	696
6404	685
6405	778
6406	709
6407	785
6408	724
6409	734
6410	735
6411	715
6412	658
6413	758
6414	714
6415	863
6416	759
6417	837
6418	853
6419	647
6420	646
6421	632
6422	745
6423	652
6424	776
6425	725
6426	712
6427	706
6428	795
6429	751
6430	716
6431	601
6432	638
6433	720
6434	664
6435	747
6436	680
6437	610
6438	685
6439	736
6440	757
6441	577
6442	698
6443	887
6444	670
6445	753
6446	731
6447	658
6448	640
6449	752
6450	765
6451	796
6452	714
6453	704
6454	634
6455	686
6456	729
6457	719
6458	626
6459	711
6460	719
6461	624
6462	585
6463	637
6464	636
6465	695
6466	677
6467	625
6468	612
6469	591
6470	647
6471	757
6472	724
6473	528
6474	600
6475	719
6476	736
6477	747
6478	544
6479	592
6480	567
6481	704
6482	752
6483	668
6484	625
6485	679
6486	616
6487	645
6488	513
6489	733
6490	635
6491	701
6492	742
6493	689
6494	691
6495	674
6496	695
6497	769
6498	643
6499	682
6500	613
6501	665
6502	719
6503	771
6504	653
6505	675
6506	669
6507	637
6508	581
6509	784
6510	825
6511	634
6512	744
6513	723
6514	827
6515	736
6516	814
6517	819
6518	740
6519	815
6520	618
6521	652
6522	806
6523	758
6524	752
6525	668
6526	594
6527	787
6528	779
6529	753
6530	669
6531	647
6532	659
6533	696
6534	722
6535	695
6536	681
6537	616
6538	675
6539	815
6540	737
6541	709
6542	839
6543	722
6544	721
6545	732
6546	667
6547	711
6548	738
6549	696
6550	686
6551	701
6552	706
6553	736
6554	751
6555	646
6556	767
6557	731
6558	595
6559	598
6560	700
6561	665
6562	693
6563	668
6564	681
6565	693
6566	605
6567	692
6568	651
6569	703
6570	646
6571	685
6572	704
6573	706
6574	689
6575	700
6576	620
6577	617
6578	652
6579	668
6580	684
6581	578
6582	528
6583	673
6584	596
6585	779
6586	653
6587	679
6588	721
6589	665
6590	656
6591	591
6592	623
6593	594
6594	565
6595	723
6596	628
6597	660
6598	636
6599	612
6600	671
6601	666
6602	749
6603	547
6604	615
6605	645
6606	622
6607	644
6608	571
6609	631
6610	726
6611	549
6612	624
6613	722
6614	685
6615	627
6616	673
6617	655
6618	708
6619	666
6620	601
6621	684
6622	631
6623	551
6624	636
6625	607
6626	631
6627	652
6628	672
6629	595
6630	618
6631	652
6632	588
6633	579
6634	534
6635	626
6636	530
6637	644
6638	617
6639	570
6640	710
6641	541
6642	563
6643	623
6644	581
6645	570
6646	560
6647	656
6648	628
6649	584
6650	620
6651	559
6652	536
6653	675
6654	602
6655	590
6656	587
6657	539
6658	628
6659	526
6660	561
6661	654
6662	509
6663	593
6664	610
6665	621
6666	615
6667	667
6668	626
6669	585
6670	584
6671	502
6672	571
6673	618
6674	480
6675	536
6676	626
6677	674
6678	636
6679	529
6680	634
6681	664
6682	567
6683	595
6684	555
6685	671
6686	601
6687	640
6688	517
6689	591
6690	585
6691	579
6692	614
6693	651
6694	644
6695	611
6696	561
6697	565
6698	689
6699	621
6700	635
6701	601
6702	636
6703	665
6704	614
6705	698
6706	486
6707	635
6708	590
6709	608
6710	609
6711	692
6712	654
6713	597
6714	557
6715	625
6716	645
6717	596
6718	582
6719	652
6720	645
6721	702
6722	647
6723	551
6724	684
6725	619
6726	705
6727	681
6728	495
6729	691
6730	585
6731	662
6732	665
6733	623
6734	639
6735	618
6736	726
6737	607
6738	634
6739	624
6740	619
6741	682
6742	677
6743	655
6744	614
6745	627
6746	618
6747	695
6748	624
6749	563
6750	658
6751	585
6752	721
6753	560
6754	627
6755	627
6756	577
6757	661
6758	642
6759	637
6760	681
6761	641
6762	611
6763	593
6764	611
6765	602
6766	733
6767	625
6768	674
6769	747
6770	672
6771	739
6772	651
6773	620
6774	597
6775	674
6776	608
6777	671
6778	633
6779	590
6780	616
6781	663
6782	584
6783	569
6784	668
6785	556
6786	590
6787	635
6788	636
6789	650
6790	670
6791	532
6792	605
6793	684
6794	568
6795	716
6796	692
6797	696
6798	644
6799	718
6800	672
6801	568
6802	677
6803	636
6804	711
6805	690
6806	630
6807	674
6808	620
6809	764
6810	713
6811	593
6812	550
6813	751
6814	634
6815	572
6816	576
6817	711
6818	644
6819	625
6820	605
6821	515
6822	570
6823	636
6824	628
6825	663
6826	670
6827	588
6828	609
6829	650
6830	653
6831	768
6832	665
6833	741
6834	639
6835	693
6836	690
6837	661
6838	722
6839	598
6840	786
6841	669
6842	694
6843	530
6844	659
6845	696
6846	765
6847	717
6848	660
6849	626
6850	664
6851	716
6852	708
6853	724
6854	589
6855	660
6856	767
6857	677
6858	680
6859	773
6860	679
6861	617
6862	722
6863	751
6864	652
6865	752
6866	687
6867	723
6868	781
6869	698
6870	693
6871	816
6872	586
6873	679
6874	675
6875	579
6876	582
6877	768
6878	750
6879	719
6880	672
6881	802
6882	693
6883	675
6884	698
6885	773
6886	691
6887	669
6888	711
6889	713
6890	692
6891	763
6892	642
6893	771
6894	704
6895	797
6896	699
6897	706
6898	639
6899	756
6900	745
6901	726
6902	718
6903	710
6904	616
6905	675
6906	691
6907	695
6908	751
6909	832
6910	706
6911	755
6912	676
6913	754
6914	770
6915	783
6916	797
6917	770
6918	676
6919	753
6920	718
6921	619
6922	574
6923	615
6924	776
6925	708
6926	718
6927	653
6928	781
6929	638
6930	627
6931	627
6932	568
6933	649
6934	635
6935	595
6936	634
6937	782
6938	704
6939	692
6940	677
6941	661
6942	656
6943	701
6944	612
6945	733
6946	707
6947	578
6948	679
6949	633
6950	585
6951	624
6952	625
6953	662
6954	619
6955	634
6956	646
6957	649
6958	649
6959	697
6960	614
6961	640
6962	716
6963	627
6964	587
6965	643
6966	617
6967	543
6968	655
6969	631
6970	573
6971	714
6972	717
6973	705
6974	618
6975	593
6976	548
6977	591
6978	664
6979	646
6980	680
6981	624
6982	638
6983	608
6984	686
6985	598
6986	671
6987	660
6988	569
6989	572
6990	649
6991	640
6992	616
6993	636
6994	663
6995	572
6996	596
6997	604
6998	500
6999	594
7000	593
7001	640
7002	599
7003	719
7004	558
7005	572
7006	585
7007	615
7008	475
7009	535
7010	511
7011	582
7012	576
7013	629
7014	680
7015	527
7016	537
7017	656
7018	518
7019	558
7020	600
7021	475
7022	557
7023	458
7024	685
7025	655
7026	579
7027	553
7028	567
7029	571
7030	540
7031	590
7032	611
7033	553
7034	565
7035	619
7036	547
7037	556
7038	517
7039	555
7040	572
7041	562
7042	565
7043	627
7044	626
7045	547
7046	652
7047	657
7048	590
7049	540
7050	631
7051	544
7052	594
7053	670
7054	501
7055	613
7056	630
7057	629
7058	630
7059	638
7060	569
7061	599
7062	690
7063	746
7064	691
7065	558
7066	692
7067	649
7068	642
7069	582
7070	579
7071	610
7072	613
7073	584
7074	634
7075	625
7076	509
7077	654
7078	567
7079	555
7080	637
7081	822
7082	625
7083	687
7084	698
7085	620
7086	534
7087	578
7088	616
7089	566
7090	574
7091	561
7092	642
7093	528
7094	592
7095	561
7096	696
7097	599
7098	601
7099	512
7100	687
7101	714
7102	603
7103	753
7104	554
7105	643
7106	592
7107	579
7108	687
7109	533
7110	557
7111	525
7112	562
7113	651
7114	585
7115	553
7116	515
7117	659
7118	570
7119	636
7120	615
7121	536
7122	621
7123	553
7124	558
7125	544
7126	528
7127	492
7128	559
7129	585
7130	563
7131	631
7132	627
7133	557
7134	545
7135	671
7136	619
7137	635
7138	603
7139	605
7140	587
7141	547
7142	626
7143	539
7144	648
7145	649
7146	644
7147	705
7148	514
7149	591
7150	671
7151	688
7152	612
7153	526
7154	596
7155	689
7156	637
7157	699
7158	553
7159	675
7160	653
7161	650
7162	666
7163	658
7164	573
7165	775
7166	591
7167	666
7168	747
7169	592
7170	595
7171	590
7172	657
7173	686
7174	706
7175	609
7176	641
7177	640
7178	664
7179	641
7180	561
7181	627
7182	522
7183	655
7184	677
7185	514
7186	686
7187	628
7188	752
7189	558
7190	733
7191	621
7192	513
7193	632
7194	672
7195	774
7196	593
7197	561
7198	755
7199	815
7200	640
7201	608
7202	684
7203	627
7204	695
7205	665
7206	603
7207	517
7208	514
7209	496
7210	605
7211	469
7212	594
7213	564
7214	658
7215	597
7216	630
7217	637
7218	535
7219	508
7220	601
7221	618
7222	573
7223	558
7224	671
7225	564
7226	689
7227	493
7228	661
7229	591
7230	570
7231	582
7232	580
7233	490
7234	712
7235	555
7236	533
7237	714
7238	726
7239	664
7240	612
7241	657
7242	590
7243	595
7244	530
7245	570
7246	691
7247	564
7248	569
7249	538
7250	562
7251	620
7252	620
7253	609
7254	585
7255	666
7256	577
7257	553
7258	492
7259	555
7260	504
7261	576
7262	580
7263	543
7264	668
7265	512
7266	623
7267	452
7268	581
7269	661
7270	525
7271	501
7272	582
7273	595
7274	578
7275	586
7276	580
7277	517
7278	662
7279	539
7280	662
7281	532
7282	557
7283	514
7284	581
7285	619
7286	550
7287	631
7288	607
7289	499
7290	675
7291	509
7292	540
7293	568
7294	521
7295	574
7296	503
7297	597
7298	617
7299	613
7300	596
7301	562
7302	602
7303	466
7304	606
7305	558
7306	587
7307	521
7308	466
7309	594
7310	471
7311	627
7312	476
7313	647
7314	418
7315	443
7316	540
7317	510
7318	517
7319	496
7320	422
7321	526
7322	511
7323	496
7324	549
7325	535
7326	549
7327	617
7328	577
7329	510
7330	598
7331	529
7332	473
7333	629
7334	578
7335	565
7336	487
7337	552
7338	515
7339	496
7340	555
7341	470
7342	560
7343	517
7344	470
7345	506
7346	647
7347	543
7348	517
7349	687
7350	536
7351	513
7352	542
7353	532
7354	614
7355	588
7356	461
7357	589
7358	590
7359	476
7360	680
7361	519
7362	429
7363	548
7364	488
7365	501
7366	573
7367	634
7368	559
7369	531
7370	435
7371	528
7372	553
7373	593
7374	492
7375	510
7376	452
7377	478
7378	542
7379	508
7380	549
7381	488
7382	644
7383	509
7384	534
7385	684
7386	530
7387	572
7388	505
7389	492
7390	630
7391	552
7392	573
7393	536
7394	646
7395	621
7396	624
7397	597
7398	633
7399	488
7400	523
7401	538
7402	504
7403	649
7404	506
7405	600
7406	609
7407	526
7408	548
7409	621
7410	494
7411	506
7412	561
7413	581
7414	506
7415	447
7416	444
7417	463
7418	580
7419	544
7420	643
7421	423
7422	577
7423	457
7424	532
7425	408
7426	512
7427	553
7428	529
7429	507
7430	554
7431	464
7432	591
7433	498
7434	491
7435	406
7436	526
7437	547
7438	472
7439	475
7440	580
7441	506
7442	623
7443	478
7444	452
7445	518
7446	530
7447	527
7448	475
7449	447
7450	507
7451	473
7452	525
7453	453
7454	519
7455	511
7456	566
7457	491
7458	429
7459	489
7460	481
7461	433
7462	457
7463	573
7464	550
7465	457
7466	508
7467	502
7468	477
7469	447
7470	508
7471	476
7472	433
7473	550
7474	422
7475	493
7476	566
7477	413
7478	540
7479	467
7480	443
7481	520
7482	501
7483	508
7484	377
7485	501
7486	502
7487	460
7488	481
7489	561
7490	498
7491	416
7492	396
7493	545
7494	455
7495	619
7496	394
7497	527
7498	543
7499	412
7500	440
7501	573
7502	496
7503	498
7504	486
7505	502
7506	589
7507	545
7508	485
7509	465
7510	553
7511	541
7512	472
7513	529
7514	520
7515	486
7516	443
7517	525
7518	528
7519	519
7520	497
7521	430
7522	485
7523	527
7524	515
7525	418
7526	616
7527	470
7528	479
7529	560
7530	529
7531	466
7532	567
7533	500
7534	530
7535	522
7536	447
7537	470
7538	485
7539	530
7540	500
7541	495
7542	498
7543	414
7544	482
7545	599
7546	464
7547	527
7548	473
7549	476
7550	519
7551	482
7552	466
7553	439
7554	540
7555	492
7556	516
7557	511
7558	549
7559	523
7560	405
7561	560
7562	503
7563	576
7564	528
7565	531
7566	582
7567	524
7568	542
7569	561
7570	427
7571	541
7572	511
7573	550
7574	542
7575	538
7576	468
7577	604
7578	532
7579	532
7580	477
7581	536
7582	526
7583	490
7584	525
7585	639
7586	381
7587	511
7588	464
7589	464
7590	561
7591	482
7592	558
7593	535
7594	583
7595	545
7596	645
7597	655
7598	535
7599	517
7600	542
7601	509
7602	708
7603	580
7604	552
7605	549
7606	501
7607	508
7608	489
7609	520
7610	578
7611	526
7612	502
7613	464
7614	374
7615	688
7616	525
7617	560
7618	470
7619	445
7620	544
7621	513
7622	473
7623	619
7624	507
7625	533
7626	532
7627	562
7628	530
7629	458
7630	457
7631	390
7632	476
7633	508
7634	560
7635	580
7636	577
7637	616
7638	473
7639	506
7640	490
7641	597
7642	508
7643	423
7644	495
7645	541
7646	500
7647	514
7648	562
7649	601
7650	499
7651	596
7652	602
7653	543
7654	606
7655	553
7656	612
7657	702
7658	572
7659	569
7660	640
7661	575
7662	618
7663	628
7664	612
7665	511
7666	499
7667	646
7668	659
7669	603
7670	581
7671	606
7672	612
7673	666
7674	638
7675	674
7676	488
7677	565
7678	608
7679	580
7680	599
7681	565
7682	575
7683	643
7684	522
7685	591
7686	561
7687	566
7688	608
7689	587
7690	543
7691	552
7692	450
7693	547
7694	509
7695	545
7696	560
7697	563
7698	552
7699	563
7700	520
7701	603
7702	601
7703	595
7704	539
7705	563
7706	497
7707	498
7708	505
7709	585
7710	624
7711	617
7712	594
7713	529
7714	525
7715	637
7716	625
7717	549
7718	575
7719	672
7720	491
7721	542
7722	529
7723	602
7724	615
7725	563
7726	688
7727	628
7728	677
7729	538
7730	625
7731	595
7732	558
7733	609
7734	566
7735	698
7736	577
7737	515
7738	517
7739	579
7740	630
7741	543
7742	573
7743	540
7744	560
7745	650
7746	529
7747	500
7748	563
7749	545
7750	539
7751	553
7752	574
7753	587
7754	604
7755	594
7756	544
7757	633
7758	539
7759	611
7760	532
7761	612
7762	563
7763	536
7764	676
7765	579
7766	501
7767	640
7768	541
7769	562
7770	569
7771	551
7772	616
7773	568
7774	554
7775	650
7776	566
7777	659
7778	611
7779	627
7780	615
7781	633
7782	624
7783	541
7784	516
7785	551
7786	507
7787	546
7788	621
7789	623
7790	549
7791	596
7792	499
7793	534
7794	613
7795	639
7796	502
7797	627
7798	588
7799	636
7800	568
7801	523
7802	505
7803	575
7804	540
7805	654
7806	596
7807	603
7808	558
7809	625
7810	459
7811	560
7812	573
7813	536
7814	608
7815	483
7816	618
7817	516
7818	642
7819	464
7820	580
7821	572
7822	567
7823	613
7824	644
7825	536
7826	535
7827	606
7828	495
7829	528
7830	492
7831	544
7832	511
7833	560
7834	580
7835	488
7836	579
7837	478
7838	522
7839	562
7840	487
7841	532
7842	569
7843	569
7844	572
7845	480
7846	502
7847	554
7848	625
7849	568
7850	543
7851	499
7852	656
7853	580
7854	580
7855	469
7856	608
7857	595
7858	547
7859	503
7860	574
7861	514
7862	602
7863	507
7864	478
7865	511
7866	660
7867	628
7868	528
7869	556
7870	573
7871	564
7872	579
7873	576
7874	584
7875	578
7876	525
7877	589
7878	609
7879	582
7880	474
7881	587
7882	615
7883	631
7884	550
7885	530
7886	594
7887	506
7888	624
7889	654
7890	574
7891	521
7892	610
7893	554
7894	614
7895	582
7896	603
7897	568
7898	571
7899	567
7900	466
7901	580
7902	517
7903	587
7904	532
7905	566
7906	575
7907	669
7908	607
7909	651
7910	552
7911	654
7912	559
7913	515
7914	667
7915	572
7916	585
7917	520
7918	525
7919	642
7920	661
7921	696
7922	611
7923	616
7924	617
7925	501
7926	588
7927	658
7928	564
7929	588
7930	627
7931	530
7932	644
7933	560
7934	574
7935	564
7936	614
7937	637
7938	588
7939	768
7940	649
7941	454
7942	621
7943	638
7944	536
7945	545
7946	621
7947	581
7948	584
7949	497
7950	629
7951	487
7952	586
7953	494
7954	562
7955	591
7956	592
7957	583
7958	473
7959	542
7960	579
7961	464
7962	671
7963	563
7964	674
7965	479
7966	434
7967	630
7968	493
7969	450
7970	571
7971	513
7972	483
7973	544
7974	576
7975	573
7976	457
7977	578
7978	506
7979	483
7980	447
7981	561
7982	521
7983	496
7984	395
7985	439
7986	481
7987	502
7988	480
7989	523
7990	513
7991	429
7992	550
7993	637
7994	381
7995	473
7996	407
7997	427
7998	444
7999	456
8000	427
8001	503
8002	506
8003	478
8004	438
8005	466
8006	457
8007	502
8008	543
8009	476
8010	497
8011	490
8012	407
8013	447
8014	406
8015	443
8016	450
8017	426
8018	480
8019	451
8020	501
8021	472
8022	450
8023	415
8024	388
8025	444
8026	565
8027	488
8028	416
8029	424
8030	433
8031	470
8032	546
8033	514
8034	469
8035	444
8036	401
8037	510
8038	411
8039	521
8040	468
8041	543
8042	551
8043	512
8044	469
8045	535
8046	599
8047	477
8048	473
8049	495
8050	513
8051	503
8052	520
8053	470
8054	535
8055	597
8056	577
8057	545
8058	631
8059	660
8060	601
8061	576
8062	549
8063	641
8064	590
8065	530
8066	571
8067	595
8068	486
8069	565
8070	511
8071	438
8072	454
8073	522
8074	550
8075	534
8076	560
8077	609
8078	523
8079	464
8080	497
8081	488
8082	509
8083	532
8084	588
8085	532
8086	468
8087	434
8088	585
8089	533
8090	506
8091	527
8092	477
8093	596
8094	524
8095	554
8096	637
8097	514
8098	523
8099	611
8100	510
8101	534
8102	565
8103	651
8104	548
8105	510
8106	519
8107	460
8108	579
8109	601
8110	548
8111	453
8112	561
8113	458
8114	529
8115	535
8116	554
8117	502
8118	463
8119	587
8120	513
8121	508
8122	560
8123	614
8124	494
8125	517
8126	547
8127	542
8128	482
8129	534
8130	542
8131	562
8132	536
8133	498
8134	568
8135	562
8136	483
8137	689
8138	543
8139	509
8140	532
8141	475
8142	616
8143	649
8144	528
8145	478
8146	522
8147	528
8148	447
8149	476
8150	463
8151	497
8152	496
8153	474
8154	553
8155	529
8156	539
8157	560
8158	467
8159	482
8160	545
8161	560
8162	453
8163	551
8164	532
8165	407
8166	549
8167	592
8168	499
8169	489
8170	452
8171	613
8172	541
8173	429
8174	537
8175	553
8176	511
8177	536
8178	461
8179	569
8180	510
8181	561
8182	446
8183	416
8184	431
8185	416
8186	562
8187	470
8188	484
8189	419
8190	551
8191	615
8192	403
8193	524
8194	442
8195	547
8196	489
8197	559
8198	517
8199	461
8200	490
8201	557
8202	473
8203	507
8204	498
8205	460
8206	477
8207	404
8208	575
8209	475
8210	493
8211	570
8212	395
8213	485
8214	472
8215	428
8216	403
8217	587
8218	475
8219	541
8220	515
8221	424
8222	502
8223	471
8224	483
8225	399
8226	484
8227	488
8228	412
8229	498
8230	436
8231	586
8232	360
8233	446
8234	440
8235	450
8236	445
8237	350
8238	432
8239	669
8240	396
8241	463
8242	395
8243	540
8244	432
8245	484
8246	406
8247	447
8248	498
8249	519
8250	469
8251	440
8252	552
8253	492
8254	449
8255	428
8256	424
8257	498
8258	568
8259	385
8260	451
8261	539
8262	381
8263	436
8264	364
8265	570
8266	444
8267	426
8268	443
8269	357
8270	469
8271	409
8272	339
8273	488
8274	502
8275	452
8276	437
8277	386
8278	512
8279	446
8280	469
8281	521
8282	438
8283	376
8284	493
8285	412
8286	466
8287	433
8288	542
8289	371
8290	447
8291	433
8292	403
8293	484
8294	477
8295	435
8296	469
8297	471
8298	487
8299	469
8300	436
8301	488
8302	525
8303	453
8304	592
8305	526
8306	505
8307	407
8308	490
8309	469
8310	368
8311	436
8312	406
8313	470
8314	504
8315	486
8316	424
8317	496
8318	424
8319	409
8320	530
8321	487
8322	538
8323	575
8324	510
8325	411
8326	364
8327	439
8328	452
8329	487
8330	463
8331	559
8332	556
8333	398
8334	443
8335	480
8336	535
8337	497
8338	436
8339	462
8340	390
8341	526
8342	458
8343	513
8344	537
8345	436
8346	412
8347	484
8348	380
8349	549
8350	530
8351	470
8352	356
8353	385
8354	405
8355	407
8356	529
8357	496
8358	502
8359	389
8360	493
8361	434
8362	446
8363	450
8364	469
8365	448
8366	485
8367	359
8368	520
8369	444
8370	426
8371	449
8372	546
8373	437
8374	426
8375	464
8376	377
8377	477
8378	347
8379	506
8380	420
8381	436
8382	405
8383	458
8384	376
8385	511
8386	397
8387	376
8388	515
8389	375
8390	451
8391	399
8392	482
8393	371
8394	383
8395	377
8396	430
8397	503
8398	424
8399	350
8400	382
8401	396
8402	406
8403	450
8404	399
8405	494
8406	387
8407	382
8408	309
8409	520
8410	318
8411	403
8412	414
8413	546
8414	434
8415	519
8416	489
8417	361
8418	421
8419	424
8420	408
8421	374
8422	446
8423	471
8424	375
8425	352
8426	334
8427	459
8428	488
8429	448
8430	319
8431	424
8432	389
8433	469
8434	419
8435	424
8436	412
8437	359
8438	415
8439	391
8440	378
8441	404
8442	450
8443	411
8444	351
8445	442
8446	367
8447	407
8448	393
8449	395
8450	438
8451	425
8452	359
8453	382
8454	391
8455	440
8456	438
8457	429
8458	347
8459	408
8460	377
8461	454
8462	450
8463	448
8464	463
8465	458
8466	463
8467	459
8468	461
8469	539
8470	414
8471	414
8472	427
8473	475
8474	461
8475	388
8476	392
8477	473
8478	446
8479	387
8480	557
8481	469
8482	388
8483	414
8484	419
8485	480
8486	427
8487	427
8488	380
8489	384
8490	448
8491	451
8492	384
8493	488
8494	447
8495	468
8496	362
8497	453
8498	438
8499	451
8500	436
8501	519
8502	468
8503	380
8504	446
8505	405
8506	421
8507	473
8508	468
8509	367
8510	366
8511	459
8512	361
8513	464
8514	401
8515	499
8516	423
8517	438
8518	401
8519	353
8520	443
8521	413
8522	359
8523	406
8524	417
8525	444
8526	383
8527	394
8528	457
8529	487
8530	358
8531	488
8532	418
8533	446
8534	398
8535	494
8536	409
8537	387
8538	399
8539	399
8540	403
8541	427
8542	477
8543	430
8544	382
8545	498
8546	415
8547	475
8548	427
8549	477
8550	480
8551	340
8552	476
8553	410
8554	512
8555	445
8556	346
8557	335
8558	479
8559	401
8560	491
8561	456
8562	428
8563	459
8564	384
8565	396
8566	325
8567	347
8568	434
8569	397
8570	540
8571	364
8572	474
8573	337
8574	505
8575	304
8576	402
8577	381
8578	317
8579	413
8580	425
8581	383
8582	329
8583	385
8584	353
8585	443
8586	451
8587	455
8588	317
8589	410
8590	407
8591	446
8592	285
8593	405
8594	377
8595	353
8596	351
8597	503
8598	389
8599	367
8600	343
8601	481
8602	373
8603	455
8604	356
8605	292
8606	335
8607	369
8608	390
8609	415
8610	342
8611	385
8612	448
8613	441
8614	426
8615	366
8616	422
8617	318
8618	395
8619	333
8620	336
8621	387
8622	321
8623	365
8624	346
8625	398
8626	374
8627	365
8628	376
8629	403
8630	443
8631	395
8632	379
8633	370
8634	361
8635	363
8636	369
8637	434
8638	405
8639	323
8640	375
8641	309
8642	339
8643	429
8644	408
8645	406
8646	325
8647	334
8648	332
8649	386
8650	364
8651	402
8652	376
8653	369
8654	363
8655	363
8656	327
8657	398
8658	374
8659	357
8660	416
8661	375
8662	304
8663	306
8664	416
8665	367
8666	381
8667	359
8668	384
8669	396
8670	346
8671	401
8672	397
8673	395
8674	378
8675	405
8676	333
8677	375
8678	350
8679	418
8680	373
8681	362
8682	379
8683	373
8684	453
8685	347
8686	367
8687	383
8688	385
8689	361
8690	283
8691	354
8692	341
8693	401
8694	297
8695	318
8696	359
8697	463
8698	369
8699	372
8700	332
8701	404
8702	442
8703	431
8704	339
8705	416
8706	440
8707	393
8708	374
8709	327
8710	337
8711	335
8712	384
8713	371
8714	357
8715	430
8716	397
8717	367
8718	422
8719	350
8720	395
8721	437
8722	331
8723	490
8724	395
8725	384
8726	358
8727	402
8728	445
8729	473
8730	447
8731	312
8732	388
8733	380
8734	363
8735	432
8736	383
8737	364
8738	402
8739	372
8740	397
8741	345
8742	380
8743	399
8744	426
8745	360
8746	336
8747	467
8748	429
8749	338
8750	456
8751	329
8752	297
8753	332
8754	333
8755	354
8756	326
8757	388
8758	342
8759	382
8760	338
8761	413
8762	365
8763	424
8764	410
8765	389
8766	407
8767	382
8768	393
8769	391
8770	347
8771	324
8772	395
8773	343
8774	366
8775	380
8776	467
8777	415
8778	351
8779	499
8780	382
8781	440
8782	383
8783	522
8784	399
8785	341
8786	376
8787	415
8788	380
8789	334
8790	361
8791	446
8792	317
8793	448
8794	427
8795	318
8796	344
8797	347
8798	330
8799	341
8800	507
8801	361
8802	379
8803	495
8804	311
8805	456
8806	389
8807	380
8808	293
8809	384
8810	384
8811	436
8812	342
8813	346
8814	431
8815	400
8816	344
8817	393
8818	346
8819	362
8820	326
8821	431
8822	338
8823	362
8824	337
8825	306
8826	366
8827	412
8828	408
8829	389
8830	396
8831	394
8832	369
8833	351
8834	312
8835	476
8836	389
8837	435
8838	400
8839	348
8840	434
8841	417
8842	319
8843	384
8844	341
8845	406
8846	389
8847	402
8848	365
8849	377
8850	464
8851	482
8852	414
8853	437
8854	318
8855	332
8856	417
8857	376
8858	411
8859	514
8860	344
8861	379
8862	389
8863	355
8864	379
8865	422
8866	479
8867	400
8868	376
8869	393
8870	500
8871	446
8872	385
8873	404
8874	410
8875	394
8876	424
8877	453
8878	345
8879	334
8880	365
8881	364
8882	443
8883	352
8884	446
8885	396
8886	402
8887	421
8888	367
8889	416
8890	429
8891	392
8892	390
8893	394
8894	411
8895	345
8896	324
8897	335
8898	370
8899	439
8900	358
8901	354
8902	343
8903	361
8904	361
8905	276
8906	313
8907	398
8908	282
8909	372
8910	508
8911	302
8912	350
8913	365
8914	344
8915	396
8916	323
8917	384
8918	392
8919	416
8920	294
8921	377
8922	372
8923	321
8924	360
8925	472
8926	363
8927	400
8928	426
8929	322
8930	354
8931	366
8932	408
8933	319
8934	435
8935	363
8936	502
8937	390
8938	412
8939	336
8940	362
8941	337
8942	344
8943	395
8944	411
8945	439
8946	327
8947	366
8948	326
8949	354
8950	339
8951	424
8952	428
8953	450
8954	331
8955	315
8956	283
8957	426
8958	368
8959	402
8960	346
8961	320
8962	358
8963	342
8964	342
8965	388
8966	339
8967	375
8968	358
8969	336
8970	418
8971	390
8972	383
8973	406
8974	408
8975	330
8976	494
8977	380
8978	354
8979	368
8980	275
8981	372
8982	373
8983	322
8984	365
8985	361
8986	379
8987	324
8988	377
8989	298
8990	375
8991	354
8992	343
8993	378
8994	284
8995	402
8996	390
8997	409
8998	356
8999	416
9000	306
9001	409
9002	315
9003	373
9004	446
9005	431
9006	373
9007	331
9008	392
9009	304
9010	372
9011	363
9012	343
9013	301
9014	273
9015	313
9016	333
9017	351
9018	370
9019	307
9020	337
9021	371
9022	326
9023	305
9024	345
9025	297
9026	371
9027	273
9028	317
9029	337
9030	299
9031	355
9032	338
9033	297
9034	326
9035	327
9036	328
9037	284
9038	380
9039	443
9040	294
9041	278
9042	272
9043	376
9044	366
9045	262
9046	382
9047	255
9048	303
9049	365
9050	311
9051	315
9052	390
9053	348
9054	375
9055	345
9056	349
9057	407
9058	251
9059	381
9060	380
9061	406
9062	344
9063	380
9064	296
9065	267
9066	384
9067	442
9068	300
9069	409
9070	405
9071	380
9072	281
9073	376
9074	393
9075	340
9076	333
9077	380
9078	411
9079	330
9080	495
9081	414
9082	348
9083	343
9084	315
9085	339
9086	410
9087	369
9088	338
9089	373
9090	376
9091	326
9092	409
9093	378
9094	371
9095	423
9096	419
9097	407
9098	398
9099	462
9100	367
9101	306
9102	386
9103	295
9104	422
9105	334
9106	372
9107	480
9108	421
9109	366
9110	376
9111	364
9112	323
9113	367
9114	365
9115	387
9116	363
9117	429
9118	379
9119	394
9120	351
9121	532
9122	424
9123	367
9124	419
9125	369
9126	343
9127	450
9128	378
9129	455
9130	466
9131	424
9132	427
9133	354
9134	453
9135	353
9136	434
9137	389
9138	513
9139	366
9140	348
9141	354
9142	413
9143	423
9144	330

