"","V1","V2","V3","V4","V5","V6","V7","V8","V9","V10","V11","V12","V13","V14","V15","V16","V17","V18","V19","V20","V21","V22","V23","V24","V25","V26","V27","V28","V29","V30","V31","V32","V33","V34","V35","V36","V37","V38","V39","V40","V41","V42","V43","V44","V45","V46","V47","V48","V49","V50","V51","V52","V53","V54","V55","V56","V57","V58","V59","V60","V61","V62","V63","V64","V65","V66","V67","V68","V69","V70","V71","V72","V73","V74","V75","V76","V77","V78","V79","V80","V81","V82","V83","V84","V85","V86","V87","V88","V89","V90","V91","V92","V93","V94","V95","V96","V97","V98","V99","V100","V101","V102","V103","V104","V105","V106","V107","V108","V109","V110","V111","V112","V113","V114","V115","V116","V117","V118","V119","V120","V121","V122","V123","V124","V125","V126","V127","V128","V129","V130","V131","V132","V133","V134","V135","V136","V137","V138","V139","V140","V141","V142","V143","V144","V145","V146","V147","V148","V149","V150","V151","V152","V153","V154","V155","V156","V157","V158","V159","V160","V161","V162","V163","V164","V165","V166","V167","V168","V169","V170","V171","V172","V173","V174","V175","V176","V177","V178","V179","V180","V181","V182","V183","V184","V185","V186","V187","V188","V189","V190","V191","V192","V193","V194","V195","V196","V197","V198","V199","V200","V201","V202","V203","V204","V205","V206","V207","V208","V209","V210","V211","V212","V213","V214","V215","V216","V217","V218","V219","V220","V221","V222","V223","V224","V225","V226","V227","V228","V229","V230","V231","V232","V233","V234","V235","V236","V237","V238","V239","V240","V241","V242","V243","V244"
"1",1,1,1,1,0,0,0,0,0,0,0,0,0,0,0,0,0,0,0,0,0,0,0,0,0,0,0,0,0,0,0,0,0,0,0,0,0,0,0,0,0,0,0,0,0,0,0,1,1,1,1,0,0,0,0,0,0,0,0,0,0,0,0,0,0,0,0,0,0,0,0,0,0,0,0,0,0,0,0,0,0,0,0,0,0,0,0,0,0,0,0,0,0,0,0,0,1,0.177347242921013,0.0924764890282132,0.086677367576244,0.0864779874213836,0.906050955414013,0.993798449612403,0.998422712933754,0.151326053042122,0.898928024502297,0.0975609756097561,0.138582677165354,0.76875,0.727416798732171,1,0.32312404287902,0.0886850152905199,0.13302752293578,0.120689655172414,1,0.986024844720497,0.0927357032457496,0.266447368421053,0.995169082125604,0.0987654320987654,1,0.0913539967373573,1,0.10410094637224,0.187004754358162,0.0856697819314642,1,0.0943683409436834,0.22644376899696,0.989045383411581,0.283969465648855,0.90282131661442,0.0914634146341463,0.998420221169036,0.0847723704866562,0.162826420890937,0.898278560250391,0.251968503937008,0.249607535321821,1,0.993808049535604,0.0853658536585366,0.188311688311688,0.181089743589744,0.0979133226324237,0.10126582278481,1,0.251533742331288,0.989079563182527,0.0824088748019017,1,0.990811638591118,0.0920634920634921,0.142857142857143,1,0.105845181674566,0.762282091917591,0.182965299684543,0.0884676145339652,1,1,0.131121642969984,0.0959752321981424,0.0903522205206738,1,0.996840442338073,0.0902140672782875,0.0888888888888889,0.100961538461538,1,0.0893416927899686,0.996840442338073,0.996825396825397,0.579754601226994,0.0889235569422777,0.285496183206107,0.25748502994012,1,0.215070643642072,0.71496062992126,0.212962962962963,0.998376623376623,0.75314465408805,1,0.0966183574879227,0.0944272445820433,0.959876543209877,0.996951219512195,0.922839506172839,0.0830769230769231,0.093167701863354,0.717391304347826,0.0885668276972625,0.181388012618297,0.0876923076923077,1,1,0.987341772151899,0.525316455696203,1,0.0913312693498452,1,0.987933634992459,0.996860282574568,0.754807692307692,0.0965732087227414,0.186009538950715,0.0916271721958926,0.978494623655914,0.973643410852713,0.774343122102009,0.0867507886435331,0.0914728682170543,0.102773246329527,0.722308892355694,0.0832025117739403,0.727975270479134,0.975077881619938,1,0.757621951219512,0.128125,1,0.83206106870229,0.172413793103448,1,1,0.135350318471338,0.219312602291326,0.180555555555556,1,0.0838414634146342,0.998475609756098,0.0859375,0.250388802488336,0.1015625,1,0.285935085007728,0.987460815047022,0.087962962962963,1,1,0.0914634146341463,0.105511811023622
"2",1,1,1,1,0,0,0,0,0,0,0,0,0,0,0,0,0,0,0,0,0,0,0,0,0,0,0,0,0,0,0,0,0,0,0,0,0,0,0,0,0,0,0,0,0,0,0,1,1,1,1,0,0,0,0,0,0,0,0,0,0,0,0,0,0,0,0,0,0,0,0,0,0,0,0,0,0,0,0,0,0,0,0,0,0,0,0,0,0,0,0,0,0,0,0,0,1,0.191717791411043,0.102040816326531,0.0903328050713154,0.0957613814756672,0.906300484652666,0.993808049535604,0.998392282958199,0.164319248826291,0.892802450229709,0.107858243451464,0.1408,0.768740031897927,0.727272727272727,1,0.3203125,0.0895061728395062,0.146687697160883,0.124203821656051,1,0.987460815047022,0.103937007874016,0.271828665568369,0.996794871794872,0.106349206349206,1,0.101307189542484,1,0.113924050632911,0.186602870813397,0.0950155763239875,1,0.0996884735202492,0.228699551569507,0.988958990536278,0.284638554216867,0.909657320872274,0.0967238689547582,0.996774193548387,0.0888888888888889,0.175193798449612,0.90015600624025,0.259375,0.251602564102564,1,0.993779160186625,0.0972644376899696,0.199680511182109,0.190174326465927,0.109149277688604,0.110935023771791,1,0.259146341463415,0.988941548183254,0.0875796178343949,1,0.990712074303406,0.1,0.144634525660964,1,0.11353032659409,0.770334928229665,0.189358372456964,0.0984126984126984,1,1,0.132911392405063,0.100156494522692,0.102446483180428,1,0.996784565916399,0.0902021772939347,0.0940032414910859,0.104669887278583,0.998454404945904,0.0925925925925926,0.996815286624204,0.995222929936306,0.581395348837209,0.0916149068322981,0.293394777265745,0.264750378214826,1,0.210610932475884,0.717011128775835,0.222049689440994,0.996779388083736,0.74685534591195,1,0.100946372239748,0.0978260869565217,0.958730158730159,0.995419847328244,0.927244582043344,0.0914826498422713,0.103448275862069,0.716772151898734,0.099009900990099,0.192063492063492,0.0948012232415902,1,1,0.988906497622821,0.57345971563981,1,0.1078125,1,0.98780487804878,0.998410174880763,0.757527733755943,0.103610675039246,0.192063492063492,0.0928,0.98,0.976415094339623,0.778979907264297,0.089644513137558,0.0916271721958926,0.105519480519481,0.722650231124807,0.0960629921259843,0.728971962616822,0.978090766823161,1,0.766153846153846,0.145285935085008,1,0.832565284178187,0.183254344391785,1,1,0.145135566188198,0.237704918032787,0.184210526315789,1,0.0947204968944099,0.998473282442748,0.0985915492957746,0.253943217665615,0.108695652173913,1,0.286846275752773,0.987341772151899,0.0995334370139969,1,1,0.0970724191063174,0.106623586429725
"3",1,1,1,1,0,0,0,0,0,0,0,0,0,0,0,0,0,0,0,0,0,0,0,0,0,0,0,0,0,0,0,0,0,0,0,0,0,0,0,0,0,0,0,0,0,0,0,1,1,1,1,0,0,0,0,0,0,0,0,0,0,0,0,0,0,0,0,0,0,0,0,0,0,0,0,0,0,0,0,0,0,0,0,0,0,0,0,0,0,0,0,0,0,0,0,0,1,0.182648401826484,0.103286384976526,0.0849358974358974,0.0924764890282132,0.91496062992126,0.995348837209302,1,0.159937888198758,0.89409984871407,0.100303951367781,0.139904610492846,0.770569620253165,0.736089030206677,1,0.317700453857791,0.0872894333843798,0.134259259259259,0.123052959501558,1,0.987441130298273,0.0970266040688576,0.266222961730449,0.995260663507109,0.106012658227848,1,0.0926829268292683,1,0.108695652173913,0.189274447949527,0.093558282208589,1,0.102760736196319,0.227554179566563,0.987341772151899,0.282904689863843,0.907523510971787,0.0910493827160494,0.996815286624204,0.0874403815580286,0.163636363636364,0.899843505477308,0.262830482115086,0.251572327044025,1,0.995384615384615,0.0880121396054628,0.195826645264847,0.19496855345912,0.109149277688604,0.110410094637224,1,0.248073959938367,0.988976377952756,0.0816,1,0.990825688073395,0.0966719492868463,0.140866873065015,1,0.111801242236025,0.770932069510269,0.187596899224806,0.0934579439252336,1,1,0.125391849529781,0.0945736434108527,0.0937019969278034,1,0.996784565916399,0.0861538461538462,0.0862619808306709,0.0963665086887836,0.998447204968944,0.088785046728972,0.996845425867508,0.995305164319249,0.591251885369532,0.0903522205206738,0.28149300155521,0.251497005988024,1,0.203149606299213,0.7264,0.217729393468118,0.996742671009772,0.757387247278383,1,0.0990566037735849,0.0963665086887836,0.959438377535101,0.995475113122172,0.924961715160796,0.0889235569422777,0.0946372239747634,0.733858267716535,0.0929853181076672,0.197160883280757,0.0938461538461538,1,1,0.985759493670886,0.548895899053628,1,0.0948678071539658,1,0.987711213517665,0.996879875195008,0.766666666666667,0.0914728682170543,0.191455696202532,0.0901898734177215,0.980030721966206,0.974723538704581,0.78234398782344,0.0858034321372855,0.0855784469096672,0.099025974025974,0.727554179566563,0.0868217054263566,0.736434108527132,0.971698113207547,1,0.770992366412214,0.130368098159509,1,0.836923076923077,0.173643410852713,1,1,0.133122028526149,0.226475279106858,0.174114021571649,1,0.0928462709284627,1,0.09375,0.252336448598131,0.104938271604938,1,0.285046728971963,0.987441130298273,0.0910518053375196,1,1,0.0972644376899696,0.105095541401274
"4",1,1,1,1,0,0,0,0,0,0,0,0,0,0,0,0,0,0,0,0,0,0,0,0,0,0,0,0,0,0,0,0,0,0,0,0,0,0,0,0,0,0,0,0,0,0,0,1,1,1,1,0,0,0,0,0,0,0,0,0,0,0,0,0,0,0,0,0,0,0,0,0,0,0,0,0,0,0,0,0,0,0,0,0,0,0,0,0,0,0,0,0,0,0,0,0,1,0.177952755905512,0.0922098569157393,0.0780487804878049,0.0850722311396469,0.905537459283388,0.998394863563403,0.998405103668262,0.157894736842105,0.902021772939347,0.0957613814756672,0.127625201938611,0.778846153846154,0.718152866242038,1,0.304075235109718,0.0864779874213836,0.125396825396825,0.114331723027375,1,0.989130434782609,0.0857142857142857,0.244444444444444,0.99836867862969,0.0968253968253968,1,0.0906095551894563,1,0.0961538461538462,0.182692307692308,0.0838607594936709,1,0.0829420970266041,0.205882352941176,0.99025974025974,0.267281105990783,0.914100486223663,0.0899053627760252,0.9967585089141,0.073482428115016,0.157407407407407,0.903785488958991,0.245222929936306,0.247572815533981,1,0.998420221169036,0.0811638591117917,0.184466019417476,0.187296416938111,0.0946166394779772,0.0950871632329636,1,0.234472049689441,0.9888,0.0756843800322061,1,0.992163009404389,0.0828025477707006,0.132283464566929,1,0.0964630225080386,0.758508914100486,0.181672025723473,0.0926517571884984,1,1,0.117460317460317,0.0881889763779528,0.0916149068322981,1,1,0.080188679245283,0.0848,0.0953150242326333,0.998405103668262,0.0852713178294574,0.996774193548387,0.995161290322581,0.583333333333333,0.0822981366459627,0.263910969793323,0.248854961832061,1,0.191247974068071,0.704545454545455,0.194006309148265,0.996694214876033,0.737678855325914,1,0.092948717948718,0.0859872611464968,0.966453674121406,0.995384615384615,0.929577464788732,0.0760697305863708,0.0883280757097792,0.710191082802548,0.0870279146141215,0.176375404530744,0.0903426791277259,1,1,0.986970684039088,0.549593495934959,1,0.0942492012779553,1,0.990683229813665,0.996789727126806,0.748760330578512,0.088,0.183574879227053,0.0817307692307692,0.975,0.969889064976228,0.789638932496075,0.0842607313195548,0.0839936608557845,0.0927152317880795,0.704581358609795,0.0771653543307087,0.71606864274571,0.977707006369427,1,0.752738654147105,0.122448979591837,1,0.833075734157651,0.166666666666667,1,1,0.117647058823529,0.207516339869281,0.158631415241058,1,0.07981220657277,0.998459167950693,0.0862068965517241,0.243156199677939,0.0927672955974843,1,0.27536231884058,0.988636363636364,0.0883280757097792,1,1,0.0868217054263566,0.0957792207792208
"5",0,0,0,0,1,1,1,1,1,1,1,1,1,1,1,1,1,1,1,1,1,0.992050874403816,0.992175273865415,1,1,1,1,1,1,1,1,1,1,1,1,1,0.992,1,1,1,1,1,1,1,1,1,1,0,0,0,0,0.891025641025641,0.892455858747994,0.894321766561514,0.8887171561051,0.889235569422777,0.883386581469649,0.889589905362776,0.892915980230643,0.890625,0.891975308641975,0.883540372670807,0.8875,0.896062992125984,0.889739663093415,0.898412698412698,0.895569620253165,0.890522875816993,0.890145395799677,0.888535031847134,0.895071542130366,0.884430176565008,0.884126984126984,0.894573643410853,0.895223420647149,0.899053627760252,0.889408099688474,0.896875,0.890822784810127,0.890649762282092,0.895638629283489,0.884080370942813,0.881889763779528,0.895253682487725,0.898894154818325,0.891373801916933,0.889776357827476,0.890822784810127,0.890302066772655,0.888888888888889,0.889408099688474,0.89540412044374,0.896,0.89792663476874,0.897893030794165,0.896103896103896,0,0,0,0,0,0,0,0,0,0,0,0,0,0,0,0,0,0,0,0,0,0,0,0,0,0,0,0,0,0,0,0,0,0,0,0,0,0,0,0,0,0,0,0,0,0,0,0,0,0,0,0,0,0,0,0,0,0,0,0,0,0,0,0,0,0,0,0,0,0,0,0,0,0,0,0,0,0,0,0,0,0,0,0,0,0,0,0,0,0,0,0,0,0,0,0,0,0,0,0,0,0,0,0,0,0,0,0,0,0,0,0,0,0,0,0,0,0,0,0,0,0,0,0,0,0,0,0,0,0,0,0,0,0,0,0,0,0,0,0,0,0,0,0,0,0,0,0
"6",0,0,0,0,1,1,1,1,1,1,1,1,1,1,1,1,1,1,1,1,1,0.992223950233281,0.9921875,1,1,1,1,1,1,1,1,1,1,1,1,1,0.991922455573506,1,1,1,1,1,1,1,1,1,1,0,0,0,0,0.883757961783439,0.88801261829653,0.884194053208138,0.879756468797565,0.880434782608696,0.873617693522907,0.876971608832808,0.882736156351791,0.885093167701863,0.882075471698113,0.878086419753086,0.8798751950078,0.889400921658986,0.879019908116386,0.889240506329114,0.886970172684458,0.880131362889984,0.884310618066561,0.881703470031546,0.885220125786163,0.875993640699523,0.875993640699523,0.883076923076923,0.89060092449923,0.892523364485981,0.881172839506173,0.880989180834621,0.881889763779528,0.883464566929134,0.886115444617785,0.874622356495468,0.873456790123457,0.887278582930757,0.886075949367089,0.884858044164038,0.881219903691814,0.884244372990354,0.881141045958796,0.881516587677725,0.884914463452566,0.879807692307692,0.886970172684458,0.891547049441786,0.889070146818923,0.88301282051282,0,0,0,0,0,0,0,0,0,0,0,0,0,0,0,0,0,0,0,0,0,0,0,0,0,0,0,0,0,0,0,0,0,0,0,0,0,0,0,0,0,0,0,0,0,0,0,0,0,0,0,0,0,0,0,0,0,0,0,0,0,0,0,0,0,0,0,0,0,0,0,0,0,0,0,0,0,0,0,0,0,0,0,0,0,0,0,0,0,0,0,0,0,0,0,0,0,0,0,0,0,0,0,0,0,0,0,0,0,0,0,0,0,0,0,0,0,0,0,0,0,0,0,0,0,0,0,0,0,0,0,0,0,0,0,0,0,0,0,0,0,0,0,0,0,0,0,0
"7",0,0,0,0,1,1,1,1,1,1,1,1,1,1,1,1,1,1,1,1,1,0.990445859872611,0.990353697749196,1,1,1,1,1,1,1,1,1,1,1,1,1,0.991974317817014,1,1,1,1,1,1,1,1,1,1,0,0,0,0,0.890499194847021,0.88562091503268,0.889067524115756,0.880314960629921,0.883683360258481,0.8784,0.882725832012678,0.88628762541806,0.89171974522293,0.887480190174326,0.880690737833595,0.884676145339652,0.889937106918239,0.884914463452566,0.893819334389857,0.893915756630265,0.883720930232558,0.88961038961039,0.886178861788618,0.885852090032154,0.877450980392157,0.886255924170616,0.892018779342723,0.893987341772152,0.894736842105263,0.879120879120879,0.889937106918239,0.884126984126984,0.887820512820513,0.889064976228209,0.878930817610063,0.878315132605304,0.891122278056951,0.893548387096774,0.891056910569106,0.885572139303483,0.891410048622366,0.889952153110048,0.883031301482702,0.887147335423197,0.890701468189233,0.896103896103896,0.899671052631579,0.894736842105263,0.887640449438202,0,0,0,0,0,0,0,0,0,0,0,0,0,0,0,0,0,0,0,0,0,0,0,0,0,0,0,0,0,0,0,0,0,0,0,0,0,0,0,0,0,0,0,0,0,0,0,0,0,0,0,0,0,0,0,0,0,0,0,0,0,0,0,0,0,0,0,0,0,0,0,0,0,0,0,0,0,0,0,0,0,0,0,0,0,0,0,0,0,0,0,0,0,0,0,0,0,0,0,0,0,0,0,0,0,0,0,0,0,0,0,0,0,0,0,0,0,0,0,0,0,0,0,0,0,0,0,0,0,0,0,0,0,0,0,0,0,0,0,0,0,0,0,0,0,0,0,0
"8",0,0,0,0,1,1,1,1,1,1,1,1,1,1,1,1,1,1,1,1,1,0.990697674418605,0.990668740279938,1,1,1,1,1,1,1,1,1,1,1,1,1,0.992088607594937,1,1,1,1,1,1,1,1,1,1,0,0,0,0,0.889235569422777,0.890822784810127,0.8890625,0.892424242424242,0.886115444617785,0.881141045958796,0.889922480620155,0.889245585874799,0.893416927899687,0.889580093312597,0.884615384615385,0.883256528417819,0.897832817337461,0.887708649468892,0.90015600624025,0.899068322981366,0.889802631578947,0.894654088050314,0.891760904684976,0.898412698412698,0.883116883116883,0.891849529780564,0.893455098934551,0.902476780185758,0.899212598425197,0.889580093312597,0.895800933125972,0.890127388535032,0.895238095238095,0.892018779342723,0.883614088820827,0.884259259259259,0.892508143322476,0.894154818325434,0.888529886914378,0.892857142857143,0.899841017488076,0.889589905362776,0.889776357827476,0.891808346213292,0.891935483870968,0.891679748822606,0.895330112721417,0.898876404494382,0.890302066772655,0,0,0,0,0,0,0,0,0,0,0,0,0,0,0,0,0,0,0,0,0,0,0,0,0,0,0,0,0,0,0,0,0,0,0,0,0,0,0,0,0,0,0,0,0,0,0,0,0,0,0,0,0,0,0,0,0,0,0,0,0,0,0,0,0,0,0,0,0,0,0,0,0,0,0,0,0,0,0,0,0,0,0,0,0,0,0,0,0,0,0,0,0,0,0,0,0,0,0,0,0,0,0,0,0,0,0,0,0,0,0,0,0,0,0,0,0,0,0,0,0,0,0,0,0,0,0,0,0,0,0,0,0,0,0,0,0,0,0,0,0,0,0,0,0,0,0,0
"9",0,0,0,0,1,1,1,1,1,1,1,1,1,1,1,1,1,1,1,1,1,0.990740740740741,0.990740740740741,1,1,1,1,1,1,1,1,1,1,1,1,1,0.992199687987519,1,1,1,1,1,1,1,1,1,1,0,0,0,0,0.889922480620155,0.892575039494471,0.890995260663507,0.88455772113943,0.885145482388974,0.8798751950078,0.886153846153846,0.896,0.891104294478528,0.888540031397174,0.881538461538461,0.881901840490798,0.89409984871407,0.887218045112782,0.895800933125972,0.89644513137558,0.881107491856677,0.888712241653418,0.888888888888889,0.888364779874214,0.878930817610063,0.886676875957121,0.888721804511278,0.896764252696456,0.893682588597843,0.884437596302003,0.895136778115502,0.884493670886076,0.890795631825273,0.892261001517451,0.877828054298643,0.880844645550528,0.893790849673203,0.897674418604651,0.891472868217054,0.882911392405063,0.889408099688474,0.882352941176471,0.889240506329114,0.88719512195122,0.8921875,0.893518518518518,0.891338582677165,0.8944,0.889589905362776,0,0,0,0,0,0,0,0,0,0,0,0,0,0,0,0,0,0,0,0,0,0,0,0,0,0,0,0,0,0,0,0,0,0,0,0,0,0,0,0,0,0,0,0,0,0,0,0,0,0,0,0,0,0,0,0,0,0,0,0,0,0,0,0,0,0,0,0,0,0,0,0,0,0,0,0,0,0,0,0,0,0,0,0,0,0,0,0,0,0,0,0,0,0,0,0,0,0,0,0,0,0,0,0,0,0,0,0,0,0,0,0,0,0,0,0,0,0,0,0,0,0,0,0,0,0,0,0,0,0,0,0,0,0,0,0,0,0,0,0,0,0,0,0,0,0,0,0
"10",0,0,0,0,1,1,1,1,1,1,1,1,1,1,1,1,1,1,1,1,1,0.992272024729521,0.992343032159265,1,1,1,1,1,1,1,1,1,1,1,1,1,0.993827160493827,1,1,1,1,1,1,1,1,1,1,0,0,0,0,0.886075949367089,0.89358372456964,0.891304347826087,0.888719512195122,0.888024883359253,0.882896764252696,0.889570552147239,0.889952153110048,0.892857142857143,0.889060092449923,0.887022900763359,0.88719512195122,0.892802450229709,0.883333333333333,0.895800933125972,0.892966360856269,0.884244372990354,0.892405063291139,0.885400313971743,0.893249607535322,0.881141045958796,0.885625965996909,0.891891891891892,0.896604938271605,0.896389324960754,0.890432098765432,0.892638036809816,0.888544891640867,0.891167192429022,0.892857142857143,0.879756468797565,0.881538461538461,0.895161290322581,0.8953125,0.887122416534181,0.886914378029079,0.896875,0.891135303265941,0.885220125786163,0.893617021276596,0.891547049441786,0.894654088050314,0.896062992125984,0.892455858747994,0.888540031397174,0,0,0,0,0,0,0,0,0,0,0,0,0,0,0,0,0,0,0,0,0,0,0,0,0,0,0,0,0,0,0,0,0,0,0,0,0,0,0,0,0,0,0,0,0,0,0,0,0,0,0,0,0,0,0,0,0,0,0,0,0,0,0,0,0,0,0,0,0,0,0,0,0,0,0,0,0,0,0,0,0,0,0,0,0,0,0,0,0,0,0,0,0,0,0,0,0,0,0,0,0,0,0,0,0,0,0,0,0,0,0,0,0,0,0,0,0,0,0,0,0,0,0,0,0,0,0,0,0,0,0,0,0,0,0,0,0,0,0,0,0,0,0,0,0,0,0,0
"11",0,0,0,0,1,1,1,1,1,1,1,1,1,1,1,1,1,1,1,1,1,0.991935483870968,0.991935483870968,1,1,1,1,1,1,1,1,1,1,1,1,1,0.99347471451876,1,1,1,1,1,1,1,1,1,1,0,0,0,0,0.888349514563107,0.888888888888889,0.88780487804878,0.887301587301587,0.882736156351791,0.87479674796748,0.889240506329114,0.885521885521885,0.886547811993517,0.892109500805153,0.881107491856677,0.882067851373183,0.894568690095847,0.882445141065831,0.89776357827476,0.892282958199357,0.886824324324324,0.889250814332248,0.892332789559543,0.885993485342019,0.882255389718076,0.883986928104575,0.8912,0.894308943089431,0.895765472312704,0.8832,0.885220125786163,0.883495145631068,0.887070376432079,0.888168557536467,0.881516587677725,0.880763116057234,0.884297520661157,0.889430894308943,0.89016393442623,0.889802631578947,0.894991922455573,0.891056910569106,0.882926829268293,0.887658227848101,0.887043189368771,0.887417218543046,0.893155258764608,0.896494156928214,0.88595041322314,0,0,0,0,0,0,0,0,0,0,0,0,0,0,0,0,0,0,0,0,0,0,0,0,0,0,0,0,0,0,0,0,0,0,0,0,0,0,0,0,0,0,0,0,0,0,0,0,0,0,0,0,0,0,0,0,0,0,0,0,0,0,0,0,0,0,0,0,0,0,0,0,0,0,0,0,0,0,0,0,0,0,0,0,0,0,0,0,0,0,0,0,0,0,0,0,0,0,0,0,0,0,0,0,0,0,0,0,0,0,0,0,0,0,0,0,0,0,0,0,0,0,0,0,0,0,0,0,0,0,0,0,0,0,0,0,0,0,0,0,0,0,0,0,0,0,0,0
"12",0,0,0,0,1,1,1,1,1,1,1,1,1,1,1,1,1,1,1,1,1,0.992331288343558,0.992272024729521,1,1,1,1,1,1,1,1,1,1,1,1,1,0.99375,1,1,1,1,1,1,1,1,1,1,0,0,0,0,0.888372093023256,0.893353941267388,0.890092879256966,0.887724550898204,0.888036809815951,0.879310344827586,0.889060092449923,0.895734597156398,0.892261001517451,0.891768292682927,0.885022692889561,0.884615384615385,0.891402714932127,0.889055472263868,0.90015600624025,0.890909090909091,0.884364820846905,0.888888888888889,0.891304347826087,0.891472868217054,0.882725832012678,0.886535552193646,0.887048192771084,0.89739663093415,0.892638036809816,0.886328725038402,0.893292682926829,0.886821705426357,0.892857142857143,0.891437308868501,0.88455772113943,0.88109756097561,0.898412698412698,0.894333843797856,0.888372093023256,0.885448916408669,0.895061728395062,0.887864823348694,0.886075949367089,0.891437308868501,0.887323943661972,0.891104294478528,0.903276131045242,0.895071542130366,0.891338582677165,0,0,0,0,0,0,0,0,0,0,0,0,0,0,0,0,0,0,0,0,0,0,0,0,0,0,0,0,0,0,0,0,0,0,0,0,0,0,0,0,0,0,0,0,0,0,0,0,0,0,0,0,0,0,0,0,0,0,0,0,0,0,0,0,0,0,0,0,0,0,0,0,0,0,0,0,0,0,0,0,0,0,0,0,0,0,0,0,0,0,0,0,0,0,0,0,0,0,0,0,0,0,0,0,0,0,0,0,0,0,0,0,0,0,0,0,0,0,0,0,0,0,0,0,0,0,0,0,0,0,0,0,0,0,0,0,0,0,0,0,0,0,0,0,0,0,0,0
"13",0,0,0,0,1,1,1,1,1,1,1,1,1,1,1,1,1,1,1,1,1,0.992319508448541,0.992283950617284,1,1,1,1,1,1,1,1,1,1,1,1,1,0.993720565149137,1,1,1,1,1,1,1,1,1,1,0,0,0,0,0.888364779874214,0.892690513219285,0.878930817610063,0.886363636363636,0.881720430107527,0.876352395672334,0.884969325153374,0.884615384615385,0.884914463452566,0.885625965996909,0.879443585780526,0.879443585780526,0.893778452200303,0.883333333333333,0.893141945773525,0.891437308868501,0.884176182707993,0.888024883359253,0.887675507020281,0.884969325153374,0.880952380952381,0.881804043545879,0.883156297420334,0.893518518518518,0.891338582677165,0.886292834890966,0.890432098765432,0.885802469135803,0.885400313971743,0.888544891640867,0.877112135176651,0.87673343605547,0.889789303079417,0.89010989010989,0.884194053208138,0.884126984126984,0.892913385826772,0.881987577639752,0.879936808846761,0.888379204892966,0.886614173228346,0.888544891640867,0.897035881435257,0.887278582930757,0.889776357827476,0,0,0,0,0,0,0,0,0,0,0,0,0,0,0,0,0,0,0,0,0,0,0,0,0,0,0,0,0,0,0,0,0,0,0,0,0,0,0,0,0,0,0,0,0,0,0,0,0,0,0,0,0,0,0,0,0,0,0,0,0,0,0,0,0,0,0,0,0,0,0,0,0,0,0,0,0,0,0,0,0,0,0,0,0,0,0,0,0,0,0,0,0,0,0,0,0,0,0,0,0,0,0,0,0,0,0,0,0,0,0,0,0,0,0,0,0,0,0,0,0,0,0,0,0,0,0,0,0,0,0,0,0,0,0,0,0,0,0,0,0,0,0,0,0,0,0,0
"14",0,0,0,0,1,1,1,1,1,1,1,1,1,1,1,1,1,1,1,1,1,0.990839694656489,0.99075500770416,1,1,1,1,1,1,1,1,1,1,1,1,1,0.992307692307692,1,1,1,1,1,1,1,1,1,1,0,0,0,0,0.880503144654088,0.883720930232558,0.884615384615385,0.879699248120301,0.880484114977307,0.87402799377916,0.877675840978593,0.883757961783439,0.882896764252696,0.884146341463415,0.875,0.881458966565349,0.887708649468892,0.879464285714286,0.891472868217054,0.890577507598784,0.883386581469649,0.883359253499222,0.884146341463415,0.884555382215289,0.875786163522013,0.881559220389805,0.886056971514243,0.891437308868501,0.891808346213292,0.882175226586103,0.88135593220339,0.882621951219512,0.887692307692308,0.886018237082067,0.876876876876877,0.8763197586727,0.888888888888889,0.889400921658986,0.880989180834621,0.877551020408163,0.888036809815951,0.882170542635659,0.882629107981221,0.883233532934132,0.888024883359253,0.887345679012346,0.893987341772152,0.893312101910828,0.8875,0,0,0,0,0,0,0,0,0,0,0,0,0,0,0,0,0,0,0,0,0,0,0,0,0,0,0,0,0,0,0,0,0,0,0,0,0,0,0,0,0,0,0,0,0,0,0,0,0,0,0,0,0,0,0,0,0,0,0,0,0,0,0,0,0,0,0,0,0,0,0,0,0,0,0,0,0,0,0,0,0,0,0,0,0,0,0,0,0,0,0,0,0,0,0,0,0,0,0,0,0,0,0,0,0,0,0,0,0,0,0,0,0,0,0,0,0,0,0,0,0,0,0,0,0,0,0,0,0,0,0,0,0,0,0,0,0,0,0,0,0,0,0,0,0,0,0,0
"15",0,0,0,0,1,1,1,1,1,1,1,1,1,1,1,1,1,1,1,1,1,0.992175273865415,0.992272024729521,1,1,1,1,1,1,1,1,1,1,1,1,1,0.993690851735016,1,1,1,1,1,1,1,1,1,1,0,0,0,0,0.891167192429022,0.892405063291139,0.890302066772655,0.886056971514243,0.887675507020281,0.877742946708464,0.891472868217054,0.892682926829268,0.894245723172628,0.89247311827957,0.884615384615385,0.885271317829457,0.892966360856269,0.889393939393939,0.897674418604651,0.895865237366003,0.887070376432079,0.892575039494471,0.891849529780564,0.888712241653418,0.883386581469649,0.886996904024768,0.890432098765432,0.895475819032761,0.896124031007752,0.889400921658986,0.889570552147239,0.887675507020281,0.894819466248038,0.890965732087227,0.882530120481928,0.875968992248062,0.891268533772652,0.894736842105263,0.888712241653418,0.885113268608414,0.8921875,0.886762360446571,0.890995260663507,0.89060092449923,0.891472868217054,0.894654088050314,0.894488188976378,0.893790849673203,0.892628205128205,0,0,0,0,0,0,0,0,0,0,0,0,0,0,0,0,0,0,0,0,0,0,0,0,0,0,0,0,0,0,0,0,0,0,0,0,0,0,0,0,0,0,0,0,0,0,0,0,0,0,0,0,0,0,0,0,0,0,0,0,0,0,0,0,0,0,0,0,0,0,0,0,0,0,0,0,0,0,0,0,0,0,0,0,0,0,0,0,0,0,0,0,0,0,0,0,0,0,0,0,0,0,0,0,0,0,0,0,0,0,0,0,0,0,0,0,0,0,0,0,0,0,0,0,0,0,0,0,0,0,0,0,0,0,0,0,0,0,0,0,0,0,0,0,0,0,0,0
"16",0,0,0,0,1,1,1,1,1,1,1,1,1,1,1,1,1,1,1,1,1,0.990639625585023,0.990740740740741,1,1,1,1,1,1,1,1,1,1,1,1,1,0.992223950233281,1,1,1,1,1,1,1,1,1,1,0,0,0,0,0.892355694227769,0.896062992125984,0.88871473354232,0.886363636363636,0.888208269525268,0.880434782608696,0.886821705426357,0.894060995184591,0.894009216589862,0.894333843797856,0.886503067484663,0.886676875957121,0.893846153846154,0.884848484848485,0.895800933125972,0.896024464831804,0.884057971014493,0.888188976377953,0.894409937888199,0.8887171561051,0.8859375,0.887345679012346,0.895136778115502,0.894495412844037,0.89922480620155,0.885844748858447,0.891603053435114,0.888024883359253,0.89375,0.892307692307692,0.880664652567976,0.88208269525268,0.893481717011129,0.892355694227769,0.891338582677165,0.88783570300158,0.895061728395062,0.889408099688474,0.891135303265941,0.888549618320611,0.893617021276596,0.893915756630265,0.89873417721519,0.895934959349593,0.894984326018809,0,0,0,0,0,0,0,0,0,0,0,0,0,0,0,0,0,0,0,0,0,0,0,0,0,0,0,0,0,0,0,0,0,0,0,0,0,0,0,0,0,0,0,0,0,0,0,0,0,0,0,0,0,0,0,0,0,0,0,0,0,0,0,0,0,0,0,0,0,0,0,0,0,0,0,0,0,0,0,0,0,0,0,0,0,0,0,0,0,0,0,0,0,0,0,0,0,0,0,0,0,0,0,0,0,0,0,0,0,0,0,0,0,0,0,0,0,0,0,0,0,0,0,0,0,0,0,0,0,0,0,0,0,0,0,0,0,0,0,0,0,0,0,0,0,0,0,0
"17",0,0,0,0,1,1,1,1,1,1,1,1,1,1,1,1,1,1,1,1,1,0.990536277602524,0.990506329113924,1,1,1,1,1,1,1,1,1,1,1,1,1,0.991974317817014,1,1,1,1,1,1,1,1,1,1,0,0,0,0,0.889245585874799,0.888540031397174,0.890127388535032,0.889400921658986,0.89010989010989,0.880763116057234,0.88646967340591,0.889983579638752,0.896875,0.896551724137931,0.886996904024768,0.886292834890966,0.897674418604651,0.887692307692308,0.894736842105263,0.897798742138365,0.885191347753744,0.887820512820513,0.893312101910828,0.8896,0.887987012987013,0.885400313971743,0.892018779342723,0.894154818325434,0.896713615023474,0.888372093023256,0.892638036809816,0.891891891891892,0.896940418679549,0.895638629283489,0.884437596302003,0.883464566929134,0.893790849673203,0.896825396825397,0.893819334389857,0.88961038961039,0.896496815286624,0.892744479495268,0.892455858747994,0.893081761006289,0.888709677419355,0.898876404494382,0.898360655737705,0.901153212520593,0.892628205128205,0,0,0,0,0,0,0,0,0,0,0,0,0,0,0,0,0,0,0,0,0,0,0,0,0,0,0,0,0,0,0,0,0,0,0,0,0,0,0,0,0,0,0,0,0,0,0,0,0,0,0,0,0,0,0,0,0,0,0,0,0,0,0,0,0,0,0,0,0,0,0,0,0,0,0,0,0,0,0,0,0,0,0,0,0,0,0,0,0,0,0,0,0,0,0,0,0,0,0,0,0,0,0,0,0,0,0,0,0,0,0,0,0,0,0,0,0,0,0,0,0,0,0,0,0,0,0,0,0,0,0,0,0,0,0,0,0,0,0,0,0,0,0,0,0,0,0,0
"18",0,0,0,0,1,1,1,1,1,1,1,1,1,1,1,1,1,1,1,1,1,0.992260061919505,0.9921875,1,1,1,1,1,1,1,1,1,1,1,1,1,0.993680884676145,1,1,1,1,1,1,1,1,1,1,0,0,0,0,0.885400313971743,0.891304347826087,0.888540031397174,0.884498480243161,0.885802469135803,0.88006230529595,0.885271317829457,0.891547049441786,0.887366818873668,0.8887171561051,0.883435582822086,0.884080370942813,0.889739663093415,0.885022692889561,0.894819466248038,0.891808346213292,0.883606557377049,0.888540031397174,0.890282131661442,0.891640866873065,0.883280757097792,0.887345679012346,0.89193302891933,0.896341463414634,0.893023255813953,0.883509833585477,0.886676875957121,0.882896764252696,0.891167192429022,0.893353941267388,0.878086419753086,0.878693623639191,0.890675241157556,0.889937106918239,0.886255924170616,0.886762360446571,0.889064976228209,0.886435331230284,0.886292834890966,0.883614088820827,0.891135303265941,0.891808346213292,0.897314375987362,0.896607431340872,0.88801261829653,0,0,0,0,0,0,0,0,0,0,0,0,0,0,0,0,0,0,0,0,0,0,0,0,0,0,0,0,0,0,0,0,0,0,0,0,0,0,0,0,0,0,0,0,0,0,0,0,0,0,0,0,0,0,0,0,0,0,0,0,0,0,0,0,0,0,0,0,0,0,0,0,0,0,0,0,0,0,0,0,0,0,0,0,0,0,0,0,0,0,0,0,0,0,0,0,0,0,0,0,0,0,0,0,0,0,0,0,0,0,0,0,0,0,0,0,0,0,0,0,0,0,0,0,0,0,0,0,0,0,0,0,0,0,0,0,0,0,0,0,0,0,0,0,0,0,0,0
"19",0,0,0,0,1,1,1,1,1,1,1,1,1,1,1,1,1,1,1,1,1,0.992295839753467,0.992163009404389,1,1,1,1,1,1,1,1,1,1,1,1,1,0.993740219092332,1,1,1,1,1,1,1,1,1,1,0,0,0,0,0.88503937007874,0.8828125,0.885579937304075,0.88030303030303,0.880434782608696,0.876175548589342,0.881987577639752,0.886363636363636,0.884858044164038,0.888888888888889,0.876543209876543,0.875,0.889400921658986,0.881996974281392,0.890995260663507,0.892857142857143,0.877850162866449,0.886035313001605,0.882629107981221,0.888712241653418,0.881703470031546,0.882260596546311,0.888036809815951,0.889408099688474,0.8890625,0.88135593220339,0.88719512195122,0.880314960629921,0.888188976377953,0.886503067484663,0.871601208459215,0.87402799377916,0.886035313001605,0.890769230769231,0.882911392405063,0.883683360258481,0.884914463452566,0.884555382215289,0.883464566929134,0.883792048929664,0.881141045958796,0.892523364485981,0.900473933649289,0.89413680781759,0.883942766295707,0,0,0,0,0,0,0,0,0,0,0,0,0,0,0,0,0,0,0,0,0,0,0,0,0,0,0,0,0,0,0,0,0,0,0,0,0,0,0,0,0,0,0,0,0,0,0,0,0,0,0,0,0,0,0,0,0,0,0,0,0,0,0,0,0,0,0,0,0,0,0,0,0,0,0,0,0,0,0,0,0,0,0,0,0,0,0,0,0,0,0,0,0,0,0,0,0,0,0,0,0,0,0,0,0,0,0,0,0,0,0,0,0,0,0,0,0,0,0,0,0,0,0,0,0,0,0,0,0,0,0,0,0,0,0,0,0,0,0,0,0,0,0,0,0,0,0,0
"20",0,0,0,0,1,1,1,1,1,1,1,1,1,1,1,1,1,1,1,1,1,0.990384615384615,0.990291262135922,1,1,1,1,1,1,1,1,1,1,1,1,1,0.99194847020934,1,1,1,1,1,1,1,1,1,1,0,0,0,0,0.881685575364668,0.887622149837134,0.882636655948553,0.881703470031546,0.8784,0.874592833876222,0.879421221864952,0.882644628099174,0.885167464114832,0.879421221864952,0.877165354330709,0.877813504823151,0.883572567783094,0.880690737833595,0.887640449438202,0.886581469648562,0.88255033557047,0.8848,0.881685575364668,0.885852090032154,0.873963515754561,0.882067851373183,0.885895404120444,0.8928,0.891547049441786,0.884493670886076,0.888540031397174,0.885483870967742,0.884364820846905,0.880573248407643,0.878461538461539,0.874403815580286,0.886054421768708,0.886178861788618,0.882352941176471,0.885057471264368,0.889789303079417,0.880382775119617,0.881773399014778,0.888364779874214,0.885572139303483,0.885113268608414,0.894563426688633,0.888701517706577,0.889245585874799,0,0,0,0,0,0,0,0,0,0,0,0,0,0,0,0,0,0,0,0,0,0,0,0,0,0,0,0,0,0,0,0,0,0,0,0,0,0,0,0,0,0,0,0,0,0,0,0,0,0,0,0,0,0,0,0,0,0,0,0,0,0,0,0,0,0,0,0,0,0,0,0,0,0,0,0,0,0,0,0,0,0,0,0,0,0,0,0,0,0,0,0,0,0,0,0,0,0,0,0,0,0,0,0,0,0,0,0,0,0,0,0,0,0,0,0,0,0,0,0,0,0,0,0,0,0,0,0,0,0,0,0,0,0,0,0,0,0,0,0,0,0,0,0,0,0,0,0
"21",0,0,0,0,1,1,1,1,1,1,1,1,1,1,1,1,1,1,1,1,1,0.992199687987519,0.992125984251969,1,1,1,1,1,1,1,1,1,1,1,1,1,0.993740219092332,1,1,1,1,1,1,1,1,1,1,0,0,0,0,0.881064162754304,0.883830455259027,0.881219903691814,0.875192604006163,0.873817034700315,0.872239747634069,0.877358490566038,0.883495145631068,0.882352941176471,0.883256528417819,0.876146788990826,0.87888198757764,0.884969325153374,0.877708978328173,0.887122416534181,0.885093167701863,0.878246753246753,0.884057971014493,0.879556259904913,0.881789137380192,0.875399361022364,0.876971608832808,0.883540372670807,0.886792452830189,0.890625,0.874613003095975,0.882534775888717,0.876582278481013,0.883572567783094,0.885758998435055,0.871674491392801,0.872670807453416,0.88529886914378,0.889937106918239,0.879556259904913,0.878048780487805,0.889589905362776,0.881889763779528,0.880763116057234,0.8796875,0.883647798742138,0.888364779874214,0.891760904684976,0.887438825448613,0.884430176565008,0,0,0,0,0,0,0,0,0,0,0,0,0,0,0,0,0,0,0,0,0,0,0,0,0,0,0,0,0,0,0,0,0,0,0,0,0,0,0,0,0,0,0,0,0,0,0,0,0,0,0,0,0,0,0,0,0,0,0,0,0,0,0,0,0,0,0,0,0,0,0,0,0,0,0,0,0,0,0,0,0,0,0,0,0,0,0,0,0,0,0,0,0,0,0,0,0,0,0,0,0,0,0,0,0,0,0,0,0,0,0,0,0,0,0,0,0,0,0,0,0,0,0,0,0,0,0,0,0,0,0,0,0,0,0,0,0,0,0,0,0,0,0,0,0,0,0,0
"22",0,0,0,0,0.992050874403816,0.992223950233281,0.990445859872611,0.990697674418605,0.990740740740741,0.992272024729521,0.991935483870968,0.992331288343558,0.992319508448541,0.990839694656489,0.992175273865415,0.990639625585023,0.990536277602524,0.992260061919505,0.992295839753467,0.990384615384615,0.992199687987519,1,1,0.990551181102362,0.990639625585023,0.990922844175492,0.992354740061162,0.991974317817014,0.993966817496229,0.990353697749196,0.992211838006231,0.9921875,0.990839694656489,0.9953125,0.993700787401575,0.992063492063492,1,0.990536277602524,0.995275590551181,0.99075500770416,0.992138364779874,0.993865030674847,0.992295839753467,0.992331288343558,0.992331288343558,0.992236024844721,0.990726429675425,0,0,0,0,0.89968152866242,0.90527950310559,0.898753894080997,0.895833333333333,0.898461538461538,0.894080996884735,0.898021308980213,0.899521531100478,0.903522205206738,0.900466562986003,0.896341463414634,0.896499238964992,0.901664145234493,0.898355754857997,0.906976744186046,0.905864197530864,0.9,0.899686520376176,0.897196261682243,0.902053712480253,0.888364779874214,0.901840490797546,0.900602409638554,0.907120743034056,0.907975460122699,0.895705521472393,0.899536321483771,0.893353941267388,0.899212598425197,0.901386748844376,0.89193302891933,0.889739663093415,0.899212598425197,0.89922480620155,0.897314375987362,0.897637795275591,0.900787401574803,0.894573643410853,0.894321766561514,0.896396396396396,0.901253918495298,0.903426791277259,0.913928012519562,0.906148867313916,0.894984326018809,0,0,0,0,0,0,0,0,0,0,0,0,0,0,0,0,0,0,0,0,0,0,0,0,0,0,0,0,0,0,0,0,0,0,0,0,0,0,0,0,0,0,0,0,0,0,0,0,0,0,0,0,0,0,0,0,0,0,0,0,0,0,0,0,0,0,0,0,0,0,0,0,0,0,0,0,0,0,0,0,0,0,0,0,0,0,0,0,0,0,0,0,0,0,0,0,0,0,0,0,0,0,0,0,0,0,0,0,0,0,0,0,0,0,0,0,0,0,0,0,0,0,0,0,0,0,0,0,0,0,0,0,0,0,0,0,0,0,0,0,0,0,0,0,0,0,0,0
"23",0,0,0,0,0.992175273865415,0.9921875,0.990353697749196,0.990668740279938,0.990740740740741,0.992343032159265,0.991935483870968,0.992272024729521,0.992283950617284,0.99075500770416,0.992272024729521,0.990740740740741,0.990506329113924,0.9921875,0.992163009404389,0.990291262135922,0.992125984251969,1,1,0.990243902439024,0.990697674418605,0.990639625585023,0.992307692307692,0.991974317817014,0.993966817496229,0.990610328638498,0.992272024729521,0.992025518341308,0.990639625585023,0.995327102803738,0.993788819875776,0.992050874403816,1,0.990445859872611,0.995245641838352,0.990536277602524,0.991961414790997,0.993893129770992,0.992295839753467,0.992307692307692,0.992223950233281,0.992260061919505,0.990726429675425,0,0,0,0,0.904088050314465,0.905572755417957,0.90809968847352,0.897435897435897,0.900153609831029,0.89739663093415,0.906727828746177,0.905996758508914,0.909797822706065,0.901840490797546,0.902140672782875,0.9,0.907120743034056,0.896240601503759,0.909516380655226,0.910906298003072,0.898527004909984,0.906497622820919,0.905426356589147,0.908661417322835,0.893819334389857,0.906153846153846,0.903225806451613,0.90937019969278,0.907086614173228,0.904320987654321,0.903225806451613,0.900473933649289,0.905511811023622,0.90726429675425,0.893233082706767,0.895384615384615,0.907894736842105,0.906396255850234,0.902053712480253,0.903381642512077,0.90809968847352,0.902053712480253,0.902362204724409,0.897990726429675,0.903785488958991,0.903276131045242,0.917316692667707,0.909090909090909,0.903426791277259,0,0,0,0,0,0,0,0,0,0,0,0,0,0,0,0,0,0,0,0,0,0,0,0,0,0,0,0,0,0,0,0,0,0,0,0,0,0,0,0,0,0,0,0,0,0,0,0,0,0,0,0,0,0,0,0,0,0,0,0,0,0,0,0,0,0,0,0,0,0,0,0,0,0,0,0,0,0,0,0,0,0,0,0,0,0,0,0,0,0,0,0,0,0,0,0,0,0,0,0,0,0,0,0,0,0,0,0,0,0,0,0,0,0,0,0,0,0,0,0,0,0,0,0,0,0,0,0,0,0,0,0,0,0,0,0,0,0,0,0,0,0,0,0,0,0,0,0
"24",0,0,0,0,1,1,1,1,1,1,1,1,1,1,1,1,1,1,1,1,1,0.990551181102362,0.990243902439024,1,1,1,1,1,1,1,1,1,1,1,1,1,0.991974317817014,1,1,1,1,1,1,1,1,1,1,0,0,0,0,0.882258064516129,0.885350318471338,0.884984025559105,0.885496183206107,0.886970172684458,0.882165605095541,0.886435331230284,0.88313856427379,0.892063492063492,0.893312101910828,0.885758998435055,0.883647798742138,0.889922480620155,0.885802469135803,0.896331738437002,0.896389324960754,0.883031301482702,0.886581469648562,0.885483870967742,0.8912,0.886731391585761,0.884735202492212,0.890262751159196,0.89375,0.891167192429022,0.888888888888889,0.892744479495268,0.889776357827476,0.888,0.892913385826772,0.880434782608696,0.874015748031496,0.893203883495146,0.895666131621188,0.892109500805153,0.891268533772652,0.894230769230769,0.890995260663507,0.886731391585761,0.892913385826772,0.8928,0.893376413570275,0.895833333333333,0.897651006711409,0.888709677419355,0,0,0,0,0,0,0,0,0,0,0,0,0,0,0,0,0,0,0,0,0,0,0,0,0,0,0,0,0,0,0,0,0,0,0,0,0,0,0,0,0,0,0,0,0,0,0,0,0,0,0,0,0,0,0,0,0,0,0,0,0,0,0,0,0,0,0,0,0,0,0,0,0,0,0,0,0,0,0,0,0,0,0,0,0,0,0,0,0,0,0,0,0,0,0,0,0,0,0,0,0,0,0,0,0,0,0,0,0,0,0,0,0,0,0,0,0,0,0,0,0,0,0,0,0,0,0,0,0,0,0,0,0,0,0,0,0,0,0,0,0,0,0,0,0,0,0,0
"25",0,0,0,0,1,1,1,1,1,1,1,1,1,1,1,1,1,1,1,1,1,0.990639625585023,0.990697674418605,1,1,1,1,1,1,1,1,1,1,1,1,1,0.992199687987519,1,1,1,1,1,1,1,1,1,1,0,0,0,0,0.879443585780526,0.883464566929134,0.880952380952381,0.879518072289157,0.878274268104777,0.869496855345912,0.880804953560371,0.884552845528455,0.881804043545879,0.88597842835131,0.875190258751903,0.874613003095975,0.890243902439024,0.880733944954128,0.888888888888889,0.892307692307692,0.875613747954173,0.87620578778135,0.882260596546311,0.88503937007874,0.87378640776699,0.871317829457364,0.884615384615385,0.887345679012346,0.891304347826087,0.883256528417819,0.883969465648855,0.881329113924051,0.883647798742138,0.884555382215289,0.87308868501529,0.873456790123457,0.884364820846905,0.885271317829457,0.880573248407643,0.8801261829653,0.883942766295707,0.879256965944272,0.88301282051282,0.883256528417819,0.8828125,0.884676145339652,0.889589905362776,0.889983579638752,0.8890625,0,0,0,0,0,0,0,0,0,0,0,0,0,0,0,0,0,0,0,0,0,0,0,0,0,0,0,0,0,0,0,0,0,0,0,0,0,0,0,0,0,0,0,0,0,0,0,0,0,0,0,0,0,0,0,0,0,0,0,0,0,0,0,0,0,0,0,0,0,0,0,0,0,0,0,0,0,0,0,0,0,0,0,0,0,0,0,0,0,0,0,0,0,0,0,0,0,0,0,0,0,0,0,0,0,0,0,0,0,0,0,0,0,0,0,0,0,0,0,0,0,0,0,0,0,0,0,0,0,0,0,0,0,0,0,0,0,0,0,0,0,0,0,0,0,0,0,0
"26",0,0,0,0,1,1,1,1,1,1,1,1,1,1,1,1,1,1,1,1,1,0.990922844175492,0.990639625585023,1,1,1,1,1,1,1,1,1,1,1,1,1,0.992199687987519,1,1,1,1,1,1,1,1,1,1,0,0,0,0,0.892018779342723,0.895833333333333,0.892857142857143,0.88622754491018,0.889922480620155,0.881987577639752,0.886018237082067,0.892857142857143,0.895705521472393,0.892141756548536,0.885496183206107,0.886676875957121,0.898021308980213,0.889217134416544,0.902173913043478,0.896499238964992,0.889423076923077,0.895638629283489,0.893188854489164,0.896551724137931,0.882352941176471,0.888888888888889,0.893778452200303,0.896923076923077,0.899536321483771,0.887022900763359,0.896024464831804,0.886645962732919,0.893518518518518,0.895384615384615,0.884673748103187,0.883969465648855,0.893548387096774,0.894245723172628,0.893081761006289,0.891373801916933,0.895800933125972,0.891975308641975,0.891849529780564,0.888719512195122,0.893915756630265,0.891849529780564,0.903174603174603,0.895666131621188,0.895475819032761,0,0,0,0,0,0,0,0,0,0,0,0,0,0,0,0,0,0,0,0,0,0,0,0,0,0,0,0,0,0,0,0,0,0,0,0,0,0,0,0,0,0,0,0,0,0,0,0,0,0,0,0,0,0,0,0,0,0,0,0,0,0,0,0,0,0,0,0,0,0,0,0,0,0,0,0,0,0,0,0,0,0,0,0,0,0,0,0,0,0,0,0,0,0,0,0,0,0,0,0,0,0,0,0,0,0,0,0,0,0,0,0,0,0,0,0,0,0,0,0,0,0,0,0,0,0,0,0,0,0,0,0,0,0,0,0,0,0,0,0,0,0,0,0,0,0,0,0
"27",0,0,0,0,1,1,1,1,1,1,1,1,1,1,1,1,1,1,1,1,1,0.992354740061162,0.992307692307692,1,1,1,1,1,1,1,1,1,1,1,1,1,0.992295839753467,1,1,1,1,1,1,1,1,1,1,0,0,0,0,0.894409937888199,0.895705521472393,0.894736842105263,0.892053973013493,0.890743550834598,0.890577507598784,0.894656488549618,0.893548387096774,0.894171779141104,0.898484848484848,0.888721804511278,0.890432098765432,0.901492537313433,0.893553223388306,0.905132192846034,0.901215805471125,0.888888888888889,0.897990726429675,0.891135303265941,0.899536321483771,0.887323943661972,0.895705521472393,0.898355754857997,0.900914634146341,0.902173913043478,0.895295902883156,0.899696048632219,0.89618320610687,0.897239263803681,0.897239263803681,0.889380530973451,0.886018237082067,0.896825396825397,0.899536321483771,0.891975308641975,0.88871473354232,0.897709923664122,0.893939393939394,0.896284829721362,0.895454545454546,0.897990726429675,0.896124031007752,0.903426791277259,0.892744479495268,0.897035881435257,0,0,0,0,0,0,0,0,0,0,0,0,0,0,0,0,0,0,0,0,0,0,0,0,0,0,0,0,0,0,0,0,0,0,0,0,0,0,0,0,0,0,0,0,0,0,0,0,0,0,0,0,0,0,0,0,0,0,0,0,0,0,0,0,0,0,0,0,0,0,0,0,0,0,0,0,0,0,0,0,0,0,0,0,0,0,0,0,0,0,0,0,0,0,0,0,0,0,0,0,0,0,0,0,0,0,0,0,0,0,0,0,0,0,0,0,0,0,0,0,0,0,0,0,0,0,0,0,0,0,0,0,0,0,0,0,0,0,0,0,0,0,0,0,0,0,0,0
"28",0,0,0,0,1,1,1,1,1,1,1,1,1,1,1,1,1,1,1,1,1,0.991974317817014,0.991974317817014,1,1,1,1,1,1,1,1,1,1,1,1,1,0.993527508090615,1,1,1,1,1,1,1,1,1,1,0,0,0,0,0.888168557536467,0.888341543513957,0.88379705400982,0.884555382215289,0.884057971014493,0.881789137380192,0.88529886914378,0.887788778877888,0.893890675241158,0.8896,0.882911392405063,0.885532591414944,0.891891891891892,0.884375,0.896607431340872,0.89047619047619,0.878333333333333,0.892455858747994,0.884552845528455,0.8928,0.880913539967374,0.87741935483871,0.889589905362776,0.889415481832543,0.897637795275591,0.886217948717949,0.888888888888889,0.887987012987013,0.890499194847021,0.890625,0.87789799072643,0.880952380952381,0.891666666666667,0.895569620253165,0.889430894308943,0.887640449438202,0.891585760517799,0.882636655948553,0.884868421052632,0.889240506329114,0.887622149837134,0.892857142857143,0.895833333333333,0.891980360065466,0.88961038961039,0,0,0,0,0,0,0,0,0,0,0,0,0,0,0,0,0,0,0,0,0,0,0,0,0,0,0,0,0,0,0,0,0,0,0,0,0,0,0,0,0,0,0,0,0,0,0,0,0,0,0,0,0,0,0,0,0,0,0,0,0,0,0,0,0,0,0,0,0,0,0,0,0,0,0,0,0,0,0,0,0,0,0,0,0,0,0,0,0,0,0,0,0,0,0,0,0,0,0,0,0,0,0,0,0,0,0,0,0,0,0,0,0,0,0,0,0,0,0,0,0,0,0,0,0,0,0,0,0,0,0,0,0,0,0,0,0,0,0,0,0,0,0,0,0,0,0,0
"29",0,0,0,0,1,1,1,1,1,1,1,1,1,1,1,1,1,1,1,1,1,0.993966817496229,0.993966817496229,1,1,1,1,1,1,1,1,1,1,1,1,1,0.99537037037037,1,1,1,1,1,1,1,1,1,1,0,0,0,0,0.898305084745763,0.897515527950311,0.894333843797856,0.892053973013493,0.890743550834598,0.885093167701863,0.89409984871407,0.894819466248038,0.901065449010654,0.896656534954407,0.888386123680241,0.896084337349398,0.899700598802395,0.894814814814815,0.904615384615385,0.900151285930408,0.890302066772655,0.89938080495356,0.894656488549618,0.89922480620155,0.889580093312597,0.89060092449923,0.899550224887556,0.901065449010654,0.905053598774885,0.894029850746269,0.898928024502297,0.889408099688474,0.893188854489164,0.896499238964992,0.885925925925926,0.887537993920973,0.896496815286624,0.898928024502297,0.893188854489164,0.894321766561514,0.900928792569659,0.89618320610687,0.894409937888199,0.896551724137931,0.897674418604651,0.902290076335878,0.903937007874016,0.904306220095694,0.89937106918239,0,0,0,0,0,0,0,0,0,0,0,0,0,0,0,0,0,0,0,0,0,0,0,0,0,0,0,0,0,0,0,0,0,0,0,0,0,0,0,0,0,0,0,0,0,0,0,0,0,0,0,0,0,0,0,0,0,0,0,0,0,0,0,0,0,0,0,0,0,0,0,0,0,0,0,0,0,0,0,0,0,0,0,0,0,0,0,0,0,0,0,0,0,0,0,0,0,0,0,0,0,0,0,0,0,0,0,0,0,0,0,0,0,0,0,0,0,0,0,0,0,0,0,0,0,0,0,0,0,0,0,0,0,0,0,0,0,0,0,0,0,0,0,0,0,0,0,0
"30",0,0,0,0,1,1,1,1,1,1,1,1,1,1,1,1,1,1,1,1,1,0.990353697749196,0.990610328638498,1,1,1,1,1,1,1,1,1,1,1,1,1,0.992012779552716,1,1,1,1,1,1,1,1,1,1,0,0,0,0,0.892156862745098,0.89792663476874,0.889067524115756,0.884914463452566,0.886435331230284,0.88301282051282,0.888372093023256,0.889438943894389,0.892405063291139,0.886292834890966,0.881435257410296,0.881435257410296,0.894904458598726,0.886153846153846,0.887480190174326,0.893081761006289,0.886666666666667,0.890343698854337,0.889967637540453,0.890850722311397,0.880645161290323,0.884984025559105,0.888198757763975,0.894904458598726,0.898089171974522,0.886255924170616,0.892690513219285,0.884244372990354,0.888524590163934,0.8953125,0.881435257410296,0.881889763779528,0.891268533772652,0.896,0.889423076923077,0.886914378029079,0.891547049441786,0.889937106918239,0.887820512820513,0.890092879256966,0.887640449438202,0.893312101910828,0.89983844911147,0.892561983471074,0.892857142857143,0,0,0,0,0,0,0,0,0,0,0,0,0,0,0,0,0,0,0,0,0,0,0,0,0,0,0,0,0,0,0,0,0,0,0,0,0,0,0,0,0,0,0,0,0,0,0,0,0,0,0,0,0,0,0,0,0,0,0,0,0,0,0,0,0,0,0,0,0,0,0,0,0,0,0,0,0,0,0,0,0,0,0,0,0,0,0,0,0,0,0,0,0,0,0,0,0,0,0,0,0,0,0,0,0,0,0,0,0,0,0,0,0,0,0,0,0,0,0,0,0,0,0,0,0,0,0,0,0,0,0,0,0,0,0,0,0,0,0,0,0,0,0,0,0,0,0,0
"31",0,0,0,0,1,1,1,1,1,1,1,1,1,1,1,1,1,1,1,1,1,0.992211838006231,0.992272024729521,1,1,1,1,1,1,1,1,1,1,1,1,1,0.993640699523052,1,1,1,1,1,1,1,1,1,1,0,0,0,0,0.895545314900154,0.890822784810127,0.895638629283489,0.888198757763975,0.892355694227769,0.890965732087227,0.892063492063492,0.896607431340872,0.89922480620155,0.89938080495356,0.891271056661562,0.892018779342723,0.900466562986003,0.896764252696456,0.905956112852665,0.898773006134969,0.886547811993517,0.898089171974522,0.899053627760252,0.900316455696203,0.892455858747994,0.888540031397174,0.897832817337461,0.900306748466258,0.89622641509434,0.890432098765432,0.89938080495356,0.895734597156398,0.896661367249603,0.897674418604651,0.887537993920973,0.887675507020281,0.898527004909984,0.894154818325434,0.889937106918239,0.896103896103896,0.89873417721519,0.895800933125972,0.898876404494382,0.899848254931715,0.89540412044374,0.8953125,0.903225806451613,0.902755267423015,0.895666131621188,0,0,0,0,0,0,0,0,0,0,0,0,0,0,0,0,0,0,0,0,0,0,0,0,0,0,0,0,0,0,0,0,0,0,0,0,0,0,0,0,0,0,0,0,0,0,0,0,0,0,0,0,0,0,0,0,0,0,0,0,0,0,0,0,0,0,0,0,0,0,0,0,0,0,0,0,0,0,0,0,0,0,0,0,0,0,0,0,0,0,0,0,0,0,0,0,0,0,0,0,0,0,0,0,0,0,0,0,0,0,0,0,0,0,0,0,0,0,0,0,0,0,0,0,0,0,0,0,0,0,0,0,0,0,0,0,0,0,0,0,0,0,0,0,0,0,0,0
"32",0,0,0,0,1,1,1,1,1,1,1,1,1,1,1,1,1,1,1,1,1,0.9921875,0.992025518341308,1,1,1,1,1,1,1,1,1,1,1,1,1,0.993700787401575,1,1,1,1,1,1,1,1,1,1,0,0,0,0,0.8912,0.897151898734177,0.889776357827476,0.884792626728111,0.88801261829653,0.882539682539683,0.885532591414944,0.887417218543046,0.890795631825273,0.88785046728972,0.885496183206107,0.888540031397174,0.892355694227769,0.88597842835131,0.892913385826772,0.899686520376176,0.88595041322314,0.894568690095847,0.888178913738019,0.892109500805153,0.881789137380192,0.889240506329114,0.892307692307692,0.897798742138365,0.896988906497623,0.885579937304075,0.892355694227769,0.887480190174326,0.8912,0.891679748822606,0.881435257410296,0.882534775888717,0.894214876033058,0.894984326018809,0.890499194847021,0.890145395799677,0.892575039494471,0.889937106918239,0.889776357827476,0.888379204892966,0.893964110929853,0.895833333333333,0.901294498381877,0.896551724137931,0.889430894308943,0,0,0,0,0,0,0,0,0,0,0,0,0,0,0,0,0,0,0,0,0,0,0,0,0,0,0,0,0,0,0,0,0,0,0,0,0,0,0,0,0,0,0,0,0,0,0,0,0,0,0,0,0,0,0,0,0,0,0,0,0,0,0,0,0,0,0,0,0,0,0,0,0,0,0,0,0,0,0,0,0,0,0,0,0,0,0,0,0,0,0,0,0,0,0,0,0,0,0,0,0,0,0,0,0,0,0,0,0,0,0,0,0,0,0,0,0,0,0,0,0,0,0,0,0,0,0,0,0,0,0,0,0,0,0,0,0,0,0,0,0,0,0,0,0,0,0,0
"33",0,0,0,0,1,1,1,1,1,1,1,1,1,1,1,1,1,1,1,1,1,0.990839694656489,0.990639625585023,1,1,1,1,1,1,1,1,1,1,1,1,1,0.992211838006231,1,1,1,1,1,1,1,1,1,1,0,0,0,0,0.876386687797147,0.880952380952381,0.880503144654088,0.875957120980092,0.874806800618238,0.869362363919129,0.873846153846154,0.87741935483871,0.87906976744186,0.874411302982732,0.871517027863777,0.869496855345912,0.882716049382716,0.874233128834356,0.880314960629921,0.884555382215289,0.87012987012987,0.880314960629921,0.878315132605304,0.882539682539683,0.871835443037975,0.875195007800312,0.877329192546584,0.882170542635659,0.882445141065831,0.873831775700935,0.880690737833595,0.875195007800312,0.87758346581876,0.880877742946709,0.866464339908953,0.87037037037037,0.880258899676375,0.88006230529595,0.880434782608696,0.87459807073955,0.878740157480315,0.875590551181102,0.879936808846761,0.875384615384615,0.881889763779528,0.880877742946709,0.890145395799677,0.88562091503268,0.876386687797147,0,0,0,0,0,0,0,0,0,0,0,0,0,0,0,0,0,0,0,0,0,0,0,0,0,0,0,0,0,0,0,0,0,0,0,0,0,0,0,0,0,0,0,0,0,0,0,0,0,0,0,0,0,0,0,0,0,0,0,0,0,0,0,0,0,0,0,0,0,0,0,0,0,0,0,0,0,0,0,0,0,0,0,0,0,0,0,0,0,0,0,0,0,0,0,0,0,0,0,0,0,0,0,0,0,0,0,0,0,0,0,0,0,0,0,0,0,0,0,0,0,0,0,0,0,0,0,0,0,0,0,0,0,0,0,0,0,0,0,0,0,0,0,0,0,0,0,0
"34",0,0,0,0,1,1,1,1,1,1,1,1,1,1,1,1,1,1,1,1,1,0.9953125,0.995327102803738,1,1,1,1,1,1,1,1,1,1,1,1,1,0.99537750385208,1,1,1,1,1,1,1,1,1,1,0,0,0,0,0.892575039494471,0.893023255813953,0.891338582677165,0.885369532428356,0.887366818873668,0.885802469135803,0.887878787878788,0.894060995184591,0.889922480620155,0.89060092449923,0.889894419306184,0.886676875957121,0.89739663093415,0.891238670694864,0.900928792569659,0.896604938271605,0.884552845528455,0.894819466248038,0.891472868217054,0.896604938271605,0.885579937304075,0.890795631825273,0.895384615384615,0.899696048632219,0.898021308980213,0.889060092449923,0.894977168949772,0.889400921658986,0.890453834115806,0.893353941267388,0.882530120481928,0.881638846737481,0.896,0.897356143079316,0.890453834115806,0.891891891891892,0.894573643410853,0.893846153846154,0.892913385826772,0.891768292682927,0.889064976228209,0.897515527950311,0.90521327014218,0.895666131621188,0.896551724137931,0,0,0,0,0,0,0,0,0,0,0,0,0,0,0,0,0,0,0,0,0,0,0,0,0,0,0,0,0,0,0,0,0,0,0,0,0,0,0,0,0,0,0,0,0,0,0,0,0,0,0,0,0,0,0,0,0,0,0,0,0,0,0,0,0,0,0,0,0,0,0,0,0,0,0,0,0,0,0,0,0,0,0,0,0,0,0,0,0,0,0,0,0,0,0,0,0,0,0,0,0,0,0,0,0,0,0,0,0,0,0,0,0,0,0,0,0,0,0,0,0,0,0,0,0,0,0,0,0,0,0,0,0,0,0,0,0,0,0,0,0,0,0,0,0,0,0,0
"35",0,0,0,0,1,1,1,1,1,1,1,1,1,1,1,1,1,1,1,1,1,0.993700787401575,0.993788819875776,1,1,1,1,1,1,1,1,1,1,1,1,1,0.995268138801262,1,1,1,1,1,1,1,1,1,1,0,0,0,0,0.883572567783094,0.887122416534181,0.889415481832543,0.879204892966361,0.881435257410296,0.873651771956857,0.880434782608696,0.888712241653418,0.885400313971743,0.88390092879257,0.881901840490798,0.877138413685848,0.886996904024768,0.882442748091603,0.888888888888889,0.887345679012346,0.879478827361563,0.888357256778309,0.886762360446571,0.882995319812793,0.8768,0.882896764252696,0.883614088820827,0.891808346213292,0.884126984126984,0.883720930232558,0.886821705426357,0.882445141065831,0.8864,0.890965732087227,0.877086494688923,0.876352395672334,0.886885245901639,0.885220125786163,0.881219903691814,0.878787878787879,0.889408099688474,0.885802469135803,0.882539682539683,0.883076923076923,0.8848,0.8832,0.893376413570275,0.889072847682119,0.883647798742138,0,0,0,0,0,0,0,0,0,0,0,0,0,0,0,0,0,0,0,0,0,0,0,0,0,0,0,0,0,0,0,0,0,0,0,0,0,0,0,0,0,0,0,0,0,0,0,0,0,0,0,0,0,0,0,0,0,0,0,0,0,0,0,0,0,0,0,0,0,0,0,0,0,0,0,0,0,0,0,0,0,0,0,0,0,0,0,0,0,0,0,0,0,0,0,0,0,0,0,0,0,0,0,0,0,0,0,0,0,0,0,0,0,0,0,0,0,0,0,0,0,0,0,0,0,0,0,0,0,0,0,0,0,0,0,0,0,0,0,0,0,0,0,0,0,0,0,0
"36",0,0,0,0,1,1,1,1,1,1,1,1,1,1,1,1,1,1,1,1,1,0.992063492063492,0.992050874403816,1,1,1,1,1,1,1,1,1,1,1,1,1,0.99198717948718,1,1,1,1,1,1,1,1,1,1,0,0,0,0,0.884176182707993,0.887438825448613,0.884984025559105,0.881064162754304,0.886255924170616,0.877777777777778,0.881789137380192,0.883248730964467,0.886035313001605,0.885579937304075,0.881977671451356,0.882075471698113,0.890282131661442,0.885670731707317,0.890675241157556,0.890795631825273,0.882644628099174,0.88474025974026,0.885483870967742,0.886217948717949,0.87987012987013,0.88529886914378,0.886614173228346,0.893416927899687,0.89171974522293,0.885714285714286,0.888540031397174,0.884057971014493,0.885895404120444,0.888540031397174,0.88006230529595,0.875399361022364,0.889072847682119,0.889245585874799,0.889967637540453,0.885993485342019,0.889430894308943,0.887820512820513,0.879084967320261,0.887122416534181,0.88379705400982,0.886762360446571,0.897394136807818,0.888888888888889,0.887987012987013,0,0,0,0,0,0,0,0,0,0,0,0,0,0,0,0,0,0,0,0,0,0,0,0,0,0,0,0,0,0,0,0,0,0,0,0,0,0,0,0,0,0,0,0,0,0,0,0,0,0,0,0,0,0,0,0,0,0,0,0,0,0,0,0,0,0,0,0,0,0,0,0,0,0,0,0,0,0,0,0,0,0,0,0,0,0,0,0,0,0,0,0,0,0,0,0,0,0,0,0,0,0,0,0,0,0,0,0,0,0,0,0,0,0,0,0,0,0,0,0,0,0,0,0,0,0,0,0,0,0,0,0,0,0,0,0,0,0,0,0,0,0,0,0,0,0,0,0
"37",0,0,0,0,0.992,0.991922455573506,0.991974317817014,0.992088607594937,0.992199687987519,0.993827160493827,0.99347471451876,0.99375,0.993720565149137,0.992307692307692,0.993690851735016,0.992223950233281,0.991974317817014,0.993680884676145,0.993740219092332,0.99194847020934,0.993740219092332,1,1,0.991974317817014,0.992199687987519,0.992199687987519,0.992295839753467,0.993527508090615,0.99537037037037,0.992012779552716,0.993640699523052,0.993700787401575,0.992211838006231,0.99537750385208,0.995268138801262,0.99198717948718,1,0.992063492063492,0.996840442338073,0.992150706436421,0.993558776167472,0.993827160493827,0.993640699523052,0.993759750390016,0.993680884676145,0.993640699523052,0.992175273865415,0,0,0,0,0.897271268057785,0.902866242038217,0.902866242038217,0.89041095890411,0.891304347826087,0.889589905362776,0.897674418604651,0.895934959349593,0.899529042386185,0.895638629283489,0.893682588597843,0.894321766561514,0.897709923664122,0.894495412844037,0.898251192368839,0.903726708074534,0.896551724137931,0.897435897435897,0.894654088050314,0.9,0.889776357827476,0.894654088050314,0.897515527950311,0.900466562986003,0.903846153846154,0.895148669796557,0.894984326018809,0.894321766561514,0.893915756630265,0.903125,0.890937019969278,0.889400921658986,0.901639344262295,0.906009244992296,0.890675241157556,0.890499194847021,0.903481012658228,0.893650793650794,0.901273885350318,0.896284829721362,0.897959183673469,0.903276131045242,0.906451612903226,0.899676375404531,0.897394136807818,0,0,0,0,0,0,0,0,0,0,0,0,0,0,0,0,0,0,0,0,0,0,0,0,0,0,0,0,0,0,0,0,0,0,0,0,0,0,0,0,0,0,0,0,0,0,0,0,0,0,0,0,0,0,0,0,0,0,0,0,0,0,0,0,0,0,0,0,0,0,0,0,0,0,0,0,0,0,0,0,0,0,0,0,0,0,0,0,0,0,0,0,0,0,0,0,0,0,0,0,0,0,0,0,0,0,0,0,0,0,0,0,0,0,0,0,0,0,0,0,0,0,0,0,0,0,0,0,0,0,0,0,0,0,0,0,0,0,0,0,0,0,0,0,0,0,0,0
"38",0,0,0,0,1,1,1,1,1,1,1,1,1,1,1,1,1,1,1,1,1,0.990536277602524,0.990445859872611,1,1,1,1,1,1,1,1,1,1,1,1,1,0.992063492063492,1,1,1,1,1,1,1,1,1,1,0,0,0,0,0.891760904684976,0.892913385826772,0.891891891891892,0.887022900763359,0.889235569422777,0.878640776699029,0.889751552795031,0.893790849673203,0.896389324960754,0.892523364485981,0.887147335423197,0.882995319812793,0.894245723172628,0.888719512195122,0.896331738437002,0.898278560250391,0.883683360258481,0.893141945773525,0.888888888888889,0.891167192429022,0.885483870967742,0.886435331230284,0.895061728395062,0.896551724137931,0.896988906497623,0.888540031397174,0.893915756630265,0.888535031847134,0.89171974522293,0.896988906497623,0.885670731707317,0.884012539184953,0.89672131147541,0.894154818325434,0.891760904684976,0.893548387096774,0.898089171974522,0.895638629283489,0.893481717011129,0.893915756630265,0.891338582677165,0.898550724637681,0.904,0.893617021276596,0.890850722311397,0,0,0,0,0,0,0,0,0,0,0,0,0,0,0,0,0,0,0,0,0,0,0,0,0,0,0,0,0,0,0,0,0,0,0,0,0,0,0,0,0,0,0,0,0,0,0,0,0,0,0,0,0,0,0,0,0,0,0,0,0,0,0,0,0,0,0,0,0,0,0,0,0,0,0,0,0,0,0,0,0,0,0,0,0,0,0,0,0,0,0,0,0,0,0,0,0,0,0,0,0,0,0,0,0,0,0,0,0,0,0,0,0,0,0,0,0,0,0,0,0,0,0,0,0,0,0,0,0,0,0,0,0,0,0,0,0,0,0,0,0,0,0,0,0,0,0,0
"39",0,0,0,0,1,1,1,1,1,1,1,1,1,1,1,1,1,1,1,1,1,0.995275590551181,0.995245641838352,1,1,1,1,1,1,1,1,1,1,1,1,1,0.996840442338073,1,1,1,1,1,1,1,1,1,1,0,0,0,0,0.894654088050314,0.891338582677165,0.893987341772152,0.890769230769231,0.890795631825273,0.883096366508689,0.894080996884735,0.894736842105263,0.897674418604651,0.894654088050314,0.890625,0.891472868217054,0.899536321483771,0.889570552147239,0.903328050713154,0.899529042386185,0.890522875816993,0.889776357827476,0.893650793650794,0.8976,0.891056910569106,0.894736842105263,0.894573643410853,0.895800933125972,0.897356143079316,0.893915756630265,0.893249607535322,0.889763779527559,0.896389324960754,0.899068322981366,0.885271317829457,0.884437596302003,0.898858075040783,0.895475819032761,0.89171974522293,0.893719806763285,0.899053627760252,0.893416927899687,0.896,0.896604938271605,0.893890675241158,0.8928,0.906148867313916,0.9,0.896440129449838,0,0,0,0,0,0,0,0,0,0,0,0,0,0,0,0,0,0,0,0,0,0,0,0,0,0,0,0,0,0,0,0,0,0,0,0,0,0,0,0,0,0,0,0,0,0,0,0,0,0,0,0,0,0,0,0,0,0,0,0,0,0,0,0,0,0,0,0,0,0,0,0,0,0,0,0,0,0,0,0,0,0,0,0,0,0,0,0,0,0,0,0,0,0,0,0,0,0,0,0,0,0,0,0,0,0,0,0,0,0,0,0,0,0,0,0,0,0,0,0,0,0,0,0,0,0,0,0,0,0,0,0,0,0,0,0,0,0,0,0,0,0,0,0,0,0,0,0
"40",0,0,0,0,1,1,1,1,1,1,1,1,1,1,1,1,1,1,1,1,1,0.99075500770416,0.990536277602524,1,1,1,1,1,1,1,1,1,1,1,1,1,0.992150706436421,1,1,1,1,1,1,1,1,1,1,0,0,0,0,0.878787878787879,0.884676145339652,0.884735202492212,0.880368098159509,0.879499217527387,0.872641509433962,0.884322678843227,0.884984025559105,0.886328725038402,0.882352941176471,0.878461538461539,0.873831775700935,0.886328725038402,0.88030303030303,0.893353941267388,0.887519260400616,0.883942766295707,0.884194053208138,0.882995319812793,0.887658227848101,0.877358490566038,0.880551301684533,0.885145482388974,0.89060092449923,0.887323943661972,0.885670731707317,0.888198757763975,0.880314960629921,0.884375,0.888036809815951,0.875766871165644,0.870967741935484,0.885668276972625,0.889763779527559,0.883942766295707,0.881028938906752,0.889589905362776,0.884012539184953,0.876404494382023,0.886328725038402,0.884615384615385,0.887345679012346,0.8944,0.889802631578947,0.888364779874214,0,0,0,0,0,0,0,0,0,0,0,0,0,0,0,0,0,0,0,0,0,0,0,0,0,0,0,0,0,0,0,0,0,0,0,0,0,0,0,0,0,0,0,0,0,0,0,0,0,0,0,0,0,0,0,0,0,0,0,0,0,0,0,0,0,0,0,0,0,0,0,0,0,0,0,0,0,0,0,0,0,0,0,0,0,0,0,0,0,0,0,0,0,0,0,0,0,0,0,0,0,0,0,0,0,0,0,0,0,0,0,0,0,0,0,0,0,0,0,0,0,0,0,0,0,0,0,0,0,0,0,0,0,0,0,0,0,0,0,0,0,0,0,0,0,0,0,0
"41",0,0,0,0,1,1,1,1,1,1,1,1,1,1,1,1,1,1,1,1,1,0.992138364779874,0.991961414790997,1,1,1,1,1,1,1,1,1,1,1,1,1,0.993558776167472,1,1,1,1,1,1,1,1,1,1,0,0,0,0,0.889952153110048,0.889245585874799,0.8848,0.888036809815951,0.881141045958796,0.876221498371335,0.885758998435055,0.884176182707993,0.890322580645161,0.892744479495268,0.882352941176471,0.884430176565008,0.89010989010989,0.8859375,0.896496815286624,0.89047619047619,0.881863560732113,0.888888888888889,0.889967637540453,0.887658227848101,0.883306320907618,0.879614767255217,0.887323943661972,0.8953125,0.894321766561514,0.883096366508689,0.888198757763975,0.884057971014493,0.890322580645161,0.894488188976378,0.877138413685848,0.881889763779528,0.89016393442623,0.891547049441786,0.884430176565008,0.886885245901639,0.888349514563107,0.88871473354232,0.885483870967742,0.886435331230284,0.886217948717949,0.891891891891892,0.897893030794165,0.892384105960265,0.883870967741936,0,0,0,0,0,0,0,0,0,0,0,0,0,0,0,0,0,0,0,0,0,0,0,0,0,0,0,0,0,0,0,0,0,0,0,0,0,0,0,0,0,0,0,0,0,0,0,0,0,0,0,0,0,0,0,0,0,0,0,0,0,0,0,0,0,0,0,0,0,0,0,0,0,0,0,0,0,0,0,0,0,0,0,0,0,0,0,0,0,0,0,0,0,0,0,0,0,0,0,0,0,0,0,0,0,0,0,0,0,0,0,0,0,0,0,0,0,0,0,0,0,0,0,0,0,0,0,0,0,0,0,0,0,0,0,0,0,0,0,0,0,0,0,0,0,0,0,0
"42",0,0,0,0,1,1,1,1,1,1,1,1,1,1,1,1,1,1,1,1,1,0.993865030674847,0.993893129770992,1,1,1,1,1,1,1,1,1,1,1,1,1,0.993827160493827,1,1,1,1,1,1,1,1,1,1,0,0,0,0,0.888386123680241,0.889230769230769,0.892424242424242,0.885416666666667,0.887387387387387,0.88030303030303,0.887708649468892,0.893481717011129,0.887519260400616,0.89039039039039,0.885542168674699,0.884969325153374,0.895770392749245,0.890044576523031,0.895384615384615,0.891238670694864,0.888357256778309,0.889922480620155,0.891768292682927,0.887864823348694,0.883359253499222,0.886363636363636,0.892697466467958,0.895770392749245,0.895545314900154,0.89039039039039,0.890060240963855,0.888549618320611,0.889751552795031,0.895454545454546,0.882005899705015,0.884210526315789,0.891547049441786,0.896656534954407,0.891808346213292,0.884914463452566,0.893129770992366,0.890076335877863,0.891135303265941,0.885714285714286,0.891304347826087,0.892141756548536,0.898119122257053,0.894060995184591,0.88785046728972,0,0,0,0,0,0,0,0,0,0,0,0,0,0,0,0,0,0,0,0,0,0,0,0,0,0,0,0,0,0,0,0,0,0,0,0,0,0,0,0,0,0,0,0,0,0,0,0,0,0,0,0,0,0,0,0,0,0,0,0,0,0,0,0,0,0,0,0,0,0,0,0,0,0,0,0,0,0,0,0,0,0,0,0,0,0,0,0,0,0,0,0,0,0,0,0,0,0,0,0,0,0,0,0,0,0,0,0,0,0,0,0,0,0,0,0,0,0,0,0,0,0,0,0,0,0,0,0,0,0,0,0,0,0,0,0,0,0,0,0,0,0,0,0,0,0,0,0
"43",0,0,0,0,1,1,1,1,1,1,1,1,1,1,1,1,1,1,1,1,1,0.992295839753467,0.992295839753467,1,1,1,1,1,1,1,1,1,1,1,1,1,0.993640699523052,1,1,1,1,1,1,1,1,1,1,0,0,0,0,0.886075949367089,0.88871473354232,0.884493670886076,0.884969325153374,0.882995319812793,0.88125,0.887366818873668,0.893650793650794,0.887171561051005,0.888888888888889,0.883861236802413,0.887519260400616,0.896284829721362,0.890076335877863,0.899212598425197,0.894573643410853,0.88474025974026,0.886762360446571,0.89375,0.890995260663507,0.880382775119617,0.8859375,0.889400921658986,0.898753894080997,0.894984326018809,0.889580093312597,0.891238670694864,0.888198757763975,0.8921875,0.889235569422777,0.882621951219512,0.88006230529595,0.896,0.891338582677165,0.888712241653418,0.888357256778309,0.894573643410853,0.884735202492212,0.891679748822606,0.88646967340591,0.888540031397174,0.8928,0.899841017488076,0.898058252427185,0.89047619047619,0,0,0,0,0,0,0,0,0,0,0,0,0,0,0,0,0,0,0,0,0,0,0,0,0,0,0,0,0,0,0,0,0,0,0,0,0,0,0,0,0,0,0,0,0,0,0,0,0,0,0,0,0,0,0,0,0,0,0,0,0,0,0,0,0,0,0,0,0,0,0,0,0,0,0,0,0,0,0,0,0,0,0,0,0,0,0,0,0,0,0,0,0,0,0,0,0,0,0,0,0,0,0,0,0,0,0,0,0,0,0,0,0,0,0,0,0,0,0,0,0,0,0,0,0,0,0,0,0,0,0,0,0,0,0,0,0,0,0,0,0,0,0,0,0,0,0,0
"44",0,0,0,0,1,1,1,1,1,1,1,1,1,1,1,1,1,1,1,1,1,0.992331288343558,0.992307692307692,1,1,1,1,1,1,1,1,1,1,1,1,1,0.993759750390016,1,1,1,1,1,1,1,1,1,1,0,0,0,0,0.892575039494471,0.899686520376176,0.893650793650794,0.895612708018154,0.895061728395062,0.89060092449923,0.894736842105263,0.897394136807818,0.893682588597843,0.891640866873065,0.89060092449923,0.891135303265941,0.898021308980213,0.8910741301059,0.898894154818325,0.899068322981366,0.892682926829268,0.893481717011129,0.89358372456964,0.899843505477308,0.890995260663507,0.894899536321484,0.896923076923077,0.901840490797546,0.900473933649289,0.892802450229709,0.895384615384615,0.893416927899687,0.894171779141104,0.894573643410853,0.89041095890411,0.888544891640867,0.8992,0.901716068642746,0.894819466248038,0.898251192368839,0.896713615023474,0.893846153846154,0.892234548335975,0.89618320610687,0.899529042386185,0.898753894080997,0.905660377358491,0.900958466453674,0.892744479495268,0,0,0,0,0,0,0,0,0,0,0,0,0,0,0,0,0,0,0,0,0,0,0,0,0,0,0,0,0,0,0,0,0,0,0,0,0,0,0,0,0,0,0,0,0,0,0,0,0,0,0,0,0,0,0,0,0,0,0,0,0,0,0,0,0,0,0,0,0,0,0,0,0,0,0,0,0,0,0,0,0,0,0,0,0,0,0,0,0,0,0,0,0,0,0,0,0,0,0,0,0,0,0,0,0,0,0,0,0,0,0,0,0,0,0,0,0,0,0,0,0,0,0,0,0,0,0,0,0,0,0,0,0,0,0,0,0,0,0,0,0,0,0,0,0,0,0,0
"45",0,0,0,0,1,1,1,1,1,1,1,1,1,1,1,1,1,1,1,1,1,0.992331288343558,0.992223950233281,1,1,1,1,1,1,1,1,1,1,1,1,1,0.993680884676145,1,1,1,1,1,1,1,1,1,1,0,0,0,0,0.890822784810127,0.8953125,0.887323943661972,0.890076335877863,0.888198757763975,0.882911392405063,0.888208269525268,0.891410048622366,0.893129770992366,0.889408099688474,0.88597842835131,0.885220125786163,0.891271056661562,0.886018237082067,0.896284829721362,0.894171779141104,0.881410256410256,0.89171974522293,0.890822784810127,0.889763779527559,0.886075949367089,0.888372093023256,0.891104294478528,0.898484848484848,0.893682588597843,0.890076335877863,0.89247311827957,0.886115444617785,0.893416927899687,0.895545314900154,0.882706766917293,0.884146341463415,0.894991922455573,0.894409937888199,0.886435331230284,0.8875,0.895148669796557,0.890262751159196,0.887323943661972,0.888549618320611,0.892913385826772,0.896604938271605,0.8984375,0.894230769230769,0.894080996884735,0,0,0,0,0,0,0,0,0,0,0,0,0,0,0,0,0,0,0,0,0,0,0,0,0,0,0,0,0,0,0,0,0,0,0,0,0,0,0,0,0,0,0,0,0,0,0,0,0,0,0,0,0,0,0,0,0,0,0,0,0,0,0,0,0,0,0,0,0,0,0,0,0,0,0,0,0,0,0,0,0,0,0,0,0,0,0,0,0,0,0,0,0,0,0,0,0,0,0,0,0,0,0,0,0,0,0,0,0,0,0,0,0,0,0,0,0,0,0,0,0,0,0,0,0,0,0,0,0,0,0,0,0,0,0,0,0,0,0,0,0,0,0,0,0,0,0,0
"46",0,0,0,0,1,1,1,1,1,1,1,1,1,1,1,1,1,1,1,1,1,0.992236024844721,0.992260061919505,1,1,1,1,1,1,1,1,1,1,1,1,1,0.993640699523052,1,1,1,1,1,1,1,1,1,1,0,0,0,0,0.879227053140097,0.88871473354232,0.885714285714286,0.880804953560371,0.880434782608696,0.874203821656051,0.880314960629921,0.881383855024712,0.882352941176471,0.882995319812793,0.877329192546584,0.876160990712074,0.887345679012346,0.877675840978593,0.885579937304075,0.884792626728111,0.879674796747967,0.881028938906752,0.882725832012678,0.888357256778309,0.874183006535948,0.882629107981221,0.884615384615385,0.881804043545879,0.889937106918239,0.878274268104777,0.882352941176471,0.87519747235387,0.882539682539683,0.886255924170616,0.872919818456883,0.877112135176651,0.885993485342019,0.890127388535032,0.884858044164038,0.881219903691814,0.885220125786163,0.884914463452566,0.881889763779528,0.88006230529595,0.87987012987013,0.886435331230284,0.8944,0.889256198347107,0.88,0,0,0,0,0,0,0,0,0,0,0,0,0,0,0,0,0,0,0,0,0,0,0,0,0,0,0,0,0,0,0,0,0,0,0,0,0,0,0,0,0,0,0,0,0,0,0,0,0,0,0,0,0,0,0,0,0,0,0,0,0,0,0,0,0,0,0,0,0,0,0,0,0,0,0,0,0,0,0,0,0,0,0,0,0,0,0,0,0,0,0,0,0,0,0,0,0,0,0,0,0,0,0,0,0,0,0,0,0,0,0,0,0,0,0,0,0,0,0,0,0,0,0,0,0,0,0,0,0,0,0,0,0,0,0,0,0,0,0,0,0,0,0,0,0,0,0,0
"47",0,0,0,0,1,1,1,1,1,1,1,1,1,1,1,1,1,1,1,1,1,0.990726429675425,0.990726429675425,1,1,1,1,1,1,1,1,1,1,1,1,1,0.992175273865415,1,1,1,1,1,1,1,1,1,1,0,0,0,0,0.889589905362776,0.894080996884735,0.892141756548536,0.883614088820827,0.886645962732919,0.882352941176471,0.885625965996909,0.891760904684976,0.896341463414634,0.892307692307692,0.882262996941896,0.886292834890966,0.894009216589862,0.889057750759878,0.900943396226415,0.897081413210445,0.885483870967742,0.890302066772655,0.890795631825273,0.892018779342723,0.879365079365079,0.883359253499222,0.893072289156627,0.897515527950311,0.896389324960754,0.885758998435055,0.892966360856269,0.888540031397174,0.890453834115806,0.891135303265941,0.880733944954128,0.880368098159509,0.891547049441786,0.896062992125984,0.888712241653418,0.888357256778309,0.891849529780564,0.888888888888889,0.886792452830189,0.886328725038402,0.888188976377953,0.899212598425197,0.901273885350318,0.897058823529412,0.895238095238095,0,0,0,0,0,0,0,0,0,0,0,0,0,0,0,0,0,0,0,0,0,0,0,0,0,0,0,0,0,0,0,0,0,0,0,0,0,0,0,0,0,0,0,0,0,0,0,0,0,0,0,0,0,0,0,0,0,0,0,0,0,0,0,0,0,0,0,0,0,0,0,0,0,0,0,0,0,0,0,0,0,0,0,0,0,0,0,0,0,0,0,0,0,0,0,0,0,0,0,0,0,0,0,0,0,0,0,0,0,0,0,0,0,0,0,0,0,0,0,0,0,0,0,0,0,0,0,0,0,0,0,0,0,0,0,0,0,0,0,0,0,0,0,0,0,0,0,0
"48",1,1,1,1,0,0,0,0,0,0,0,0,0,0,0,0,0,0,0,0,0,0,0,0,0,0,0,0,0,0,0,0,0,0,0,0,0,0,0,0,0,0,0,0,0,0,0,1,1,1,1,0,0,0,0,0,0,0,0,0,0,0,0,0,0,0,0,0,0,0,0,0,0,0,0,0,0,0,0,0,0,0,0,0,0,0,0,0,0,0,0,0,0,0,0,0,1,0.188059701492537,0.0990712074303406,0.0816326530612245,0.0928462709284627,0.910518053375196,0.99388379204893,0.998456790123457,0.158610271903323,0.887905604719764,0.0986547085201794,0.131782945736434,0.76271186440678,0.7203125,1,0.317557251908397,0.085972850678733,0.130105900151286,0.12111801242236,1,0.986238532110092,0.0934150076569678,0.266558966074313,0.995327102803738,0.0976744186046512,1,0.0938511326860841,1,0.105990783410138,0.188383045525903,0.0893939393939394,1,0.0945945945945946,0.220211161387632,0.989164086687306,0.291729323308271,0.907294832826748,0.0913173652694611,0.996884735202492,0.0840978593272171,0.162406015037594,0.902140672782875,0.25920245398773,0.253499222395023,1,0.99388379204893,0.085672082717873,0.187599364069952,0.197492163009404,0.100931677018634,0.104294478527607,1,0.25226586102719,0.990881458966565,0.0852713178294574,1,0.991017964071856,0.0933125972006221,0.140060240963855,1,0.110429447852761,0.755417956656347,0.188650306748466,0.0911901081916538,1,1,0.129770992366412,0.0889570552147239,0.0950226244343891,1,0.996875,0.0848484848484849,0.0941358024691358,0.0976744186046512,0.998468606431853,0.0928462709284627,0.998449612403101,0.996913580246914,0.581464872944694,0.0922844175491679,0.286786786786787,0.261834319526627,1,0.212074303405573,0.705882352941177,0.211800302571861,0.996860282574568,0.747747747747748,1,0.0952380952380952,0.0955993930197269,0.959627329192547,0.997041420118343,0.918918918918919,0.0898021308980213,0.0949464012251149,0.711684370257967,0.0888529886914378,0.188473520249221,0.095952023988006,1,1,0.989147286821705,0.54,1,0.0987654320987654,1,0.989489489489489,0.998463901689708,0.75625,0.0978593272171254,0.191950464396285,0.0876923076923077,0.974358974358974,0.969278033794163,0.784638554216867,0.0853658536585366,0.0877458396369138,0.10126582278481,0.715994020926756,0.0833333333333333,0.71969696969697,0.975535168195719,1,0.758308157099698,0.126696832579186,1,0.834087481146305,0.173374613003096,1,1,0.135384615384615,0.221169036334913,0.17593984962406,1,0.0867579908675799,0.998489425981873,0.0922844175491679,0.257229832572298,0.106317411402157,1,0.291540785498489,0.989180834621329,0.087218045112782,1,1,0.0870870870870871,0.0996884735202492
"49",1,1,1,1,0,0,0,0,0,0,0,0,0,0,0,0,0,0,0,0,0,0,0,0,0,0,0,0,0,0,0,0,0,0,0,0,0,0,0,0,0,0,0,0,0,0,0,1,1,1,1,0,0,0,0,0,0,0,0,0,0,0,0,0,0,0,0,0,0,0,0,0,0,0,0,0,0,0,0,0,0,0,0,0,0,0,0,0,0,0,0,0,0,0,0,0,1,0.19311377245509,0.1112828438949,0.0880503144654088,0.0950920245398773,0.90952380952381,0.993817619783617,0.998439937597504,0.162826420890937,0.8910741301059,0.108108108108108,0.143518518518519,0.76625386996904,0.738654147104851,1,0.323664122137405,0.0920060331825038,0.144157814871017,0.123853211009174,1,0.987878787878788,0.102446483180428,0.265139116202946,0.995305164319249,0.10625,1,0.102893890675241,1,0.116640746500778,0.195618153364632,0.0995475113122172,1,0.104633781763827,0.221385542168675,0.990683229813665,0.292974588938714,0.910876132930514,0.103759398496241,0.998410174880763,0.0914634146341463,0.172619047619048,0.900914634146341,0.269230769230769,0.252307692307692,1,0.993948562783661,0.0962962962962963,0.194006309148265,0.194401244167963,0.110591900311526,0.111280487804878,1,0.257396449704142,0.99075500770416,0.0903426791277259,1,0.989505247376312,0.103395061728395,0.156060606060606,1,0.116923076923077,0.766975308641975,0.197183098591549,0.0982839313572543,1,1,0.138461538461538,0.102009273570325,0.103448275862069,1,0.996889580093313,0.0921450151057402,0.0998415213946117,0.105919003115265,0.998493975903614,0.0958904109589041,0.998459167950693,0.996889580093313,0.596676737160121,0.0941358024691358,0.285074626865672,0.262536873156342,1,0.212538226299694,0.713607594936709,0.212990936555891,0.998407643312102,0.753869969040248,1,0.103286384976526,0.103975535168196,0.966257668711656,0.997005988023952,0.923076923076923,0.0974512743628186,0.10061919504644,0.721109399075501,0.0976,0.188180404354588,0.0980392156862745,1,1,0.986153846153846,0.541085271317829,1,0.104294478527607,1,0.987951807228916,0.998454404945904,0.753918495297806,0.0975975975975976,0.195924764890282,0.0992248062015504,0.977238239757208,0.972519083969466,0.768768768768769,0.089644513137558,0.0918836140888208,0.107765451664025,0.723146747352496,0.0966257668711656,0.728658536585366,0.974006116207951,1,0.769461077844311,0.13767019667171,1,0.832835820895522,0.175115207373272,1,1,0.1421875,0.225908372827804,0.182503770739065,1,0.0941704035874439,0.998507462686567,0.104229607250755,0.25609756097561,0.113323124042879,1,0.294117647058824,0.989180834621329,0.102760736196319,1,1,0.101515151515152,0.10989010989011
"50",1,1,1,1,0,0,0,0,0,0,0,0,0,0,0,0,0,0,0,0,0,0,0,0,0,0,0,0,0,0,0,0,0,0,0,0,0,0,0,0,0,0,0,0,0,0,0,1,1,1,1,0,0,0,0,0,0,0,0,0,0,0,0,0,0,0,0,0,0,0,0,0,0,0,0,0,0,0,0,0,0,0,0,0,0,0,0,0,0,0,0,0,0,0,0,0,1,0.187599364069952,0.101777059773829,0.0892561983471074,0.0998389694041868,0.915841584158416,0.9967585089141,1,0.158576051779935,0.899843505477308,0.106583072100313,0.155629139072848,0.778861788617886,0.733660130718954,1,0.324492979719189,0.0907668231611894,0.14171974522293,0.13365539452496,1,0.990445859872611,0.0988835725677831,0.278632478632479,0.996753246753247,0.108196721311475,1,0.0929054054054054,1,0.119935170178282,0.190713101160862,0.0998415213946117,1,0.105015673981191,0.232484076433121,0.990338164251208,0.28503937007874,0.913183279742765,0.0961538461538462,0.996699669966997,0.0920634920634921,0.1734375,0.910112359550562,0.261980830670927,0.263414634146341,1,0.996815286624204,0.088785046728972,0.2,0.195723684210526,0.108374384236453,0.108414239482201,1,0.269108280254777,0.988486842105263,0.0804597701149425,1,0.988727858293076,0.0983870967741935,0.151273885350318,1,0.114467408585056,0.759289176090469,0.199029126213592,0.0936995153473344,1,1,0.140293637846656,0.0963081861958267,0.0989010989010989,1,0.998355263157895,0.0842787682333874,0.090311986863711,0.101307189542484,0.998381877022654,0.0963665086887836,0.996747967479675,0.995090016366612,0.595611285266458,0.0930979133226324,0.296062992125984,0.259433962264151,1,0.214052287581699,0.711475409836066,0.224842767295597,0.996610169491525,0.744336569579288,1,0.099025974025974,0.102106969205835,0.961290322580645,0.99537750385208,0.932601880877743,0.090032154340836,0.101286173633441,0.715890850722311,0.0998307952622673,0.188834154351396,0.100470957613815,1,1,0.985197368421053,0.546341463414634,1,0.106280193236715,1,0.987158908507223,0.998394863563403,0.755813953488372,0.104333868378812,0.19281045751634,0.0912,0.982371794871795,0.980676328502415,0.797147385103011,0.0943089430894309,0.0882825040128411,0.10655737704918,0.719354838709677,0.0966719492868463,0.724683544303797,0.974068071312804,1,0.762578616352201,0.138436482084691,1,0.84310618066561,0.187601957585644,1,1,0.142620232172471,0.247457627118644,0.191869918699187,1,0.0907643312101911,1,0.0914927768860353,0.2508038585209,0.108414239482201,1,0.290584415584416,0.986970684039088,0.0944,1,1,0.0948553054662379,0.101836393989983
"51",1,1,1,1,0,0,0,0,0,0,0,0,0,0,0,0,0,0,0,0,0,0,0,0,0,0,0,0,0,0,0,0,0,0,0,0,0,0,0,0,0,0,0,0,0,0,0,1,1,1,1,0,0,0,0,0,0,0,0,0,0,0,0,0,0,0,0,0,0,0,0,0,0,0,0,0,0,0,0,0,0,0,0,0,0,0,0,0,0,0,0,0,0,0,0,0,1,0.176744186046512,0.0996784565916399,0.0891410048622366,0.0914927768860353,0.903225806451613,0.993610223642173,0.998376623376623,0.1568,0.888888888888889,0.103286384976526,0.133870967741935,0.763285024154589,0.743589743589744,1,0.322169059011164,0.0909090909090909,0.1375,0.121019108280255,1,0.985691573926868,0.0966183574879227,0.272277227722772,0.996742671009772,0.106451612903226,1,0.0940594059405941,1,0.111111111111111,0.1936,0.0959119496855346,1,0.0995260663507109,0.224842767295597,0.987034035656402,0.278033794162826,0.898089171974522,0.096875,0.996763754045307,0.0818619582664527,0.172413793103448,0.888349514563107,0.251956181533646,0.252019386106624,1,0.993730407523511,0.0916030534351145,0.197115384615385,0.194174757281553,0.109324758842444,0.106796116504854,1,0.255485893416928,0.988691437802908,0.0922330097087379,1,0.99203821656051,0.0944,0.148499210110585,1,0.108974358974359,0.771929824561403,0.197431781701445,0.0933977455716586,1,1,0.1248,0.0925039872408294,0.10077519379845,1,0.996768982229402,0.0856697819314642,0.0967213114754098,0.102941176470588,0.998387096774194,0.093167701863354,0.996794871794872,0.995121951219512,0.572100313479624,0.0909090909090909,0.287066246056782,0.263803680981595,1,0.213703099510604,0.728314238952537,0.223809523809524,0.99673735725938,0.761290322580645,1,0.0961538461538462,0.0976,0.955766192733017,0.99537750385208,0.913793103448276,0.0937996820349762,0.103610675039246,0.736176935229068,0.09688013136289,0.185667752442997,0.0970724191063174,1,1,0.984152139461173,0.537720706260032,1,0.107424960505529,1,0.988958990536278,0.996805111821086,0.766721044045677,0.095389507154213,0.187396351575456,0.0958466453674121,0.978294573643411,0.972624798711755,0.761006289308176,0.0896,0.0903328050713154,0.107794361525705,0.730586370839937,0.0904761904761905,0.735433070866142,0.976415094339623,1,0.773993808049536,0.137984496124031,1,0.8234375,0.167987321711569,1,1,0.135922330097087,0.22824302134647,0.186520376175549,1,0.0904836193447738,0.998444790046656,0.0940988835725678,0.252019386106624,0.105431309904153,1,0.280254777070064,0.988745980707395,0.100931677018634,1,1,0.0996835443037975,0.103392568659128
"52",0,0,0,0,0.891025641025641,0.883757961783439,0.890499194847021,0.889235569422777,0.889922480620155,0.886075949367089,0.888349514563107,0.888372093023256,0.888364779874214,0.880503144654088,0.891167192429022,0.892355694227769,0.889245585874799,0.885400313971743,0.88503937007874,0.881685575364668,0.881064162754304,0.89968152866242,0.904088050314465,0.882258064516129,0.879443585780526,0.892018779342723,0.894409937888199,0.888168557536467,0.898305084745763,0.892156862745098,0.895545314900154,0.8912,0.876386687797147,0.892575039494471,0.883572567783094,0.884176182707993,0.897271268057785,0.891760904684976,0.894654088050314,0.878787878787879,0.889952153110048,0.888386123680241,0.886075949367089,0.892575039494471,0.890822784810127,0.879227053140097,0.889589905362776,0,0,0,0,1,0.995260663507109,0.998427672955975,1,1,1,1,1,1,1,1,1,1,1,1,1,1,1,1,1,1,1,1,1,1,1,1,1,1,1,1,1,1,1,1,1,1,1,1,1,1,1,1,1,1,0,0,0,0,0,0,0,0,0,0,0,0,0,0,0,0,0,0,0,0,0,0,0,0,0,0,0,0,0,0,0,0,0,0,0,0,0,0,0,0,0,0,0,0,0,0,0,0,0,0,0,0,0,0,0,0,0,0,0,0,0,0,0,0,0,0,0,0,0,0,0,0,0,0,0,0,0,0,0,0,0,0,0,0,0,0,0,0,0,0,0,0,0,0,0,0,0,0,0,0,0,0,0,0,0,0,0,0,0,0,0,0,0,0,0,0,0,0,0,0,0,0,0,0,0,0,0,0,0,0,0,0,0,0,0,0,0,0,0,0,0,0,0,0,0,0,0,0
"53",0,0,0,0,0.892455858747994,0.88801261829653,0.88562091503268,0.890822784810127,0.892575039494471,0.89358372456964,0.888888888888889,0.893353941267388,0.892690513219285,0.883720930232558,0.892405063291139,0.896062992125984,0.888540031397174,0.891304347826087,0.8828125,0.887622149837134,0.883830455259027,0.90527950310559,0.905572755417957,0.885350318471338,0.883464566929134,0.895833333333333,0.895705521472393,0.888341543513957,0.897515527950311,0.89792663476874,0.890822784810127,0.897151898734177,0.880952380952381,0.893023255813953,0.887122416534181,0.887438825448613,0.902866242038217,0.892913385826772,0.891338582677165,0.884676145339652,0.889245585874799,0.889230769230769,0.88871473354232,0.899686520376176,0.8953125,0.88871473354232,0.894080996884735,0,0,0,0,0.995260663507109,1,1,0.995440729483283,0.995334370139969,0.995245641838352,0.995341614906832,0.995169082125604,0.9953125,0.995363214837713,0.996937212863706,0.996894409937888,0.996927803379416,0.998463901689708,0.996784565916399,0.9953125,0.998371335504886,0.996805111821086,0.998425196850394,0.996840442338073,0.996784565916399,0.998425196850394,0.995447647951442,0.995327102803738,0.995305164319249,0.998454404945904,0.995433789954338,0.995268138801262,0.995245641838352,0.998444790046656,0.99537037037037,0.995341614906832,0.996742671009772,0.995334370139969,0.996835443037975,0.996784565916399,0.996835443037975,0.996850393700787,0.995207667731629,0.996904024767802,0.9952,0.995305164319249,0.996779388083736,0.995090016366612,0.996850393700787,0,0.00309119010819165,0.00314465408805031,0.00486223662884927,0.00315955766192733,0,0,0,0.00470957613814757,0,0.00462249614791988,0.00478468899521531,0,0.00160513643659711,0,0.0046656298600311,0.0046875,0.00155763239875389,0.00471698113207547,0,0,0.00313971742543171,0.005,0,0.00479233226837061,0,0.00328947368421053,0,0.00470219435736677,0.0032,0.00465116279069767,0,0.00462249614791988,0.00309597523219814,0,0.00453857791225416,0.0015625,0.0015600624024961,0,0.00470219435736677,0.0031055900621118,0.0015600624024961,0.00465116279069767,0.00470957613814757,0,0,0.00458715596330275,0.00486223662884927,0.00318471337579618,0.00483091787439614,0.00469483568075117,0,0.00460829493087558,0,0,0,0,0.00478468899521531,0.00313971742543171,0,0.00474683544303797,0.0016,0.00158227848101266,0.00159489633173844,0,0,0.00471698113207547,0.00473186119873817,0.0031055900621118,0,0,0.00469483568075117,0.00320512820512821,0.00159489633173844,0,0.0046583850931677,0,0,0.00305810397553517,0.00154798761609907,0.00307692307692308,0.0030441400304414,0,0.00475435816164818,0,0.00309597523219814,0,0,0,0.004739336492891,0.00153374233128834,0.00155038759689922,0,0.00154320987654321,0.00471698113207547,0.00313971742543171,0.00155038759689922,0.00492610837438424,0.004739336492891,0.00307692307692308,0,0,0,0,0,0.00464396284829721,0,0,0,0.00160513643659711,0.00462962962962963,0.00316455696202532,0.00474683544303797,0,0,0.00309597523219814,0.00314465408805031,0.00471698113207547,0.00323101777059774,0.00155763239875389,0.0046656298600311,0.00156494522691706,0,0,0.0015527950310559,0.00469483568075117,0,0,0.00158227848101266,0,0,0.00486223662884927,0.00488599348534202,0.00462249614791988,0,0.00470957613814757,0,0.0015600624024961,0.004739336492891,0.0031104199066874,0,0.00316455696202532,0,0.0046656298600311,0,0,0.0046656298600311,0.00160513643659711
"54",0,0,0,0,0.894321766561514,0.884194053208138,0.889067524115756,0.8890625,0.890995260663507,0.891304347826087,0.88780487804878,0.890092879256966,0.878930817610063,0.884615384615385,0.890302066772655,0.88871473354232,0.890127388535032,0.888540031397174,0.885579937304075,0.882636655948553,0.881219903691814,0.898753894080997,0.90809968847352,0.884984025559105,0.880952380952381,0.892857142857143,0.894736842105263,0.88379705400982,0.894333843797856,0.889067524115756,0.895638629283489,0.889776357827476,0.880503144654088,0.891338582677165,0.889415481832543,0.884984025559105,0.902866242038217,0.891891891891892,0.893987341772152,0.884735202492212,0.8848,0.892424242424242,0.884493670886076,0.893650793650794,0.887323943661972,0.885714285714286,0.892141756548536,0,0,0,0,0.998427672955975,1,1,0.998449612403101,0.998452012383901,0.9984,0.998435054773083,0.998397435897436,0.998454404945904,0.998454404945904,0.998444790046656,1,0.998468606431853,1,0.998427672955975,0.998430141287284,1,0.998427672955975,1,1,0.998384491114701,1,0.998461538461539,0.998449612403101,0.998422712933754,0.998432601880878,0.998417721518987,0.998417721518987,0.998397435897436,1,0.998456790123457,0.998439937597504,0.998405103668262,0.998427672955975,0.998422712933754,0.998394863563403,0.9984375,0.998427672955975,0.998402555910543,0.998454404945904,0.998417721518987,0.998407643312102,0.9984,0.998366013071895,0.998394863563403,0,0.00154320987654321,0.00158730158730159,0.00163132137030995,0,0,0,0,0.00155763239875389,0,0.00154083204930663,0.00158478605388273,0,0.00161550888529887,0,0.00154083204930663,0.00155763239875389,0.0015552099533437,0.00157728706624606,0,0,0,0.00167785234899329,0,0.00159744408945687,0,0,0,0.00158982511923688,0,0.00154798761609907,0,0.00156985871271586,0.0015527950310559,0,0.00150602409638554,0.00158478605388273,0,0,0.00156985871271586,0.00154083204930663,0.00158227848101266,0.0015625,0.00158730158730159,0,0,0.00151057401812689,0.00163132137030995,0.0015748031496063,0.0016025641025641,0.00157977883096367,0,0.00153609831029186,0,0,0,0,0.00159744408945687,0,0,0.00158478605388273,0.00159235668789809,0,0.00155763239875389,0,0,0.0015748031496063,0.0015625,0.0015552099533437,0,0,0.00157977883096367,0.00159744408945687,0,0,0.0015527950310559,0,0,0.00153846153846154,0.00154083204930663,0.0015220700152207,0.00153374233128834,0,0.00158227848101266,0,0.0015552099533437,0,0,0,0.00160513643659711,0,0.00158730158730159,0,0.0015748031496063,0.00155038759689922,0,0.00155763239875389,0.00163398692810458,0.00160513643659711,0,0,0,0,0,0,0.0015600624024961,0,0,0,0.00161550888529887,0.00154798761609907,0,0.00157232704402516,0,0,0.00155038759689922,0.00158730158730159,0.00160513643659711,0,0.00156494522691706,0.00156494522691706,0.00153846153846154,0,0,0.00153374233128834,0.00155038759689922,0,0,0,0,0,0.00161030595813205,0.00161550888529887,0.0015600624024961,0,0.00157728706624606,0,0,0.00158982511923688,0.00156494522691706,0,0.00155038759689922,0,0.00156494522691706,0,0,0.00151975683890578,0.00160771704180064
"55",0,0,0,0,0.8887171561051,0.879756468797565,0.880314960629921,0.892424242424242,0.88455772113943,0.888719512195122,0.887301587301587,0.887724550898204,0.886363636363636,0.879699248120301,0.886056971514243,0.886363636363636,0.889400921658986,0.884498480243161,0.88030303030303,0.881703470031546,0.875192604006163,0.895833333333333,0.897435897435897,0.885496183206107,0.879518072289157,0.88622754491018,0.892053973013493,0.884555382215289,0.892053973013493,0.884914463452566,0.888198757763975,0.884792626728111,0.875957120980092,0.885369532428356,0.879204892966361,0.881064162754304,0.89041095890411,0.887022900763359,0.890769230769231,0.880368098159509,0.888036809815951,0.885416666666667,0.884969325153374,0.895612708018154,0.890076335877863,0.880804953560371,0.883614088820827,0,0,0,0,1,0.995440729483283,0.998449612403101,1,1,1,1,1,1,1,1,1,1,1,1,1,1,1,1,1,1,1,1,1,1,1,1,1,1,1,1,1,1,1,1,1,1,1,1,1,1,1,1,1,1,0,0,0,0,0,0,0,0,0,0,0,0,0,0,0,0,0,0,0,0,0,0,0,0,0,0,0,0,0,0,0,0,0,0,0,0,0,0,0,0,0,0,0,0,0,0,0,0,0,0,0,0,0,0,0,0,0,0,0,0,0,0,0,0,0,0,0,0,0,0,0,0,0,0,0,0,0,0,0,0,0,0,0,0,0,0,0,0,0,0,0,0,0,0,0,0,0,0,0,0,0,0,0,0,0,0,0,0,0,0,0,0,0,0,0,0,0,0,0,0,0,0,0,0,0,0,0,0,0,0,0,0,0,0,0,0,0,0,0,0,0,0,0,0,0,0,0,0
"56",0,0,0,0,0.889235569422777,0.880434782608696,0.883683360258481,0.886115444617785,0.885145482388974,0.888024883359253,0.882736156351791,0.888036809815951,0.881720430107527,0.880484114977307,0.887675507020281,0.888208269525268,0.89010989010989,0.885802469135803,0.880434782608696,0.8784,0.873817034700315,0.898461538461538,0.900153609831029,0.886970172684458,0.878274268104777,0.889922480620155,0.890743550834598,0.884057971014493,0.890743550834598,0.886435331230284,0.892355694227769,0.88801261829653,0.874806800618238,0.887366818873668,0.881435257410296,0.886255924170616,0.891304347826087,0.889235569422777,0.890795631825273,0.879499217527387,0.881141045958796,0.887387387387387,0.882995319812793,0.895061728395062,0.888198757763975,0.880434782608696,0.886645962732919,0,0,0,0,1,0.995334370139969,0.998452012383901,1,1,1,1,1,1,1,1,1,1,1,1,1,1,1,1,1,1,1,1,1,1,1,1,1,1,1,1,1,1,1,1,1,1,1,1,1,1,1,1,1,1,0,0,0,0,0,0,0,0,0,0,0,0,0,0,0,0,0,0,0,0,0,0,0,0,0,0,0,0,0,0,0,0,0,0,0,0,0,0,0,0,0,0,0,0,0,0,0,0,0,0,0,0,0,0,0,0,0,0,0,0,0,0,0,0,0,0,0,0,0,0,0,0,0,0,0,0,0,0,0,0,0,0,0,0,0,0,0,0,0,0,0,0,0,0,0,0,0,0,0,0,0,0,0,0,0,0,0,0,0,0,0,0,0,0,0,0,0,0,0,0,0,0,0,0,0,0,0,0,0,0,0,0,0,0,0,0,0,0,0,0,0,0,0,0,0,0,0,0
"57",0,0,0,0,0.883386581469649,0.873617693522907,0.8784,0.881141045958796,0.8798751950078,0.882896764252696,0.87479674796748,0.879310344827586,0.876352395672334,0.87402799377916,0.877742946708464,0.880434782608696,0.880763116057234,0.88006230529595,0.876175548589342,0.874592833876222,0.872239747634069,0.894080996884735,0.89739663093415,0.882165605095541,0.869496855345912,0.881987577639752,0.890577507598784,0.881789137380192,0.885093167701863,0.88301282051282,0.890965732087227,0.882539682539683,0.869362363919129,0.885802469135803,0.873651771956857,0.877777777777778,0.889589905362776,0.878640776699029,0.883096366508689,0.872641509433962,0.876221498371335,0.88030303030303,0.88125,0.89060092449923,0.882911392405063,0.874203821656051,0.882352941176471,0,0,0,0,1,0.995245641838352,0.9984,1,1,1,1,1,1,1,1,1,1,1,1,1,1,1,1,1,1,1,1,1,1,1,1,1,1,1,1,1,1,1,1,1,1,1,1,1,1,1,1,1,1,0,0,0,0,0,0,0,0,0,0,0,0,0,0,0,0,0,0,0,0,0,0,0,0,0,0,0,0,0,0,0,0,0,0,0,0,0,0,0,0,0,0,0,0,0,0,0,0,0,0,0,0,0,0,0,0,0,0,0,0,0,0,0,0,0,0,0,0,0,0,0,0,0,0,0,0,0,0,0,0,0,0,0,0,0,0,0,0,0,0,0,0,0,0,0,0,0,0,0,0,0,0,0,0,0,0,0,0,0,0,0,0,0,0,0,0,0,0,0,0,0,0,0,0,0,0,0,0,0,0,0,0,0,0,0,0,0,0,0,0,0,0,0,0,0,0,0,0
"58",0,0,0,0,0.889589905362776,0.876971608832808,0.882725832012678,0.889922480620155,0.886153846153846,0.889570552147239,0.889240506329114,0.889060092449923,0.884969325153374,0.877675840978593,0.891472868217054,0.886821705426357,0.88646967340591,0.885271317829457,0.881987577639752,0.879421221864952,0.877358490566038,0.898021308980213,0.906727828746177,0.886435331230284,0.880804953560371,0.886018237082067,0.894656488549618,0.88529886914378,0.89409984871407,0.888372093023256,0.892063492063492,0.885532591414944,0.873846153846154,0.887878787878788,0.880434782608696,0.881789137380192,0.897674418604651,0.889751552795031,0.894080996884735,0.884322678843227,0.885758998435055,0.887708649468892,0.887366818873668,0.894736842105263,0.888208269525268,0.880314960629921,0.885625965996909,0,0,0,0,1,0.995341614906832,0.998435054773083,1,1,1,1,1,1,1,1,1,1,1,1,1,1,1,1,1,1,1,1,1,1,1,1,1,1,1,1,1,1,1,1,1,1,1,1,1,1,1,1,1,1,0,0,0,0,0,0,0,0,0,0,0,0,0,0,0,0,0,0,0,0,0,0,0,0,0,0,0,0,0,0,0,0,0,0,0,0,0,0,0,0,0,0,0,0,0,0,0,0,0,0,0,0,0,0,0,0,0,0,0,0,0,0,0,0,0,0,0,0,0,0,0,0,0,0,0,0,0,0,0,0,0,0,0,0,0,0,0,0,0,0,0,0,0,0,0,0,0,0,0,0,0,0,0,0,0,0,0,0,0,0,0,0,0,0,0,0,0,0,0,0,0,0,0,0,0,0,0,0,0,0,0,0,0,0,0,0,0,0,0,0,0,0,0,0,0,0,0,0
"59",0,0,0,0,0.892915980230643,0.882736156351791,0.88628762541806,0.889245585874799,0.896,0.889952153110048,0.885521885521885,0.895734597156398,0.884615384615385,0.883757961783439,0.892682926829268,0.894060995184591,0.889983579638752,0.891547049441786,0.886363636363636,0.882644628099174,0.883495145631068,0.899521531100478,0.905996758508914,0.88313856427379,0.884552845528455,0.892857142857143,0.893548387096774,0.887788778877888,0.894819466248038,0.889438943894389,0.896607431340872,0.887417218543046,0.87741935483871,0.894060995184591,0.888712241653418,0.883248730964467,0.895934959349593,0.893790849673203,0.894736842105263,0.884984025559105,0.884176182707993,0.893481717011129,0.893650793650794,0.897394136807818,0.891410048622366,0.881383855024712,0.891760904684976,0,0,0,0,1,0.995169082125604,0.998397435897436,1,1,1,1,1,1,1,1,1,1,1,1,1,1,1,1,1,1,1,1,1,1,1,1,1,1,1,1,1,1,1,1,1,1,1,1,1,1,1,1,1,1,0,0,0,0,0,0,0,0,0,0,0,0,0,0,0,0,0,0,0,0,0,0,0,0,0,0,0,0,0,0,0,0,0,0,0,0,0,0,0,0,0,0,0,0,0,0,0,0,0,0,0,0,0,0,0,0,0,0,0,0,0,0,0,0,0,0,0,0,0,0,0,0,0,0,0,0,0,0,0,0,0,0,0,0,0,0,0,0,0,0,0,0,0,0,0,0,0,0,0,0,0,0,0,0,0,0,0,0,0,0,0,0,0,0,0,0,0,0,0,0,0,0,0,0,0,0,0,0,0,0,0,0,0,0,0,0,0,0,0,0,0,0,0,0,0,0,0,0
"60",0,0,0,0,0.890625,0.885093167701863,0.89171974522293,0.893416927899687,0.891104294478528,0.892857142857143,0.886547811993517,0.892261001517451,0.884914463452566,0.882896764252696,0.894245723172628,0.894009216589862,0.896875,0.887366818873668,0.884858044164038,0.885167464114832,0.882352941176471,0.903522205206738,0.909797822706065,0.892063492063492,0.881804043545879,0.895705521472393,0.894171779141104,0.893890675241158,0.901065449010654,0.892405063291139,0.89922480620155,0.890795631825273,0.87906976744186,0.889922480620155,0.885400313971743,0.886035313001605,0.899529042386185,0.896389324960754,0.897674418604651,0.886328725038402,0.890322580645161,0.887519260400616,0.887171561051005,0.893682588597843,0.893129770992366,0.882352941176471,0.896341463414634,0,0,0,0,1,0.9953125,0.998454404945904,1,1,1,1,1,1,1,1,1,1,1,1,1,1,1,1,1,1,1,1,1,1,1,1,1,1,1,1,1,1,1,1,1,1,1,1,1,1,1,1,1,1,0,0,0,0,0,0,0,0,0,0,0,0,0,0,0,0,0,0,0,0,0,0,0,0,0,0,0,0,0,0,0,0,0,0,0,0,0,0,0,0,0,0,0,0,0,0,0,0,0,0,0,0,0,0,0,0,0,0,0,0,0,0,0,0,0,0,0,0,0,0,0,0,0,0,0,0,0,0,0,0,0,0,0,0,0,0,0,0,0,0,0,0,0,0,0,0,0,0,0,0,0,0,0,0,0,0,0,0,0,0,0,0,0,0,0,0,0,0,0,0,0,0,0,0,0,0,0,0,0,0,0,0,0,0,0,0,0,0,0,0,0,0,0,0,0,0,0,0
"61",0,0,0,0,0.891975308641975,0.882075471698113,0.887480190174326,0.889580093312597,0.888540031397174,0.889060092449923,0.892109500805153,0.891768292682927,0.885625965996909,0.884146341463415,0.89247311827957,0.894333843797856,0.896551724137931,0.8887171561051,0.888888888888889,0.879421221864952,0.883256528417819,0.900466562986003,0.901840490797546,0.893312101910828,0.88597842835131,0.892141756548536,0.898484848484848,0.8896,0.896656534954407,0.886292834890966,0.89938080495356,0.88785046728972,0.874411302982732,0.89060092449923,0.88390092879257,0.885579937304075,0.895638629283489,0.892523364485981,0.894654088050314,0.882352941176471,0.892744479495268,0.89039039039039,0.888888888888889,0.891640866873065,0.889408099688474,0.882995319812793,0.892307692307692,0,0,0,0,1,0.995363214837713,0.998454404945904,1,1,1,1,1,1,1,1,1,1,1,1,1,1,1,1,1,1,1,1,1,1,1,1,1,1,1,1,1,1,1,1,1,1,1,1,1,1,1,1,1,1,0,0,0,0,0,0,0,0,0,0,0,0,0,0,0,0,0,0,0,0,0,0,0,0,0,0,0,0,0,0,0,0,0,0,0,0,0,0,0,0,0,0,0,0,0,0,0,0,0,0,0,0,0,0,0,0,0,0,0,0,0,0,0,0,0,0,0,0,0,0,0,0,0,0,0,0,0,0,0,0,0,0,0,0,0,0,0,0,0,0,0,0,0,0,0,0,0,0,0,0,0,0,0,0,0,0,0,0,0,0,0,0,0,0,0,0,0,0,0,0,0,0,0,0,0,0,0,0,0,0,0,0,0,0,0,0,0,0,0,0,0,0,0,0,0,0,0,0
"62",0,0,0,0,0.883540372670807,0.878086419753086,0.880690737833595,0.884615384615385,0.881538461538461,0.887022900763359,0.881107491856677,0.885022692889561,0.879443585780526,0.875,0.884615384615385,0.886503067484663,0.886996904024768,0.883435582822086,0.876543209876543,0.877165354330709,0.876146788990826,0.896341463414634,0.902140672782875,0.885758998435055,0.875190258751903,0.885496183206107,0.888721804511278,0.882911392405063,0.888386123680241,0.881435257410296,0.891271056661562,0.885496183206107,0.871517027863777,0.889894419306184,0.881901840490798,0.881977671451356,0.893682588597843,0.887147335423197,0.890625,0.878461538461539,0.882352941176471,0.885542168674699,0.883861236802413,0.89060092449923,0.88597842835131,0.877329192546584,0.882262996941896,0,0,0,0,1,0.996937212863706,0.998444790046656,1,1,1,1,1,1,1,1,1,1,1,1,1,1,1,1,1,1,1,1,1,1,1,1,1,1,1,1,1,1,1,1,1,1,1,1,1,1,1,1,1,1,0,0,0,0,0,0,0,0,0,0,0,0,0,0,0,0,0,0,0,0,0,0,0,0,0,0,0,0,0,0,0,0,0,0,0,0,0,0,0,0,0,0,0,0,0,0,0,0,0,0,0,0,0,0,0,0,0,0,0,0,0,0,0,0,0,0,0,0,0,0,0,0,0,0,0,0,0,0,0,0,0,0,0,0,0,0,0,0,0,0,0,0,0,0,0,0,0,0,0,0,0,0,0,0,0,0,0,0,0,0,0,0,0,0,0,0,0,0,0,0,0,0,0,0,0,0,0,0,0,0,0,0,0,0,0,0,0,0,0,0,0,0,0,0,0,0,0,0
"63",0,0,0,0,0.8875,0.8798751950078,0.884676145339652,0.883256528417819,0.881901840490798,0.88719512195122,0.882067851373183,0.884615384615385,0.879443585780526,0.881458966565349,0.885271317829457,0.886676875957121,0.886292834890966,0.884080370942813,0.875,0.877813504823151,0.87888198757764,0.896499238964992,0.9,0.883647798742138,0.874613003095975,0.886676875957121,0.890432098765432,0.885532591414944,0.896084337349398,0.881435257410296,0.892018779342723,0.888540031397174,0.869496855345912,0.886676875957121,0.877138413685848,0.882075471698113,0.894321766561514,0.882995319812793,0.891472868217054,0.873831775700935,0.884430176565008,0.884969325153374,0.887519260400616,0.891135303265941,0.885220125786163,0.876160990712074,0.886292834890966,0,0,0,0,1,0.996894409937888,1,1,1,1,1,1,1,1,1,1,1,1,1,1,1,1,1,1,1,1,1,1,1,1,1,1,1,1,1,1,1,1,1,1,1,1,1,1,1,1,1,1,1,0,0,0,0,0,0,0,0,0,0,0,0,0,0,0,0,0,0,0,0,0,0,0,0,0,0,0,0,0,0,0,0,0,0,0,0,0,0,0,0,0,0,0,0,0,0,0,0,0,0,0,0,0,0,0,0,0,0,0,0,0,0,0,0,0,0,0,0,0,0,0,0,0,0,0,0,0,0,0,0,0,0,0,0,0,0,0,0,0,0,0,0,0,0,0,0,0,0,0,0,0,0,0,0,0,0,0,0,0,0,0,0,0,0,0,0,0,0,0,0,0,0,0,0,0,0,0,0,0,0,0,0,0,0,0,0,0,0,0,0,0,0,0,0,0,0,0,0
"64",0,0,0,0,0.896062992125984,0.889400921658986,0.889937106918239,0.897832817337461,0.89409984871407,0.892802450229709,0.894568690095847,0.891402714932127,0.893778452200303,0.887708649468892,0.892966360856269,0.893846153846154,0.897674418604651,0.889739663093415,0.889400921658986,0.883572567783094,0.884969325153374,0.901664145234493,0.907120743034056,0.889922480620155,0.890243902439024,0.898021308980213,0.901492537313433,0.891891891891892,0.899700598802395,0.894904458598726,0.900466562986003,0.892355694227769,0.882716049382716,0.89739663093415,0.886996904024768,0.890282131661442,0.897709923664122,0.894245723172628,0.899536321483771,0.886328725038402,0.89010989010989,0.895770392749245,0.896284829721362,0.898021308980213,0.891271056661562,0.887345679012346,0.894009216589862,0,0,0,0,1,0.996927803379416,0.998468606431853,1,1,1,1,1,1,1,1,1,1,1,1,1,1,1,1,1,1,1,1,1,1,1,1,1,1,1,1,1,1,1,1,1,1,1,1,1,1,1,1,1,1,0,0,0,0,0,0,0,0,0,0,0,0,0,0,0,0,0,0,0,0,0,0,0,0,0,0,0,0,0,0,0,0,0,0,0,0,0,0,0,0,0,0,0,0,0,0,0,0,0,0,0,0,0,0,0,0,0,0,0,0,0,0,0,0,0,0,0,0,0,0,0,0,0,0,0,0,0,0,0,0,0,0,0,0,0,0,0,0,0,0,0,0,0,0,0,0,0,0,0,0,0,0,0,0,0,0,0,0,0,0,0,0,0,0,0,0,0,0,0,0,0,0,0,0,0,0,0,0,0,0,0,0,0,0,0,0,0,0,0,0,0,0,0,0,0,0,0,0
"65",0,0,0,0,0.889739663093415,0.879019908116386,0.884914463452566,0.887708649468892,0.887218045112782,0.883333333333333,0.882445141065831,0.889055472263868,0.883333333333333,0.879464285714286,0.889393939393939,0.884848484848485,0.887692307692308,0.885022692889561,0.881996974281392,0.880690737833595,0.877708978328173,0.898355754857997,0.896240601503759,0.885802469135803,0.880733944954128,0.889217134416544,0.893553223388306,0.884375,0.894814814814815,0.886153846153846,0.896764252696456,0.88597842835131,0.874233128834356,0.891238670694864,0.882442748091603,0.885670731707317,0.894495412844037,0.888719512195122,0.889570552147239,0.88030303030303,0.8859375,0.890044576523031,0.890076335877863,0.8910741301059,0.886018237082067,0.877675840978593,0.889057750759878,0,0,0,0,1,0.998463901689708,1,1,1,1,1,1,1,1,1,1,1,1,1,1,1,1,1,1,1,1,1,1,1,1,1,1,1,1,1,1,1,1,1,1,1,1,1,1,1,1,1,1,1,0,0,0,0,0,0,0,0,0,0,0,0,0,0,0,0,0,0,0,0,0,0,0,0,0,0,0,0,0,0,0,0,0,0,0,0,0,0,0,0,0,0,0,0,0,0,0,0,0,0,0,0,0,0,0,0,0,0,0,0,0,0,0,0,0,0,0,0,0,0,0,0,0,0,0,0,0,0,0,0,0,0,0,0,0,0,0,0,0,0,0,0,0,0,0,0,0,0,0,0,0,0,0,0,0,0,0,0,0,0,0,0,0,0,0,0,0,0,0,0,0,0,0,0,0,0,0,0,0,0,0,0,0,0,0,0,0,0,0,0,0,0,0,0,0,0,0,0
"66",0,0,0,0,0.898412698412698,0.889240506329114,0.893819334389857,0.90015600624025,0.895800933125972,0.895800933125972,0.89776357827476,0.90015600624025,0.893141945773525,0.891472868217054,0.897674418604651,0.895800933125972,0.894736842105263,0.894819466248038,0.890995260663507,0.887640449438202,0.887122416534181,0.906976744186046,0.909516380655226,0.896331738437002,0.888888888888889,0.902173913043478,0.905132192846034,0.896607431340872,0.904615384615385,0.887480190174326,0.905956112852665,0.892913385826772,0.880314960629921,0.900928792569659,0.888888888888889,0.890675241157556,0.898251192368839,0.896331738437002,0.903328050713154,0.893353941267388,0.896496815286624,0.895384615384615,0.899212598425197,0.898894154818325,0.896284829721362,0.885579937304075,0.900943396226415,0,0,0,0,1,0.996784565916399,0.998427672955975,1,1,1,1,1,1,1,1,1,1,1,1,1,1,1,1,1,1,1,1,1,1,1,1,1,1,1,1,1,1,1,1,1,1,1,1,1,1,1,1,1,1,0,0,0,0,0,0,0,0,0,0,0,0,0,0,0,0,0,0,0,0,0,0,0,0,0,0,0,0,0,0,0,0,0,0,0,0,0,0,0,0,0,0,0,0,0,0,0,0,0,0,0,0,0,0,0,0,0,0,0,0,0,0,0,0,0,0,0,0,0,0,0,0,0,0,0,0,0,0,0,0,0,0,0,0,0,0,0,0,0,0,0,0,0,0,0,0,0,0,0,0,0,0,0,0,0,0,0,0,0,0,0,0,0,0,0,0,0,0,0,0,0,0,0,0,0,0,0,0,0,0,0,0,0,0,0,0,0,0,0,0,0,0,0,0,0,0,0,0
"67",0,0,0,0,0.895569620253165,0.886970172684458,0.893915756630265,0.899068322981366,0.89644513137558,0.892966360856269,0.892282958199357,0.890909090909091,0.891437308868501,0.890577507598784,0.895865237366003,0.896024464831804,0.897798742138365,0.891808346213292,0.892857142857143,0.886581469648562,0.885093167701863,0.905864197530864,0.910906298003072,0.896389324960754,0.892307692307692,0.896499238964992,0.901215805471125,0.89047619047619,0.900151285930408,0.893081761006289,0.898773006134969,0.899686520376176,0.884555382215289,0.896604938271605,0.887345679012346,0.890795631825273,0.903726708074534,0.898278560250391,0.899529042386185,0.887519260400616,0.89047619047619,0.891238670694864,0.894573643410853,0.899068322981366,0.894171779141104,0.884792626728111,0.897081413210445,0,0,0,0,1,0.9953125,0.998430141287284,1,1,1,1,1,1,1,1,1,1,1,1,1,1,1,1,1,1,1,1,1,1,1,1,1,1,1,1,1,1,1,1,1,1,1,1,1,1,1,1,1,1,0,0,0,0,0,0,0,0,0,0,0,0,0,0,0,0,0,0,0,0,0,0,0,0,0,0,0,0,0,0,0,0,0,0,0,0,0,0,0,0,0,0,0,0,0,0,0,0,0,0,0,0,0,0,0,0,0,0,0,0,0,0,0,0,0,0,0,0,0,0,0,0,0,0,0,0,0,0,0,0,0,0,0,0,0,0,0,0,0,0,0,0,0,0,0,0,0,0,0,0,0,0,0,0,0,0,0,0,0,0,0,0,0,0,0,0,0,0,0,0,0,0,0,0,0,0,0,0,0,0,0,0,0,0,0,0,0,0,0,0,0,0,0,0,0,0,0,0
"68",0,0,0,0,0.890522875816993,0.880131362889984,0.883720930232558,0.889802631578947,0.881107491856677,0.884244372990354,0.886824324324324,0.884364820846905,0.884176182707993,0.883386581469649,0.887070376432079,0.884057971014493,0.885191347753744,0.883606557377049,0.877850162866449,0.88255033557047,0.878246753246753,0.9,0.898527004909984,0.883031301482702,0.875613747954173,0.889423076923077,0.888888888888889,0.878333333333333,0.890302066772655,0.886666666666667,0.886547811993517,0.88595041322314,0.87012987012987,0.884552845528455,0.879478827361563,0.882644628099174,0.896551724137931,0.883683360258481,0.890522875816993,0.883942766295707,0.881863560732113,0.888357256778309,0.88474025974026,0.892682926829268,0.881410256410256,0.879674796747967,0.885483870967742,0,0,0,0,1,0.998371335504886,1,1,1,1,1,1,1,1,1,1,1,1,1,1,1,1,1,1,1,1,1,1,1,1,1,1,1,1,1,1,1,1,1,1,1,1,1,1,1,1,1,1,1,0,0,0,0,0,0,0,0,0,0,0,0,0,0,0,0,0,0,0,0,0,0,0,0,0,0,0,0,0,0,0,0,0,0,0,0,0,0,0,0,0,0,0,0,0,0,0,0,0,0,0,0,0,0,0,0,0,0,0,0,0,0,0,0,0,0,0,0,0,0,0,0,0,0,0,0,0,0,0,0,0,0,0,0,0,0,0,0,0,0,0,0,0,0,0,0,0,0,0,0,0,0,0,0,0,0,0,0,0,0,0,0,0,0,0,0,0,0,0,0,0,0,0,0,0,0,0,0,0,0,0,0,0,0,0,0,0,0,0,0,0,0,0,0,0,0,0,0
"69",0,0,0,0,0.890145395799677,0.884310618066561,0.88961038961039,0.894654088050314,0.888712241653418,0.892405063291139,0.889250814332248,0.888888888888889,0.888024883359253,0.883359253499222,0.892575039494471,0.888188976377953,0.887820512820513,0.888540031397174,0.886035313001605,0.8848,0.884057971014493,0.899686520376176,0.906497622820919,0.886581469648562,0.87620578778135,0.895638629283489,0.897990726429675,0.892455858747994,0.89938080495356,0.890343698854337,0.898089171974522,0.894568690095847,0.880314960629921,0.894819466248038,0.888357256778309,0.88474025974026,0.897435897435897,0.893141945773525,0.889776357827476,0.884194053208138,0.888888888888889,0.889922480620155,0.886762360446571,0.893481717011129,0.89171974522293,0.881028938906752,0.890302066772655,0,0,0,0,1,0.996805111821086,0.998427672955975,1,1,1,1,1,1,1,1,1,1,1,1,1,1,1,1,1,1,1,1,1,1,1,1,1,1,1,1,1,1,1,1,1,1,1,1,1,1,1,1,1,1,0,0,0,0,0,0,0,0,0,0,0,0,0,0,0,0,0,0,0,0,0,0,0,0,0,0,0,0,0,0,0,0,0,0,0,0,0,0,0,0,0,0,0,0,0,0,0,0,0,0,0,0,0,0,0,0,0,0,0,0,0,0,0,0,0,0,0,0,0,0,0,0,0,0,0,0,0,0,0,0,0,0,0,0,0,0,0,0,0,0,0,0,0,0,0,0,0,0,0,0,0,0,0,0,0,0,0,0,0,0,0,0,0,0,0,0,0,0,0,0,0,0,0,0,0,0,0,0,0,0,0,0,0,0,0,0,0,0,0,0,0,0,0,0,0,0,0,0
"70",0,0,0,0,0.888535031847134,0.881703470031546,0.886178861788618,0.891760904684976,0.888888888888889,0.885400313971743,0.892332789559543,0.891304347826087,0.887675507020281,0.884146341463415,0.891849529780564,0.894409937888199,0.893312101910828,0.890282131661442,0.882629107981221,0.881685575364668,0.879556259904913,0.897196261682243,0.905426356589147,0.885483870967742,0.882260596546311,0.893188854489164,0.891135303265941,0.884552845528455,0.894656488549618,0.889967637540453,0.899053627760252,0.888178913738019,0.878315132605304,0.891472868217054,0.886762360446571,0.885483870967742,0.894654088050314,0.888888888888889,0.893650793650794,0.882995319812793,0.889967637540453,0.891768292682927,0.89375,0.89358372456964,0.890822784810127,0.882725832012678,0.890795631825273,0,0,0,0,1,0.998425196850394,1,1,1,1,1,1,1,1,1,1,1,1,1,1,1,1,1,1,1,1,1,1,1,1,1,1,1,1,1,1,1,1,1,1,1,1,1,1,1,1,1,1,1,0,0,0,0,0,0,0,0,0,0,0,0,0,0,0,0,0,0,0,0,0,0,0,0,0,0,0,0,0,0,0,0,0,0,0,0,0,0,0,0,0,0,0,0,0,0,0,0,0,0,0,0,0,0,0,0,0,0,0,0,0,0,0,0,0,0,0,0,0,0,0,0,0,0,0,0,0,0,0,0,0,0,0,0,0,0,0,0,0,0,0,0,0,0,0,0,0,0,0,0,0,0,0,0,0,0,0,0,0,0,0,0,0,0,0,0,0,0,0,0,0,0,0,0,0,0,0,0,0,0,0,0,0,0,0,0,0,0,0,0,0,0,0,0,0,0,0,0
"71",0,0,0,0,0.895071542130366,0.885220125786163,0.885852090032154,0.898412698412698,0.888364779874214,0.893249607535322,0.885993485342019,0.891472868217054,0.884969325153374,0.884555382215289,0.888712241653418,0.8887171561051,0.8896,0.891640866873065,0.888712241653418,0.885852090032154,0.881789137380192,0.902053712480253,0.908661417322835,0.8912,0.88503937007874,0.896551724137931,0.899536321483771,0.8928,0.89922480620155,0.890850722311397,0.900316455696203,0.892109500805153,0.882539682539683,0.896604938271605,0.882995319812793,0.886217948717949,0.9,0.891167192429022,0.8976,0.887658227848101,0.887658227848101,0.887864823348694,0.890995260663507,0.899843505477308,0.889763779527559,0.888357256778309,0.892018779342723,0,0,0,0,1,0.996840442338073,1,1,1,1,1,1,1,1,1,1,1,1,1,1,1,1,1,1,1,1,1,1,1,1,1,1,1,1,1,1,1,1,1,1,1,1,1,1,1,1,1,1,1,0,0,0,0,0,0,0,0,0,0,0,0,0,0,0,0,0,0,0,0,0,0,0,0,0,0,0,0,0,0,0,0,0,0,0,0,0,0,0,0,0,0,0,0,0,0,0,0,0,0,0,0,0,0,0,0,0,0,0,0,0,0,0,0,0,0,0,0,0,0,0,0,0,0,0,0,0,0,0,0,0,0,0,0,0,0,0,0,0,0,0,0,0,0,0,0,0,0,0,0,0,0,0,0,0,0,0,0,0,0,0,0,0,0,0,0,0,0,0,0,0,0,0,0,0,0,0,0,0,0,0,0,0,0,0,0,0,0,0,0,0,0,0,0,0,0,0,0
"72",0,0,0,0,0.884430176565008,0.875993640699523,0.877450980392157,0.883116883116883,0.878930817610063,0.881141045958796,0.882255389718076,0.882725832012678,0.880952380952381,0.875786163522013,0.883386581469649,0.8859375,0.887987012987013,0.883280757097792,0.881703470031546,0.873963515754561,0.875399361022364,0.888364779874214,0.893819334389857,0.886731391585761,0.87378640776699,0.882352941176471,0.887323943661972,0.880913539967374,0.889580093312597,0.880645161290323,0.892455858747994,0.881789137380192,0.871835443037975,0.885579937304075,0.8768,0.87987012987013,0.889776357827476,0.885483870967742,0.891056910569106,0.877358490566038,0.883306320907618,0.883359253499222,0.880382775119617,0.890995260663507,0.886075949367089,0.874183006535948,0.879365079365079,0,0,0,0,1,0.996784565916399,0.998384491114701,1,1,1,1,1,1,1,1,1,1,1,1,1,1,1,1,1,1,1,1,1,1,1,1,1,1,1,1,1,1,1,1,1,1,1,1,1,1,1,1,1,1,0,0,0,0,0,0,0,0,0,0,0,0,0,0,0,0,0,0,0,0,0,0,0,0,0,0,0,0,0,0,0,0,0,0,0,0,0,0,0,0,0,0,0,0,0,0,0,0,0,0,0,0,0,0,0,0,0,0,0,0,0,0,0,0,0,0,0,0,0,0,0,0,0,0,0,0,0,0,0,0,0,0,0,0,0,0,0,0,0,0,0,0,0,0,0,0,0,0,0,0,0,0,0,0,0,0,0,0,0,0,0,0,0,0,0,0,0,0,0,0,0,0,0,0,0,0,0,0,0,0,0,0,0,0,0,0,0,0,0,0,0,0,0,0,0,0,0,0
"73",0,0,0,0,0.884126984126984,0.875993640699523,0.886255924170616,0.891849529780564,0.886676875957121,0.885625965996909,0.883986928104575,0.886535552193646,0.881804043545879,0.881559220389805,0.886996904024768,0.887345679012346,0.885400313971743,0.887345679012346,0.882260596546311,0.882067851373183,0.876971608832808,0.901840490797546,0.906153846153846,0.884735202492212,0.871317829457364,0.888888888888889,0.895705521472393,0.87741935483871,0.89060092449923,0.884984025559105,0.888540031397174,0.889240506329114,0.875195007800312,0.890795631825273,0.882896764252696,0.88529886914378,0.894654088050314,0.886435331230284,0.894736842105263,0.880551301684533,0.879614767255217,0.886363636363636,0.8859375,0.894899536321484,0.888372093023256,0.882629107981221,0.883359253499222,0,0,0,0,1,0.998425196850394,1,1,1,1,1,1,1,1,1,1,1,1,1,1,1,1,1,1,1,1,1,1,1,1,1,1,1,1,1,1,1,1,1,1,1,1,1,1,1,1,1,1,1,0,0,0,0,0,0,0,0,0,0,0,0,0,0,0,0,0,0,0,0,0,0,0,0,0,0,0,0,0,0,0,0,0,0,0,0,0,0,0,0,0,0,0,0,0,0,0,0,0,0,0,0,0,0,0,0,0,0,0,0,0,0,0,0,0,0,0,0,0,0,0,0,0,0,0,0,0,0,0,0,0,0,0,0,0,0,0,0,0,0,0,0,0,0,0,0,0,0,0,0,0,0,0,0,0,0,0,0,0,0,0,0,0,0,0,0,0,0,0,0,0,0,0,0,0,0,0,0,0,0,0,0,0,0,0,0,0,0,0,0,0,0,0,0,0,0,0,0
"74",0,0,0,0,0.894573643410853,0.883076923076923,0.892018779342723,0.893455098934551,0.888721804511278,0.891891891891892,0.8912,0.887048192771084,0.883156297420334,0.886056971514243,0.890432098765432,0.895136778115502,0.892018779342723,0.89193302891933,0.888036809815951,0.885895404120444,0.883540372670807,0.900602409638554,0.903225806451613,0.890262751159196,0.884615384615385,0.893778452200303,0.898355754857997,0.889589905362776,0.899550224887556,0.888198757763975,0.897832817337461,0.892307692307692,0.877329192546584,0.895384615384615,0.883614088820827,0.886614173228346,0.897515527950311,0.895061728395062,0.894573643410853,0.885145482388974,0.887323943661972,0.892697466467958,0.889400921658986,0.896923076923077,0.891104294478528,0.884615384615385,0.893072289156627,0,0,0,0,1,0.995447647951442,0.998461538461539,1,1,1,1,1,1,1,1,1,1,1,1,1,1,1,1,1,1,1,1,1,1,1,1,1,1,1,1,1,1,1,1,1,1,1,1,1,1,1,1,1,1,0,0,0,0,0,0,0,0,0,0,0,0,0,0,0,0,0,0,0,0,0,0,0,0,0,0,0,0,0,0,0,0,0,0,0,0,0,0,0,0,0,0,0,0,0,0,0,0,0,0,0,0,0,0,0,0,0,0,0,0,0,0,0,0,0,0,0,0,0,0,0,0,0,0,0,0,0,0,0,0,0,0,0,0,0,0,0,0,0,0,0,0,0,0,0,0,0,0,0,0,0,0,0,0,0,0,0,0,0,0,0,0,0,0,0,0,0,0,0,0,0,0,0,0,0,0,0,0,0,0,0,0,0,0,0,0,0,0,0,0,0,0,0,0,0,0,0,0
"75",0,0,0,0,0.895223420647149,0.89060092449923,0.893987341772152,0.902476780185758,0.896764252696456,0.896604938271605,0.894308943089431,0.89739663093415,0.893518518518518,0.891437308868501,0.895475819032761,0.894495412844037,0.894154818325434,0.896341463414634,0.889408099688474,0.8928,0.886792452830189,0.907120743034056,0.90937019969278,0.89375,0.887345679012346,0.896923076923077,0.900914634146341,0.889415481832543,0.901065449010654,0.894904458598726,0.900306748466258,0.897798742138365,0.882170542635659,0.899696048632219,0.891808346213292,0.893416927899687,0.900466562986003,0.896551724137931,0.895800933125972,0.89060092449923,0.8953125,0.895770392749245,0.898753894080997,0.901840490797546,0.898484848484848,0.881804043545879,0.897515527950311,0,0,0,0,1,0.995327102803738,0.998449612403101,1,1,1,1,1,1,1,1,1,1,1,1,1,1,1,1,1,1,1,1,1,1,1,1,1,1,1,1,1,1,1,1,1,1,1,1,1,1,1,1,1,1,0,0,0,0,0,0,0,0,0,0,0,0,0,0,0,0,0,0,0,0,0,0,0,0,0,0,0,0,0,0,0,0,0,0,0,0,0,0,0,0,0,0,0,0,0,0,0,0,0,0,0,0,0,0,0,0,0,0,0,0,0,0,0,0,0,0,0,0,0,0,0,0,0,0,0,0,0,0,0,0,0,0,0,0,0,0,0,0,0,0,0,0,0,0,0,0,0,0,0,0,0,0,0,0,0,0,0,0,0,0,0,0,0,0,0,0,0,0,0,0,0,0,0,0,0,0,0,0,0,0,0,0,0,0,0,0,0,0,0,0,0,0,0,0,0,0,0,0
"76",0,0,0,0,0.899053627760252,0.892523364485981,0.894736842105263,0.899212598425197,0.893682588597843,0.896389324960754,0.895765472312704,0.892638036809816,0.891338582677165,0.891808346213292,0.896124031007752,0.89922480620155,0.896713615023474,0.893023255813953,0.8890625,0.891547049441786,0.890625,0.907975460122699,0.907086614173228,0.891167192429022,0.891304347826087,0.899536321483771,0.902173913043478,0.897637795275591,0.905053598774885,0.898089171974522,0.89622641509434,0.896988906497623,0.882445141065831,0.898021308980213,0.884126984126984,0.89171974522293,0.903846153846154,0.896988906497623,0.897356143079316,0.887323943661972,0.894321766561514,0.895545314900154,0.894984326018809,0.900473933649289,0.893682588597843,0.889937106918239,0.896389324960754,0,0,0,0,1,0.995305164319249,0.998422712933754,1,1,1,1,1,1,1,1,1,1,1,1,1,1,1,1,1,1,1,1,1,1,1,1,1,1,1,1,1,1,1,1,1,1,1,1,1,1,1,1,1,1,0,0,0,0,0,0,0,0,0,0,0,0,0,0,0,0,0,0,0,0,0,0,0,0,0,0,0,0,0,0,0,0,0,0,0,0,0,0,0,0,0,0,0,0,0,0,0,0,0,0,0,0,0,0,0,0,0,0,0,0,0,0,0,0,0,0,0,0,0,0,0,0,0,0,0,0,0,0,0,0,0,0,0,0,0,0,0,0,0,0,0,0,0,0,0,0,0,0,0,0,0,0,0,0,0,0,0,0,0,0,0,0,0,0,0,0,0,0,0,0,0,0,0,0,0,0,0,0,0,0,0,0,0,0,0,0,0,0,0,0,0,0,0,0,0,0,0,0
"77",0,0,0,0,0.889408099688474,0.881172839506173,0.879120879120879,0.889580093312597,0.884437596302003,0.890432098765432,0.8832,0.886328725038402,0.886292834890966,0.882175226586103,0.889400921658986,0.885844748858447,0.888372093023256,0.883509833585477,0.88135593220339,0.884493670886076,0.874613003095975,0.895705521472393,0.904320987654321,0.888888888888889,0.883256528417819,0.887022900763359,0.895295902883156,0.886217948717949,0.894029850746269,0.886255924170616,0.890432098765432,0.885579937304075,0.873831775700935,0.889060092449923,0.883720930232558,0.885714285714286,0.895148669796557,0.888540031397174,0.893915756630265,0.885670731707317,0.883096366508689,0.89039039039039,0.889580093312597,0.892802450229709,0.890076335877863,0.878274268104777,0.885758998435055,0,0,0,0,1,0.998454404945904,0.998432601880878,1,1,1,1,1,1,1,1,1,1,1,1,1,1,1,1,1,1,1,1,1,1,1,1,1,1,1,1,1,1,1,1,1,1,1,1,1,1,1,1,1,1,0,0,0,0,0,0,0,0,0,0,0,0,0,0,0,0,0,0,0,0,0,0,0,0,0,0,0,0,0,0,0,0,0,0,0,0,0,0,0,0,0,0,0,0,0,0,0,0,0,0,0,0,0,0,0,0,0,0,0,0,0,0,0,0,0,0,0,0,0,0,0,0,0,0,0,0,0,0,0,0,0,0,0,0,0,0,0,0,0,0,0,0,0,0,0,0,0,0,0,0,0,0,0,0,0,0,0,0,0,0,0,0,0,0,0,0,0,0,0,0,0,0,0,0,0,0,0,0,0,0,0,0,0,0,0,0,0,0,0,0,0,0,0,0,0,0,0,0
"78",0,0,0,0,0.896875,0.880989180834621,0.889937106918239,0.895800933125972,0.895136778115502,0.892638036809816,0.885220125786163,0.893292682926829,0.890432098765432,0.88135593220339,0.889570552147239,0.891603053435114,0.892638036809816,0.886676875957121,0.88719512195122,0.888540031397174,0.882534775888717,0.899536321483771,0.903225806451613,0.892744479495268,0.883969465648855,0.896024464831804,0.899696048632219,0.888888888888889,0.898928024502297,0.892690513219285,0.89938080495356,0.892355694227769,0.880690737833595,0.894977168949772,0.886821705426357,0.888540031397174,0.894984326018809,0.893915756630265,0.893249607535322,0.888198757763975,0.888198757763975,0.890060240963855,0.891238670694864,0.895384615384615,0.89247311827957,0.882352941176471,0.892966360856269,0,0,0,0,1,0.995433789954338,0.998417721518987,1,1,1,1,1,1,1,1,1,1,1,1,1,1,1,1,1,1,1,1,1,1,1,1,1,1,1,1,1,1,1,1,1,1,1,1,1,1,1,1,1,1,0,0,0,0,0,0,0,0,0,0,0,0,0,0,0,0,0,0,0,0,0,0,0,0,0,0,0,0,0,0,0,0,0,0,0,0,0,0,0,0,0,0,0,0,0,0,0,0,0,0,0,0,0,0,0,0,0,0,0,0,0,0,0,0,0,0,0,0,0,0,0,0,0,0,0,0,0,0,0,0,0,0,0,0,0,0,0,0,0,0,0,0,0,0,0,0,0,0,0,0,0,0,0,0,0,0,0,0,0,0,0,0,0,0,0,0,0,0,0,0,0,0,0,0,0,0,0,0,0,0,0,0,0,0,0,0,0,0,0,0,0,0,0,0,0,0,0,0
"79",0,0,0,0,0.890822784810127,0.881889763779528,0.884126984126984,0.890127388535032,0.884493670886076,0.888544891640867,0.883495145631068,0.886821705426357,0.885802469135803,0.882621951219512,0.887675507020281,0.888024883359253,0.891891891891892,0.882896764252696,0.880314960629921,0.885483870967742,0.876582278481013,0.893353941267388,0.900473933649289,0.889776357827476,0.881329113924051,0.886645962732919,0.89618320610687,0.887987012987013,0.889408099688474,0.884244372990354,0.895734597156398,0.887480190174326,0.875195007800312,0.889400921658986,0.882445141065831,0.884057971014493,0.894321766561514,0.888535031847134,0.889763779527559,0.880314960629921,0.884057971014493,0.888549618320611,0.888198757763975,0.893416927899687,0.886115444617785,0.87519747235387,0.888540031397174,0,0,0,0,1,0.995268138801262,0.998417721518987,1,1,1,1,1,1,1,1,1,1,1,1,1,1,1,1,1,1,1,1,1,1,1,1,1,1,1,1,1,1,1,1,1,1,1,1,1,1,1,1,1,1,0,0,0,0,0,0,0,0,0,0,0,0,0,0,0,0,0,0,0,0,0,0,0,0,0,0,0,0,0,0,0,0,0,0,0,0,0,0,0,0,0,0,0,0,0,0,0,0,0,0,0,0,0,0,0,0,0,0,0,0,0,0,0,0,0,0,0,0,0,0,0,0,0,0,0,0,0,0,0,0,0,0,0,0,0,0,0,0,0,0,0,0,0,0,0,0,0,0,0,0,0,0,0,0,0,0,0,0,0,0,0,0,0,0,0,0,0,0,0,0,0,0,0,0,0,0,0,0,0,0,0,0,0,0,0,0,0,0,0,0,0,0,0,0,0,0,0,0
"80",0,0,0,0,0.890649762282092,0.883464566929134,0.887820512820513,0.895238095238095,0.890795631825273,0.891167192429022,0.887070376432079,0.892857142857143,0.885400313971743,0.887692307692308,0.894819466248038,0.89375,0.896940418679549,0.891167192429022,0.888188976377953,0.884364820846905,0.883572567783094,0.899212598425197,0.905511811023622,0.888,0.883647798742138,0.893518518518518,0.897239263803681,0.890499194847021,0.893188854489164,0.888524590163934,0.896661367249603,0.8912,0.87758346581876,0.890453834115806,0.8864,0.885895404120444,0.893915756630265,0.89171974522293,0.896389324960754,0.884375,0.890322580645161,0.889751552795031,0.8921875,0.894171779141104,0.893416927899687,0.882539682539683,0.890453834115806,0,0,0,0,1,0.995245641838352,0.998397435897436,1,1,1,1,1,1,1,1,1,1,1,1,1,1,1,1,1,1,1,1,1,1,1,1,1,1,1,1,1,1,1,1,1,1,1,1,1,1,1,1,1,1,0,0,0,0,0,0,0,0,0,0,0,0,0,0,0,0,0,0,0,0,0,0,0,0,0,0,0,0,0,0,0,0,0,0,0,0,0,0,0,0,0,0,0,0,0,0,0,0,0,0,0,0,0,0,0,0,0,0,0,0,0,0,0,0,0,0,0,0,0,0,0,0,0,0,0,0,0,0,0,0,0,0,0,0,0,0,0,0,0,0,0,0,0,0,0,0,0,0,0,0,0,0,0,0,0,0,0,0,0,0,0,0,0,0,0,0,0,0,0,0,0,0,0,0,0,0,0,0,0,0,0,0,0,0,0,0,0,0,0,0,0,0,0,0,0,0,0,0
"81",0,0,0,0,0.895638629283489,0.886115444617785,0.889064976228209,0.892018779342723,0.892261001517451,0.892857142857143,0.888168557536467,0.891437308868501,0.888544891640867,0.886018237082067,0.890965732087227,0.892307692307692,0.895638629283489,0.893353941267388,0.886503067484663,0.880573248407643,0.885758998435055,0.901386748844376,0.90726429675425,0.892913385826772,0.884555382215289,0.895384615384615,0.897239263803681,0.890625,0.896499238964992,0.8953125,0.897674418604651,0.891679748822606,0.880877742946709,0.893353941267388,0.890965732087227,0.888540031397174,0.903125,0.896988906497623,0.899068322981366,0.888036809815951,0.894488188976378,0.895454545454546,0.889235569422777,0.894573643410853,0.895545314900154,0.886255924170616,0.891135303265941,0,0,0,0,1,0.998444790046656,1,1,1,1,1,1,1,1,1,1,1,1,1,1,1,1,1,1,1,1,1,1,1,1,1,1,1,1,1,1,1,1,1,1,1,1,1,1,1,1,1,1,1,0,0,0,0,0,0,0,0,0,0,0,0,0,0,0,0,0,0,0,0,0,0,0,0,0,0,0,0,0,0,0,0,0,0,0,0,0,0,0,0,0,0,0,0,0,0,0,0,0,0,0,0,0,0,0,0,0,0,0,0,0,0,0,0,0,0,0,0,0,0,0,0,0,0,0,0,0,0,0,0,0,0,0,0,0,0,0,0,0,0,0,0,0,0,0,0,0,0,0,0,0,0,0,0,0,0,0,0,0,0,0,0,0,0,0,0,0,0,0,0,0,0,0,0,0,0,0,0,0,0,0,0,0,0,0,0,0,0,0,0,0,0,0,0,0,0,0,0
"82",0,0,0,0,0.884080370942813,0.874622356495468,0.878930817610063,0.883614088820827,0.877828054298643,0.879756468797565,0.881516587677725,0.88455772113943,0.877112135176651,0.876876876876877,0.882530120481928,0.880664652567976,0.884437596302003,0.878086419753086,0.871601208459215,0.878461538461539,0.871674491392801,0.89193302891933,0.893233082706767,0.880434782608696,0.87308868501529,0.884673748103187,0.889380530973451,0.87789799072643,0.885925925925926,0.881435257410296,0.887537993920973,0.881435257410296,0.866464339908953,0.882530120481928,0.877086494688923,0.88006230529595,0.890937019969278,0.885670731707317,0.885271317829457,0.875766871165644,0.877138413685848,0.882005899705015,0.882621951219512,0.89041095890411,0.882706766917293,0.872919818456883,0.880733944954128,0,0,0,0,1,0.99537037037037,0.998456790123457,1,1,1,1,1,1,1,1,1,1,1,1,1,1,1,1,1,1,1,1,1,1,1,1,1,1,1,1,1,1,1,1,1,1,1,1,1,1,1,1,1,1,0,0,0,0,0,0,0,0,0,0,0,0,0,0,0,0,0,0,0,0,0,0,0,0,0,0,0,0,0,0,0,0,0,0,0,0,0,0,0,0,0,0,0,0,0,0,0,0,0,0,0,0,0,0,0,0,0,0,0,0,0,0,0,0,0,0,0,0,0,0,0,0,0,0,0,0,0,0,0,0,0,0,0,0,0,0,0,0,0,0,0,0,0,0,0,0,0,0,0,0,0,0,0,0,0,0,0,0,0,0,0,0,0,0,0,0,0,0,0,0,0,0,0,0,0,0,0,0,0,0,0,0,0,0,0,0,0,0,0,0,0,0,0,0,0,0,0,0
"83",0,0,0,0,0.881889763779528,0.873456790123457,0.878315132605304,0.884259259259259,0.880844645550528,0.881538461538461,0.880763116057234,0.88109756097561,0.87673343605547,0.8763197586727,0.875968992248062,0.88208269525268,0.883464566929134,0.878693623639191,0.87402799377916,0.874403815580286,0.872670807453416,0.889739663093415,0.895384615384615,0.874015748031496,0.873456790123457,0.883969465648855,0.886018237082067,0.880952380952381,0.887537993920973,0.881889763779528,0.887675507020281,0.882534775888717,0.87037037037037,0.881638846737481,0.876352395672334,0.875399361022364,0.889400921658986,0.884012539184953,0.884437596302003,0.870967741935484,0.881889763779528,0.884210526315789,0.88006230529595,0.888544891640867,0.884146341463415,0.877112135176651,0.880368098159509,0,0,0,0,1,0.995341614906832,0.998439937597504,1,1,1,1,1,1,1,1,1,1,1,1,1,1,1,1,1,1,1,1,1,1,1,1,1,1,1,1,1,1,1,1,1,1,1,1,1,1,1,1,1,1,0,0,0,0,0,0,0,0,0,0,0,0,0,0,0,0,0,0,0,0,0,0,0,0,0,0,0,0,0,0,0,0,0,0,0,0,0,0,0,0,0,0,0,0,0,0,0,0,0,0,0,0,0,0,0,0,0,0,0,0,0,0,0,0,0,0,0,0,0,0,0,0,0,0,0,0,0,0,0,0,0,0,0,0,0,0,0,0,0,0,0,0,0,0,0,0,0,0,0,0,0,0,0,0,0,0,0,0,0,0,0,0,0,0,0,0,0,0,0,0,0,0,0,0,0,0,0,0,0,0,0,0,0,0,0,0,0,0,0,0,0,0,0,0,0,0,0,0
"84",0,0,0,0,0.895253682487725,0.887278582930757,0.891122278056951,0.892508143322476,0.893790849673203,0.895161290322581,0.884297520661157,0.898412698412698,0.889789303079417,0.888888888888889,0.891268533772652,0.893481717011129,0.893790849673203,0.890675241157556,0.886035313001605,0.886054421768708,0.88529886914378,0.899212598425197,0.907894736842105,0.893203883495146,0.884364820846905,0.893548387096774,0.896825396825397,0.891666666666667,0.896496815286624,0.891268533772652,0.898527004909984,0.894214876033058,0.880258899676375,0.896,0.886885245901639,0.889072847682119,0.901639344262295,0.89672131147541,0.898858075040783,0.885668276972625,0.89016393442623,0.891547049441786,0.896,0.8992,0.894991922455573,0.885993485342019,0.891547049441786,0,0,0,0,1,0.996742671009772,0.998405103668262,1,1,1,1,1,1,1,1,1,1,1,1,1,1,1,1,1,1,1,1,1,1,1,1,1,1,1,1,1,1,1,1,1,1,1,1,1,1,1,1,1,1,0,0,0,0,0,0,0,0,0,0,0,0,0,0,0,0,0,0,0,0,0,0,0,0,0,0,0,0,0,0,0,0,0,0,0,0,0,0,0,0,0,0,0,0,0,0,0,0,0,0,0,0,0,0,0,0,0,0,0,0,0,0,0,0,0,0,0,0,0,0,0,0,0,0,0,0,0,0,0,0,0,0,0,0,0,0,0,0,0,0,0,0,0,0,0,0,0,0,0,0,0,0,0,0,0,0,0,0,0,0,0,0,0,0,0,0,0,0,0,0,0,0,0,0,0,0,0,0,0,0,0,0,0,0,0,0,0,0,0,0,0,0,0,0,0,0,0,0
"85",0,0,0,0,0.898894154818325,0.886075949367089,0.893548387096774,0.894154818325434,0.897674418604651,0.8953125,0.889430894308943,0.894333843797856,0.89010989010989,0.889400921658986,0.894736842105263,0.892355694227769,0.896825396825397,0.889937106918239,0.890769230769231,0.886178861788618,0.889937106918239,0.89922480620155,0.906396255850234,0.895666131621188,0.885271317829457,0.894245723172628,0.899536321483771,0.895569620253165,0.898928024502297,0.896,0.894154818325434,0.894984326018809,0.88006230529595,0.897356143079316,0.885220125786163,0.889245585874799,0.906009244992296,0.894154818325434,0.895475819032761,0.889763779527559,0.891547049441786,0.896656534954407,0.891338582677165,0.901716068642746,0.894409937888199,0.890127388535032,0.896062992125984,0,0,0,0,1,0.995334370139969,0.998427672955975,1,1,1,1,1,1,1,1,1,1,1,1,1,1,1,1,1,1,1,1,1,1,1,1,1,1,1,1,1,1,1,1,1,1,1,1,1,1,1,1,1,1,0,0,0,0,0,0,0,0,0,0,0,0,0,0,0,0,0,0,0,0,0,0,0,0,0,0,0,0,0,0,0,0,0,0,0,0,0,0,0,0,0,0,0,0,0,0,0,0,0,0,0,0,0,0,0,0,0,0,0,0,0,0,0,0,0,0,0,0,0,0,0,0,0,0,0,0,0,0,0,0,0,0,0,0,0,0,0,0,0,0,0,0,0,0,0,0,0,0,0,0,0,0,0,0,0,0,0,0,0,0,0,0,0,0,0,0,0,0,0,0,0,0,0,0,0,0,0,0,0,0,0,0,0,0,0,0,0,0,0,0,0,0,0,0,0,0,0,0
"86",0,0,0,0,0.891373801916933,0.884858044164038,0.891056910569106,0.888529886914378,0.891472868217054,0.887122416534181,0.89016393442623,0.888372093023256,0.884194053208138,0.880989180834621,0.888712241653418,0.891338582677165,0.893819334389857,0.886255924170616,0.882911392405063,0.882352941176471,0.879556259904913,0.897314375987362,0.902053712480253,0.892109500805153,0.880573248407643,0.893081761006289,0.891975308641975,0.889430894308943,0.893188854489164,0.889423076923077,0.889937106918239,0.890499194847021,0.880434782608696,0.890453834115806,0.881219903691814,0.889967637540453,0.890675241157556,0.891760904684976,0.89171974522293,0.883942766295707,0.884430176565008,0.891808346213292,0.888712241653418,0.894819466248038,0.886435331230284,0.884858044164038,0.888712241653418,0,0,0,0,1,0.996835443037975,0.998422712933754,1,1,1,1,1,1,1,1,1,1,1,1,1,1,1,1,1,1,1,1,1,1,1,1,1,1,1,1,1,1,1,1,1,1,1,1,1,1,1,1,1,1,0,0,0,0,0,0,0,0,0,0,0,0,0,0,0,0,0,0,0,0,0,0,0,0,0,0,0,0,0,0,0,0,0,0,0,0,0,0,0,0,0,0,0,0,0,0,0,0,0,0,0,0,0,0,0,0,0,0,0,0,0,0,0,0,0,0,0,0,0,0,0,0,0,0,0,0,0,0,0,0,0,0,0,0,0,0,0,0,0,0,0,0,0,0,0,0,0,0,0,0,0,0,0,0,0,0,0,0,0,0,0,0,0,0,0,0,0,0,0,0,0,0,0,0,0,0,0,0,0,0,0,0,0,0,0,0,0,0,0,0,0,0,0,0,0,0,0,0
"87",0,0,0,0,0.889776357827476,0.881219903691814,0.885572139303483,0.892857142857143,0.882911392405063,0.886914378029079,0.889802631578947,0.885448916408669,0.884126984126984,0.877551020408163,0.885113268608414,0.88783570300158,0.88961038961039,0.886762360446571,0.883683360258481,0.885057471264368,0.878048780487805,0.897637795275591,0.903381642512077,0.891268533772652,0.8801261829653,0.891373801916933,0.88871473354232,0.887640449438202,0.894321766561514,0.886914378029079,0.896103896103896,0.890145395799677,0.87459807073955,0.891891891891892,0.878787878787879,0.885993485342019,0.890499194847021,0.893548387096774,0.893719806763285,0.881028938906752,0.886885245901639,0.884914463452566,0.888357256778309,0.898251192368839,0.8875,0.881219903691814,0.888357256778309,0,0,0,0,1,0.996784565916399,0.998394863563403,1,1,1,1,1,1,1,1,1,1,1,1,1,1,1,1,1,1,1,1,1,1,1,1,1,1,1,1,1,1,1,1,1,1,1,1,1,1,1,1,1,1,0,0,0,0,0,0,0,0,0,0,0,0,0,0,0,0,0,0,0,0,0,0,0,0,0,0,0,0,0,0,0,0,0,0,0,0,0,0,0,0,0,0,0,0,0,0,0,0,0,0,0,0,0,0,0,0,0,0,0,0,0,0,0,0,0,0,0,0,0,0,0,0,0,0,0,0,0,0,0,0,0,0,0,0,0,0,0,0,0,0,0,0,0,0,0,0,0,0,0,0,0,0,0,0,0,0,0,0,0,0,0,0,0,0,0,0,0,0,0,0,0,0,0,0,0,0,0,0,0,0,0,0,0,0,0,0,0,0,0,0,0,0,0,0,0,0,0,0
"88",0,0,0,0,0.890822784810127,0.884244372990354,0.891410048622366,0.899841017488076,0.889408099688474,0.896875,0.894991922455573,0.895061728395062,0.892913385826772,0.888036809815951,0.8921875,0.895061728395062,0.896496815286624,0.889064976228209,0.884914463452566,0.889789303079417,0.889589905362776,0.900787401574803,0.90809968847352,0.894230769230769,0.883942766295707,0.895800933125972,0.897709923664122,0.891585760517799,0.900928792569659,0.891547049441786,0.89873417721519,0.892575039494471,0.878740157480315,0.894573643410853,0.889408099688474,0.889430894308943,0.903481012658228,0.898089171974522,0.899053627760252,0.889589905362776,0.888349514563107,0.893129770992366,0.894573643410853,0.896713615023474,0.895148669796557,0.885220125786163,0.891849529780564,0,0,0,0,1,0.996835443037975,0.9984375,1,1,1,1,1,1,1,1,1,1,1,1,1,1,1,1,1,1,1,1,1,1,1,1,1,1,1,1,1,1,1,1,1,1,1,1,1,1,1,1,1,1,0,0,0,0,0,0,0,0,0,0,0,0,0,0,0,0,0,0,0,0,0,0,0,0,0,0,0,0,0,0,0,0,0,0,0,0,0,0,0,0,0,0,0,0,0,0,0,0,0,0,0,0,0,0,0,0,0,0,0,0,0,0,0,0,0,0,0,0,0,0,0,0,0,0,0,0,0,0,0,0,0,0,0,0,0,0,0,0,0,0,0,0,0,0,0,0,0,0,0,0,0,0,0,0,0,0,0,0,0,0,0,0,0,0,0,0,0,0,0,0,0,0,0,0,0,0,0,0,0,0,0,0,0,0,0,0,0,0,0,0,0,0,0,0,0,0,0,0
"89",0,0,0,0,0.890302066772655,0.881141045958796,0.889952153110048,0.889589905362776,0.882352941176471,0.891135303265941,0.891056910569106,0.887864823348694,0.881987577639752,0.882170542635659,0.886762360446571,0.889408099688474,0.892744479495268,0.886435331230284,0.884555382215289,0.880382775119617,0.881889763779528,0.894573643410853,0.902053712480253,0.890995260663507,0.879256965944272,0.891975308641975,0.893939393939394,0.882636655948553,0.89618320610687,0.889937106918239,0.895800933125972,0.889937106918239,0.875590551181102,0.893846153846154,0.885802469135803,0.887820512820513,0.893650793650794,0.895638629283489,0.893416927899687,0.884012539184953,0.88871473354232,0.890076335877863,0.884735202492212,0.893846153846154,0.890262751159196,0.884914463452566,0.888888888888889,0,0,0,0,1,0.996850393700787,0.998427672955975,1,1,1,1,1,1,1,1,1,1,1,1,1,1,1,1,1,1,1,1,1,1,1,1,1,1,1,1,1,1,1,1,1,1,1,1,1,1,1,1,1,1,0,0,0,0,0,0,0,0,0,0,0,0,0,0,0,0,0,0,0,0,0,0,0,0,0,0,0,0,0,0,0,0,0,0,0,0,0,0,0,0,0,0,0,0,0,0,0,0,0,0,0,0,0,0,0,0,0,0,0,0,0,0,0,0,0,0,0,0,0,0,0,0,0,0,0,0,0,0,0,0,0,0,0,0,0,0,0,0,0,0,0,0,0,0,0,0,0,0,0,0,0,0,0,0,0,0,0,0,0,0,0,0,0,0,0,0,0,0,0,0,0,0,0,0,0,0,0,0,0,0,0,0,0,0,0,0,0,0,0,0,0,0,0,0,0,0,0,0
"90",0,0,0,0,0.888888888888889,0.881516587677725,0.883031301482702,0.889776357827476,0.889240506329114,0.885220125786163,0.882926829268293,0.886075949367089,0.879936808846761,0.882629107981221,0.890995260663507,0.891135303265941,0.892455858747994,0.886292834890966,0.883464566929134,0.881773399014778,0.880763116057234,0.894321766561514,0.902362204724409,0.886731391585761,0.88301282051282,0.891849529780564,0.896284829721362,0.884868421052632,0.894409937888199,0.887820512820513,0.898876404494382,0.889776357827476,0.879936808846761,0.892913385826772,0.882539682539683,0.879084967320261,0.901273885350318,0.893481717011129,0.896,0.876404494382023,0.885483870967742,0.891135303265941,0.891679748822606,0.892234548335975,0.887323943661972,0.881889763779528,0.886792452830189,0,0,0,0,1,0.995207667731629,0.998402555910543,1,1,1,1,1,1,1,1,1,1,1,1,1,1,1,1,1,1,1,1,1,1,1,1,1,1,1,1,1,1,1,1,1,1,1,1,1,1,1,1,1,1,0,0,0,0,0,0,0,0,0,0,0,0,0,0,0,0,0,0,0,0,0,0,0,0,0,0,0,0,0,0,0,0,0,0,0,0,0,0,0,0,0,0,0,0,0,0,0,0,0,0,0,0,0,0,0,0,0,0,0,0,0,0,0,0,0,0,0,0,0,0,0,0,0,0,0,0,0,0,0,0,0,0,0,0,0,0,0,0,0,0,0,0,0,0,0,0,0,0,0,0,0,0,0,0,0,0,0,0,0,0,0,0,0,0,0,0,0,0,0,0,0,0,0,0,0,0,0,0,0,0,0,0,0,0,0,0,0,0,0,0,0,0,0,0,0,0,0,0
"91",0,0,0,0,0.889408099688474,0.884914463452566,0.887147335423197,0.891808346213292,0.88719512195122,0.893617021276596,0.887658227848101,0.891437308868501,0.888379204892966,0.883233532934132,0.89060092449923,0.888549618320611,0.893081761006289,0.883614088820827,0.883792048929664,0.888364779874214,0.8796875,0.896396396396396,0.897990726429675,0.892913385826772,0.883256528417819,0.888719512195122,0.895454545454546,0.889240506329114,0.896551724137931,0.890092879256966,0.899848254931715,0.888379204892966,0.875384615384615,0.891768292682927,0.883076923076923,0.887122416534181,0.896284829721362,0.893915756630265,0.896604938271605,0.886328725038402,0.886435331230284,0.885714285714286,0.88646967340591,0.89618320610687,0.888549618320611,0.88006230529595,0.886328725038402,0,0,0,0,1,0.996904024767802,0.998454404945904,1,1,1,1,1,1,1,1,1,1,1,1,1,1,1,1,1,1,1,1,1,1,1,1,1,1,1,1,1,1,1,1,1,1,1,1,1,1,1,1,1,1,0,0,0,0,0,0,0,0,0,0,0,0,0,0,0,0,0,0,0,0,0,0,0,0,0,0,0,0,0,0,0,0,0,0,0,0,0,0,0,0,0,0,0,0,0,0,0,0,0,0,0,0,0,0,0,0,0,0,0,0,0,0,0,0,0,0,0,0,0,0,0,0,0,0,0,0,0,0,0,0,0,0,0,0,0,0,0,0,0,0,0,0,0,0,0,0,0,0,0,0,0,0,0,0,0,0,0,0,0,0,0,0,0,0,0,0,0,0,0,0,0,0,0,0,0,0,0,0,0,0,0,0,0,0,0,0,0,0,0,0,0,0,0,0,0,0,0,0
"92",0,0,0,0,0.89540412044374,0.879807692307692,0.890701468189233,0.891935483870968,0.8921875,0.891547049441786,0.887043189368771,0.887323943661972,0.886614173228346,0.888024883359253,0.891472868217054,0.893617021276596,0.888709677419355,0.891135303265941,0.881141045958796,0.885572139303483,0.883647798742138,0.901253918495298,0.903785488958991,0.8928,0.8828125,0.893915756630265,0.897990726429675,0.887622149837134,0.897674418604651,0.887640449438202,0.89540412044374,0.893964110929853,0.881889763779528,0.889064976228209,0.8848,0.88379705400982,0.897959183673469,0.891338582677165,0.893890675241158,0.884615384615385,0.886217948717949,0.891304347826087,0.888540031397174,0.899529042386185,0.892913385826772,0.87987012987013,0.888188976377953,0,0,0,0,1,0.9952,0.998417721518987,1,1,1,1,1,1,1,1,1,1,1,1,1,1,1,1,1,1,1,1,1,1,1,1,1,1,1,1,1,1,1,1,1,1,1,1,1,1,1,1,1,1,0,0,0,0,0,0,0,0,0,0,0,0,0,0,0,0,0,0,0,0,0,0,0,0,0,0,0,0,0,0,0,0,0,0,0,0,0,0,0,0,0,0,0,0,0,0,0,0,0,0,0,0,0,0,0,0,0,0,0,0,0,0,0,0,0,0,0,0,0,0,0,0,0,0,0,0,0,0,0,0,0,0,0,0,0,0,0,0,0,0,0,0,0,0,0,0,0,0,0,0,0,0,0,0,0,0,0,0,0,0,0,0,0,0,0,0,0,0,0,0,0,0,0,0,0,0,0,0,0,0,0,0,0,0,0,0,0,0,0,0,0,0,0,0,0,0,0,0
"93",0,0,0,0,0.896,0.886970172684458,0.896103896103896,0.891679748822606,0.893518518518518,0.894654088050314,0.887417218543046,0.891104294478528,0.888544891640867,0.887345679012346,0.894654088050314,0.893915756630265,0.898876404494382,0.891808346213292,0.892523364485981,0.885113268608414,0.888364779874214,0.903426791277259,0.903276131045242,0.893376413570275,0.884676145339652,0.891849529780564,0.896124031007752,0.892857142857143,0.902290076335878,0.893312101910828,0.8953125,0.895833333333333,0.880877742946709,0.897515527950311,0.8832,0.886762360446571,0.903276131045242,0.898550724637681,0.8928,0.887345679012346,0.891891891891892,0.892141756548536,0.8928,0.898753894080997,0.896604938271605,0.886435331230284,0.899212598425197,0,0,0,0,1,0.995305164319249,0.998407643312102,1,1,1,1,1,1,1,1,1,1,1,1,1,1,1,1,1,1,1,1,1,1,1,1,1,1,1,1,1,1,1,1,1,1,1,1,1,1,1,1,1,1,0,0,0,0,0,0,0,0,0,0,0,0,0,0,0,0,0,0,0,0,0,0,0,0,0,0,0,0,0,0,0,0,0,0,0,0,0,0,0,0,0,0,0,0,0,0,0,0,0,0,0,0,0,0,0,0,0,0,0,0,0,0,0,0,0,0,0,0,0,0,0,0,0,0,0,0,0,0,0,0,0,0,0,0,0,0,0,0,0,0,0,0,0,0,0,0,0,0,0,0,0,0,0,0,0,0,0,0,0,0,0,0,0,0,0,0,0,0,0,0,0,0,0,0,0,0,0,0,0,0,0,0,0,0,0,0,0,0,0,0,0,0,0,0,0,0,0,0
"94",0,0,0,0,0.89792663476874,0.891547049441786,0.899671052631579,0.895330112721417,0.891338582677165,0.896062992125984,0.893155258764608,0.903276131045242,0.897035881435257,0.893987341772152,0.894488188976378,0.89873417721519,0.898360655737705,0.897314375987362,0.900473933649289,0.894563426688633,0.891760904684976,0.913928012519562,0.917316692667707,0.895833333333333,0.889589905362776,0.903174603174603,0.903426791277259,0.895833333333333,0.903937007874016,0.89983844911147,0.903225806451613,0.901294498381877,0.890145395799677,0.90521327014218,0.893376413570275,0.897394136807818,0.906451612903226,0.904,0.906148867313916,0.8944,0.897893030794165,0.898119122257053,0.899841017488076,0.905660377358491,0.8984375,0.8944,0.901273885350318,0,0,0,0,1,0.996779388083736,0.9984,1,1,1,1,1,1,1,1,1,1,1,1,1,1,1,1,1,1,1,1,1,1,1,1,1,1,1,1,1,1,1,1,1,1,1,1,1,1,1,1,1,1,0,0,0,0,0,0,0,0,0,0,0,0,0,0,0,0,0,0,0,0,0,0,0,0,0,0,0,0,0,0,0,0,0,0,0,0,0,0,0,0,0,0,0,0,0,0,0,0,0,0,0,0,0,0,0,0,0,0,0,0,0,0,0,0,0,0,0,0,0,0,0,0,0,0,0,0,0,0,0,0,0,0,0,0,0,0,0,0,0,0,0,0,0,0,0,0,0,0,0,0,0,0,0,0,0,0,0,0,0,0,0,0,0,0,0,0,0,0,0,0,0,0,0,0,0,0,0,0,0,0,0,0,0,0,0,0,0,0,0,0,0,0,0,0,0,0,0,0
"95",0,0,0,0,0.897893030794165,0.889070146818923,0.894736842105263,0.898876404494382,0.8944,0.892455858747994,0.896494156928214,0.895071542130366,0.887278582930757,0.893312101910828,0.893790849673203,0.895934959349593,0.901153212520593,0.896607431340872,0.89413680781759,0.888701517706577,0.887438825448613,0.906148867313916,0.909090909090909,0.897651006711409,0.889983579638752,0.895666131621188,0.892744479495268,0.891980360065466,0.904306220095694,0.892561983471074,0.902755267423015,0.896551724137931,0.88562091503268,0.895666131621188,0.889072847682119,0.888888888888889,0.899676375404531,0.893617021276596,0.9,0.889802631578947,0.892384105960265,0.894060995184591,0.898058252427185,0.900958466453674,0.894230769230769,0.889256198347107,0.897058823529412,0,0,0,0,1,0.995090016366612,0.998366013071895,1,1,1,1,1,1,1,1,1,1,1,1,1,1,1,1,1,1,1,1,1,1,1,1,1,1,1,1,1,1,1,1,1,1,1,1,1,1,1,1,1,1,0,0,0,0,0,0,0,0,0,0,0,0,0,0,0,0,0,0,0,0,0,0,0,0,0,0,0,0,0,0,0,0,0,0,0,0,0,0,0,0,0,0,0,0,0,0,0,0,0,0,0,0,0,0,0,0,0,0,0,0,0,0,0,0,0,0,0,0,0,0,0,0,0,0,0,0,0,0,0,0,0,0,0,0,0,0,0,0,0,0,0,0,0,0,0,0,0,0,0,0,0,0,0,0,0,0,0,0,0,0,0,0,0,0,0,0,0,0,0,0,0,0,0,0,0,0,0,0,0,0,0,0,0,0,0,0,0,0,0,0,0,0,0,0,0,0,0,0
"96",0,0,0,0,0.896103896103896,0.88301282051282,0.887640449438202,0.890302066772655,0.889589905362776,0.888540031397174,0.88595041322314,0.891338582677165,0.889776357827476,0.8875,0.892628205128205,0.894984326018809,0.892628205128205,0.88801261829653,0.883942766295707,0.889245585874799,0.884430176565008,0.894984326018809,0.903426791277259,0.888709677419355,0.8890625,0.895475819032761,0.897035881435257,0.88961038961039,0.89937106918239,0.892857142857143,0.895666131621188,0.889430894308943,0.876386687797147,0.896551724137931,0.883647798742138,0.887987012987013,0.897394136807818,0.890850722311397,0.896440129449838,0.888364779874214,0.883870967741936,0.88785046728972,0.89047619047619,0.892744479495268,0.894080996884735,0.88,0.895238095238095,0,0,0,0,1,0.996850393700787,0.998394863563403,1,1,1,1,1,1,1,1,1,1,1,1,1,1,1,1,1,1,1,1,1,1,1,1,1,1,1,1,1,1,1,1,1,1,1,1,1,1,1,1,1,1,0,0,0,0,0,0,0,0,0,0,0,0,0,0,0,0,0,0,0,0,0,0,0,0,0,0,0,0,0,0,0,0,0,0,0,0,0,0,0,0,0,0,0,0,0,0,0,0,0,0,0,0,0,0,0,0,0,0,0,0,0,0,0,0,0,0,0,0,0,0,0,0,0,0,0,0,0,0,0,0,0,0,0,0,0,0,0,0,0,0,0,0,0,0,0,0,0,0,0,0,0,0,0,0,0,0,0,0,0,0,0,0,0,0,0,0,0,0,0,0,0,0,0,0,0,0,0,0,0,0,0,0,0,0,0,0,0,0,0,0,0,0,0,0,0,0,0,0
"97",1,1,1,1,0,0,0,0,0,0,0,0,0,0,0,0,0,0,0,0,0,0,0,0,0,0,0,0,0,0,0,0,0,0,0,0,0,0,0,0,0,0,0,0,0,0,0,1,1,1,1,0,0,0,0,0,0,0,0,0,0,0,0,0,0,0,0,0,0,0,0,0,0,0,0,0,0,0,0,0,0,0,0,0,0,0,0,0,0,0,0,0,0,0,0,0,1,0.196374622356495,0.104037267080745,0.0913385826771654,0.098613251155624,0.905808477237049,0.993808049535604,0.998415213946117,0.169724770642202,0.89039039039039,0.110271903323263,0.147104851330203,0.766153846153846,0.727131782945736,1,0.325264750378215,0.0992481203007519,0.141984732824427,0.129230769230769,1,0.984732824427481,0.103235747303544,0.275974025974026,0.995334370139969,0.104851330203443,1,0.10223642172524,1,0.111963190184049,0.201238390092879,0.103139013452915,1,0.107302533532042,0.235735735735736,0.989263803680982,0.287202380952381,0.903225806451613,0.101949025487256,0.996845425867508,0.089644513137558,0.171385991058122,0.898928024502297,0.267267267267267,0.26046511627907,1,0.993911719939117,0.0946745562130177,0.205287713841369,0.206022187004754,0.108832807570978,0.115207373271889,1,0.26355421686747,0.99075500770416,0.0885093167701863,1,0.994020926756353,0.0969230769230769,0.159264931087289,1,0.121538461538462,0.76056338028169,0.20763358778626,0.0984615384615385,1,1,0.1321044546851,0.101823708206687,0.101361573373676,1,0.996941896024465,0.0927051671732523,0.0993788819875776,0.109375,0.998461538461539,0.0987841945288754,0.996894409937888,0.995384615384615,0.587706146926537,0.0932721712538226,0.293313069908815,0.264880952380952,1,0.213953488372093,0.708006279434851,0.233433734939759,0.996835443037975,0.746153846153846,1,0.102134146341463,0.101226993865031,0.956589147286822,0.995535714285714,0.918796992481203,0.0940819423368741,0.0989345509893455,0.713846153846154,0.1024,0.197204968944099,0.102102102102102,1,1,0.987767584097859,0.548536209553159,1,0.108231707317073,1,0.990922844175492,0.996904024767802,0.748815165876777,0.111450381679389,0.202830188679245,0.0945736434108527,0.975794251134644,0.97239263803681,0.773899848254932,0.0968229954614221,0.0920245398773006,0.113085621970921,0.717325227963526,0.0966257668711656,0.720858895705521,0.976744186046512,1,0.767964071856287,0.139183055975794,1,0.832840236686391,0.183890577507599,1,1,0.143079315707621,0.243243243243243,0.196671709531014,1,0.0896656534954407,0.998509687034277,0.0955993930197269,0.2642089093702,0.105100463678516,1,0.289833080424886,0.989096573208723,0.105343511450382,1,1,0.0998487140695915,0.108150470219436
"98",0.177347242921013,0.191717791411043,0.182648401826484,0.177952755905512,0,0,0,0,0,0,0,0,0,0,0,0,0,0,0,0,0,0,0,0,0,0,0,0,0,0,0,0,0,0,0,0,0,0,0,0,0,0,0,0,0,0,0,0.188059701492537,0.19311377245509,0.187599364069952,0.176744186046512,0,0.00309119010819165,0.00154320987654321,0,0,0,0,0,0,0,0,0,0,0,0,0,0,0,0,0,0,0,0,0,0,0,0,0,0,0,0,0,0,0,0,0,0,0,0,0,0,0,0,0,0,0.196374622356495,1,0.921417565485362,0.92018779342723,0.918335901386749,0.28858024691358,0.204580152671756,0.177293934681182,0.969325153374233,0.289156626506024,0.923076923076923,0.901081916537867,0.418960244648318,0.446676970633694,0.186646433990895,0.765861027190332,0.911808669656203,0.905547226386807,0.933846153846154,0.195158850226929,0.196620583717358,0.904400606980273,0.812903225806452,0.194401244167963,0.937791601866252,0.201793721973094,0.916666666666667,0.197802197802198,0.923195084485407,0.945736434108527,0.922155688622755,0.179604261796043,0.911144578313253,0.835798816568047,0.2046875,0.825256975036711,0.273141122913505,0.910581222056632,0.19811320754717,0.912442396313364,0.903129657228018,0.283559577677225,0.846860643185299,0.907692307692308,0.190184049079755,0.191964285714286,0.921597633136095,0.89968152866242,0.978494623655914,0.92846034214619,0.903963414634146,0.18562874251497,0.822652757078987,0.193353474320242,0.901689708141321,0.184210526315789,0.201515151515152,0.911353032659409,0.925757575757576,0.194570135746606,0.910334346504559,0.394736842105263,0.930981595092024,0.912977099236641,0.190108191653787,0.192012288786482,0.911585365853659,0.925644916540212,0.907185628742515,0.172782874617737,0.2,0.910334346504559,0.918110236220472,0.920122887864823,0.188449848024316,0.914893617021277,0.192955589586524,0.200927357032458,0.562594268476621,0.912202380952381,0.793510324483776,0.838945827232797,0.183925811437403,0.878504672897196,0.458786936236392,0.881024096385542,0.190174326465927,0.420574886535552,0.18348623853211,0.904615384615385,0.907294832826748,0.229483282674772,0.195230998509687,0.242199108469539,0.912254160363086,0.919876733436055,0.455950540958269,0.915470494417863,0.949152542372881,0.918918918918919,0.193009118541033,0.180866965620329,0.209553158705701,0.738724727838258,0.197549770290965,0.916413373860182,0.18429003021148,0.199095022624434,0.192846034214619,0.423255813953488,0.919207317073171,0.940532081377152,0.914503816793893,0.213855421686747,0.212669683257919,0.417168674698795,0.912977099236641,0.917177914110429,0.916666666666667,0.454545454545455,0.916286149162861,0.448736998514116,0.216666666666667,0.187214611872146,0.419259259259259,0.915022761760243,0.188854489164087,0.36849925705795,0.878787878787879,0.188650306748466,0.191950464396285,0.904615384615385,0.851030110935024,0.884384384384384,0.186943620178042,0.915915915915916,0.202662721893491,0.907715582450832,0.846270928462709,0.916167664670659,0.18796992481203,0.833080424886191,0.208012326656394,0.911719939117199,0.180866965620329,0.178736517719569,0.914156626506024,0.926216640502355
"99",0.0924764890282132,0.102040816326531,0.103286384976526,0.0922098569157393,0,0,0,0,0,0,0,0,0,0,0,0,0,0,0,0,0,0,0,0,0,0,0,0,0,0,0,0,0,0,0,0,0,0,0,0,0,0,0,0,0,0,0,0.0990712074303406,0.1112828438949,0.101777059773829,0.0996784565916399,0,0.00314465408805031,0.00158730158730159,0,0,0,0,0,0,0,0,0,0,0,0,0,0,0,0,0,0,0,0,0,0,0,0,0,0,0,0,0,0,0,0,0,0,0,0,0,0,0,0,0,0,0.104037267080745,0.921417565485362,1,0.995114006514658,0.995297805642633,0.2,0.117554858934169,0.107424960505529,0.94811320754717,0.204615384615385,0.996960486322188,0.966876971608833,0.331723027375201,0.379807692307692,0.100463678516229,0.786707882534776,0.9953125,0.972307692307692,0.985871271585557,0.109204368174727,0.116169544740973,0.996908809891808,0.848333333333333,0.110047846889952,0.995215311004785,0.112135176651306,0.996715927750411,0.105263157894737,1,0.917329093799682,0.996870109546166,0.0912,0.99211356466877,0.88,0.112359550561798,0.822188449848024,0.199372056514914,0.996889580093313,0.106796116504854,0.995184590690209,0.934049079754601,0.210691823899371,0.845070422535211,0.859399684044234,0.10062893081761,0.106750392464678,0.995398773006135,0.907014681892333,0.920255183413078,0.991922455573506,0.995305164319249,0.105828220858896,0.858695652173913,0.115506329113924,0.995245641838352,0.106918238993711,0.121306376360809,0.993660855784469,0.952978056426332,0.108661417322835,0.989130434782609,0.327974276527331,0.921752738654147,0.995238095238095,0.107594936708861,0.103338632750397,0.970125786163522,0.995275590551181,0.995384615384615,0.0987261146496815,0.110584518167457,0.995245641838352,0.9968,0.996815286624204,0.10702875399361,0.995275590551181,0.102564102564103,0.114832535885167,0.530139103554869,0.995297805642633,0.828967642526965,0.854740061162079,0.104928457869634,0.903328050713154,0.388349514563107,0.898119122257053,0.102893890675241,0.348982785602504,0.0979133226324237,0.995253164556962,0.995341614906832,0.146456692913386,0.106766917293233,0.173166926677067,0.998442367601246,0.995268138801262,0.378670788253478,0.996699669966997,0.916932907348243,0.996951219512195,0.106918238993711,0.0897637795275591,0.120689655172414,0.536392405063291,0.104265402843602,1,0.0988835725677831,0.112852664576803,0.102848101265823,0.347334410339257,0.9984375,0.901116427432217,0.996845425867508,0.125948406676783,0.123244929797192,0.334876543209877,0.996830427892235,0.995290423861852,0.990291262135922,0.383540372670807,0.993670886075949,0.377742946708464,0.133437990580848,0.10625,0.33843797856049,0.970542635658915,0.0983870967741935,0.282208588957055,0.934065934065934,0.1046875,0.103668261562998,0.968203497615262,0.879032258064516,0.916795069337442,0.0957446808510638,0.996889580093313,0.108231707317073,0.996870109546166,0.853543307086614,0.993720565149137,0.0998415213946117,0.827315541601256,0.12202852614897,0.993788819875776,0.106481481481481,0.102605863192182,0.995341614906832,0.996794871794872
"100",0.086677367576244,0.0903328050713154,0.0849358974358974,0.0780487804878049,0,0,0,0,0,0,0,0,0,0,0,0,0,0,0,0,0,0,0,0,0,0,0,0,0,0,0,0,0,0,0,0,0,0,0,0,0,0,0,0,0,0,0,0.0816326530612245,0.0880503144654088,0.0892561983471074,0.0891410048622366,0,0.00486223662884927,0.00163132137030995,0,0,0,0,0,0,0,0,0,0,0,0,0,0,0,0,0,0,0,0,0,0,0,0,0,0,0,0,0,0,0,0,0,0,0,0,0,0,0,0,0,0,0.0913385826771654,0.92018779342723,0.995114006514658,1,0.998392282958199,0.180032733224223,0.103174603174603,0.0963081861958267,0.936688311688312,0.200612557427259,0.998432601880878,0.960848287112561,0.32843137254902,0.368760064412238,0.0836012861736334,0.773015873015873,1,0.965408805031447,0.971014492753623,0.0940988835725678,0.10207336523126,1,0.83843537414966,0.101941747572816,0.998363338788871,0.10062893081761,1,0.0950080515297907,0.982229402261712,0.906451612903226,0.995290423861852,0.0717781402936378,0.990491283676704,0.87207488299532,0.104404567699837,0.818181818181818,0.201277955271566,1,0.0910569105691057,1,0.932917316692668,0.211446740858506,0.834905660377358,0.841166936790924,0.0933977455716586,0.0985691573926868,1,0.905844155844156,0.908496732026144,0.986991869918699,1,0.0871632329635499,0.851330203442879,0.105345911949686,1,0.0884244372990354,0.102167182662539,0.998384491114701,0.950558213716108,0.097444089456869,0.985530546623794,0.331179321486268,0.912903225806452,0.99837925445705,0.0953150242326333,0.0903328050713154,0.968,1,1,0.0838607594936709,0.105348460291734,1,1,0.998347107438017,0.0955414012738854,1,0.0953150242326333,0.108064516129032,0.510077519379845,1,0.80824088748019,0.841368584758942,0.0844155844155844,0.898876404494382,0.394779771615008,0.888540031397174,0.0913621262458472,0.3552,0.0898876404494382,1,1,0.1408,0.0920436817472699,0.169517884914463,1,1,0.386581469648562,1,0.908945686900958,1,0.0828025477707006,0.0776545166402536,0.106732348111658,0.547657512116317,0.0897435897435897,0.987301587301587,0.0864,0.102040816326531,0.0932475884244373,0.353896103896104,0.996815286624204,0.890879478827362,1,0.121069182389937,0.12258064516129,0.345541401273885,1,0.9984,0.985148514851485,0.383886255924171,0.998412698412698,0.374414976599064,0.118022328548644,0.0900473933649289,0.330757341576507,0.9640625,0.0862619808306709,0.259026687598116,0.932692307692308,0.0882825040128411,0.0897009966777409,0.966292134831461,0.860927152317881,0.915094339622642,0.0808709175738725,1,0.0981308411214953,1,0.855095541401274,0.996789727126806,0.0920840064620355,0.817034700315457,0.1136,0.998402555910543,0.0923566878980892,0.0915032679738562,1,0.983739837398374
"101",0.0864779874213836,0.0957613814756672,0.0924764890282132,0.0850722311396469,0,0,0,0,0,0,0,0,0,0,0,0,0,0,0,0,0,0,0,0,0,0,0,0,0,0,0,0,0,0,0,0,0,0,0,0,0,0,0,0,0,0,0,0.0928462709284627,0.0950920245398773,0.0998389694041868,0.0914927768860353,0,0.00315955766192733,0,0,0,0,0,0,0,0,0,0,0,0,0,0,0,0,0,0,0,0,0,0,0,0,0,0,0,0,0,0,0,0,0,0,0,0,0,0,0,0,0,0,0,0.098613251155624,0.918335901386749,0.995297805642633,0.998392282958199,1,0.187096774193548,0.1078125,0.0987261146496815,0.940251572327044,0.206422018348624,1,0.971153846153846,0.329073482428115,0.392344497607655,0.0913312693498452,0.796267496111975,0.998468606431853,0.972179289026275,0.969745222929936,0.0989180834621329,0.108490566037736,0.998439937597504,0.848080133555927,0.0961538461538462,0.998397435897436,0.0944272445820433,0.998349834983498,0.101449275362319,0.986046511627907,0.912,1,0.0861244019138756,0.99075500770416,0.879756468797565,0.1056,0.833333333333333,0.201248049921997,0.9984375,0.0918032786885246,0.998422712933754,0.935779816513762,0.214511041009464,0.849921011058452,0.854660347551343,0.0955414012738854,0.101880877742947,0.998473282442748,0.910828025477707,0.91496062992126,0.991961414790997,0.998407643312102,0.0914728682170543,0.862714508580343,0.106750392464678,0.998384491114701,0.097331240188383,0.106317411402157,1,0.964006259780908,0.10126582278481,0.987281399046105,0.338658146964856,0.922712933753943,1,0.096875,0.0978260869565217,0.970125786163522,0.998454404945904,0.998452012383901,0.0913385826771654,0.106518282988871,0.998463901689708,0.9984,0.995245641838352,0.0975232198142415,0.998449612403101,0.0920634920634921,0.104166666666667,0.536321483771252,0.998432601880878,0.826687116564417,0.856925418569254,0.0950080515297907,0.899529042386185,0.401587301587302,0.894409937888199,0.1008,0.362204724409449,0.0888888888888889,0.998407643312102,0.998439937597504,0.140127388535032,0.100303951367781,0.176651305683564,0.998447204968944,0.998449612403101,0.391785150078989,0.99835255354201,0.914653784219002,0.998468606431853,0.0928792569659443,0.0838509316770186,0.110236220472441,0.544881889763779,0.0950871632329636,0.993730407523511,0.0940438871473354,0.0976377952755905,0.0935023771790808,0.363782051282051,1,0.896166134185304,0.998412698412698,0.120184899845917,0.118296529968454,0.341194968553459,0.998417721518987,1,0.988505747126437,0.395604395604396,1,0.38871473354232,0.114599686028257,0.0996835443037975,0.344512195121951,0.975232198142415,0.0903328050713154,0.270186335403727,0.93603744149766,0.0919175911251981,0.0983870967741935,0.969648562300319,0.877221324717286,0.924499229583975,0.0937019969278034,0.998447204968944,0.104615384615385,1,0.862068965517241,1,0.0906298003072197,0.82992125984252,0.107424960505529,1,0.0977917981072555,0.0936995153473344,0.998463901689708,0.985342019543974
"102",0.906050955414013,0.906300484652666,0.91496062992126,0.905537459283388,0,0,0,0,0,0,0,0,0,0,0,0,0,0,0,0,0,0,0,0,0,0,0,0,0,0,0,0,0,0,0,0,0,0,0,0,0,0,0,0,0,0,0,0.910518053375196,0.90952380952381,0.915841584158416,0.903225806451613,0,0,0,0,0,0,0,0,0,0,0,0,0,0,0,0,0,0,0,0,0,0,0,0,0,0,0,0,0,0,0,0,0,0,0,0,0,0,0,0,0,0,0,0,0,0.905808477237049,0.28858024691358,0.2,0.180032733224223,0.187096774193548,1,0.900641025641026,0.915171288743883,0.2592,0.94488188976378,0.200310559006211,0.234146341463415,0.879227053140097,0.767366720516963,0.904912836767036,0.38740157480315,0.191153238546603,0.243589743589744,0.230647709320695,0.904610492845787,0.907348242811502,0.198717948717949,0.34125636672326,0.899676375404531,0.1968,0.912087912087912,0.206896551724138,0.90133779264214,0.200317965023847,0.282430213464696,0.195892575039494,0.912762520193861,0.191153238546603,0.308892355694228,0.903752039151713,0.370769230769231,0.863275039745628,0.195892575039494,0.908212560386473,0.182410423452769,0.273010920436817,0.865814696485623,0.355305466237942,0.345104333868379,0.905901116427432,0.903937007874016,0.188180404354588,0.304132231404959,0.279742765273312,0.202302631578947,0.204213938411669,0.910236220472441,0.333333333333333,0.899038461538462,0.189144736842105,0.912762520193861,0.909375,0.186688311688312,0.240887480190174,0.905144694533762,0.207455429497569,0.784219001610306,0.2928,0.191522762951334,0.904838709677419,0.898222940226171,0.235576923076923,0.190095846645367,0.197160883280757,0.896166134185304,0.900489396411093,0.189655172413793,0.194888178913738,0.1939586645469,0.903785488958991,0.183673469387755,0.910112359550562,0.911290322580645,0.641653905053599,0.195583596214511,0.362363919129082,0.386748844375963,0.90359477124183,0.32794830371567,0.755700325732899,0.311111111111111,0.914191419141914,0.777424483306836,0.915064102564103,0.204582651391162,0.193236714975845,0.894736842105263,0.909509202453988,0.868954758190328,0.192125984251969,0.208530805687204,0.757575757575758,0.197693574958814,0.278955954323002,0.199687987519501,0.910828025477707,0.90795631825273,0.908212560386473,0.555555555555556,0.904153354632588,0.196232339089482,0.905901116427432,0.913657770800628,0.90224358974359,0.780936454849498,0.213946117274168,0.290113452188006,0.191318327974277,0.913928012519562,0.899841017488076,0.742635658914729,0.188976377952756,0.195548489666137,0.210180623973727,0.752365930599369,0.180379746835443,0.747603833865815,0.907790143084261,0.904838709677419,0.806603773584906,0.233176838810642,0.909235668789809,0.975077881619938,0.270015698587127,0.900641025641026,0.917609046849758,0.235008103727715,0.301324503311258,0.270866141732283,0.909375,0.187993680884676,0.901408450704225,0.191387559808612,0.342857142857143,0.205741626794258,0.905808477237049,0.386581469648562,0.912420382165605,0.201587301587302,0.900787401574803,0.907317073170732,0.194312796208531,0.212520593080725
"103",0.993798449612403,0.993808049535604,0.995348837209302,0.998394863563403,0,0,0,0,0,0,0,0,0,0,0,0,0,0,0,0,0,0,0,0,0,0,0,0,0,0,0,0,0,0,0,0,0,0,0,0,0,0,0,0,0,0,0,0.99388379204893,0.993817619783617,0.9967585089141,0.993610223642173,0,0,0,0,0,0,0,0,0,0,0,0,0,0,0,0,0,0,0,0,0,0,0,0,0,0,0,0,0,0,0,0,0,0,0,0,0,0,0,0,0,0,0,0,0,0.993808049535604,0.204580152671756,0.117554858934169,0.103174603174603,0.1078125,0.900641025641026,1,1,0.184952978056426,0.889230769230769,0.121028744326778,0.152139461172742,0.757624398073836,0.729133858267716,0.995290423861852,0.327666151468315,0.10355486862442,0.151702786377709,0.140822784810127,0.995363214837713,0.995245641838352,0.113029827315542,0.287581699346405,1,0.117460317460317,0.99537037037037,0.111292962356792,0.993640699523052,0.125391849529781,0.2,0.112480739599384,0.996840442338073,0.114599686028257,0.228260869565217,0.982649842271293,0.296352583586626,0.9140625,0.109230769230769,0.990430622009569,0.102362204724409,0.177195685670262,0.905660377358491,0.275430359937402,0.273311897106109,0.993680884676145,0.998456790123457,0.108231707317073,0.201298701298701,0.209119496855346,0.122977346278317,0.123222748815166,0.996946564885496,0.276827371695179,0.982704402515723,0.0990415335463259,0.993670886075949,0.984615384615385,0.114147909967846,0.150234741784038,0.995305164319249,0.127186009538951,0.758730158730159,0.204334365325077,0.110410094637224,0.995275590551181,0.9953125,0.150793650793651,0.114779874213836,0.111455108359133,0.993730407523511,0.998425196850394,0.102803738317757,0.1056,0.115141955835962,0.992272024729521,0.0989180834621329,0.995260663507109,0.99198717948718,0.594180704441041,0.109204368174727,0.295384615384615,0.266968325791855,0.993610223642173,0.216640502354788,0.725118483412322,0.223255813953488,0.99009900990099,0.744582043343653,0.993700787401575,0.115625,0.113029827315542,0.971337579617834,0.98936170212766,0.933125972006221,0.101404056162246,0.112852664576803,0.723704866562009,0.102941176470588,0.20820189274448,0.111801242236025,0.993740219092332,0.993759750390016,0.982758620689655,0.562893081761006,0.996865203761755,0.12037037037037,0.995348837209302,0.984544049459042,0.992199687987519,0.758899676375405,0.118827160493827,0.20253164556962,0.10459587955626,0.973846153846154,0.971653543307087,0.782407407407407,0.105678233438486,0.103875968992248,0.114942528735632,0.726851851851852,0.104524180967239,0.728395061728395,0.976340694006309,0.993730407523511,0.754224270353303,0.147692307692308,0.993769470404984,0.825227963525836,0.1796875,0.993808049535604,0.993569131832797,0.147672552166934,0.232899022801303,0.187981510015408,0.993865030674847,0.105754276827372,0.995412844036697,0.109567901234568,0.26875,0.116279069767442,0.995260663507109,0.2984375,0.9826224328594,0.114906832298137,0.996840442338073,0.99349593495935,0.110248447204969,0.123376623376623
"104",0.998422712933754,0.998392282958199,1,0.998405103668262,0,0,0,0,0,0,0,0,0,0,0,0,0,0,0,0,0,0,0,0,0,0,0,0,0,0,0,0,0,0,0,0,0,0,0,0,0,0,0,0,0,0,0,0.998456790123457,0.998439937597504,1,0.998376623376623,0,0,0,0,0,0,0,0,0,0,0,0,0,0,0,0,0,0,0,0,0,0,0,0,0,0,0,0,0,0,0,0,0,0,0,0,0,0,0,0,0,0,0,0,0,0.998415213946117,0.177293934681182,0.107424960505529,0.0963081861958267,0.0987261146496815,0.915171288743883,1,1,0.162460567823344,0.90795631825273,0.111801242236025,0.142857142857143,0.782539682539683,0.736842105263158,0.998402555910543,0.318541996830428,0.0956112852664577,0.139020537124803,0.126602564102564,1,0.992272024729521,0.0998439937597504,0.268376068376068,0.998394863563403,0.0996784565916399,0.998417721518987,0.1,0.998387096774194,0.109004739336493,0.182985553772071,0.0990566037735849,0.998392282958199,0.10126582278481,0.224489795918367,0.988709677419355,0.292117465224111,0.908372827804107,0.101246105919003,0.996753246753247,0.0869565217391304,0.173913043478261,0.9046875,0.271428571428571,0.252019386106624,0.998430141287284,0.998425196850394,0.0952380952380952,0.2,0.192063492063492,0.109298531810767,0.110236220472441,0.998456790123457,0.256568778979907,0.988993710691824,0.0876623376623377,0.998394863563403,0.992150706436421,0.104838709677419,0.148562300319489,0.998407643312102,0.112519809825674,0.77258064516129,0.194312796208531,0.096,0.998407643312102,0.998412698412698,0.134281200631912,0.10223642172524,0.101538461538462,0.998405103668262,0.998387096774194,0.0930599369085174,0.100977198697068,0.107317073170732,0.99837925445705,0.09375,0.998392282958199,0.996789727126806,0.590189873417722,0.0971786833855799,0.287267080745342,0.269645608628659,0.99837925445705,0.22275641025641,0.721951219512195,0.21978021978022,0.996644295302013,0.758675078864353,0.998402555910543,0.106518282988871,0.1,0.971786833855799,0.996951219512195,0.927131782945736,0.0911949685534591,0.103059581320451,0.720379146919431,0.0949263502454992,0.190938511326861,0.0977917981072555,0.998381877022654,0.998422712933754,0.985691573926868,0.531645569620253,1,0.108695652173913,0.998415213946117,0.989028213166144,0.998394863563403,0.759677419354839,0.10459587955626,0.1904,0.0993589743589744,0.979750778816199,0.977848101265823,0.7765625,0.0968253968253968,0.0981012658227848,0.110569105691057,0.724727838258165,0.0930599369085174,0.729393468118196,0.979166666666667,0.9984,0.765793528505393,0.137223974763407,0.998412698412698,0.84012539184953,0.178456591639871,0.998407643312102,0.998397435897436,0.135782747603834,0.224919093851133,0.188679245283019,0.998454404945904,0.106750392464678,1,0.095389507154213,0.262243285939968,0.107371794871795,0.998410174880763,0.2896,0.990322580645161,0.0996835443037975,0.998449612403101,0.998384491114701,0.0971786833855799,0.109324758842444
"105",0.151326053042122,0.164319248826291,0.159937888198758,0.157894736842105,0,0,0,0,0,0,0,0,0,0,0,0,0,0,0,0,0,0,0,0,0,0,0,0,0,0,0,0,0,0,0,0,0,0,0,0,0,0,0,0,0,0,0,0.158610271903323,0.162826420890937,0.158576051779935,0.1568,0,0.00470957613814757,0.00155763239875389,0,0,0,0,0,0,0,0,0,0,0,0,0,0,0,0,0,0,0,0,0,0,0,0,0,0,0,0,0,0,0,0,0,0,0,0,0,0,0,0,0,0,0.169724770642202,0.969325153374233,0.94811320754717,0.936688311688312,0.940251572327044,0.2592,0.184952978056426,0.162460567823344,1,0.267993874425727,0.942336874051593,0.930533117932149,0.407232704402516,0.426984126984127,0.154798761609907,0.761832061068702,0.935779816513762,0.929012345679012,0.95583596214511,0.170046801872075,0.18140243902439,0.933846153846154,0.812292358803987,0.166931637519873,0.94888178913738,0.169491525423729,0.944625407166124,0.170731707317073,0.947286821705426,0.969551282051282,0.944444444444444,0.157728706624606,0.937402190923318,0.858015267175573,0.17515923566879,0.835114503816794,0.263823064770932,0.936923076923077,0.166394779771615,0.941176470588235,0.921212121212121,0.283255086071987,0.854914196567863,0.924920127795527,0.158950617283951,0.165366614664587,0.937972768532526,0.914653784219002,1,0.93719806763285,0.9265625,0.1515625,0.825954198473282,0.16380655226209,0.927631578947368,0.162204724409449,0.175572519083969,0.944968553459119,0.95,0.171339563862928,0.933125972006221,0.381102362204724,0.948031496062992,0.945054945054945,0.168789808917197,0.164835164835165,0.934272300469484,0.94,0.938650306748466,0.155905511811024,0.167192429022082,0.935837245696401,0.942857142857143,0.946372239747634,0.167449139280125,0.938080495356037,0.168769716088328,0.167731629392971,0.590909090909091,0.939628482972136,0.797839506172839,0.856707317073171,0.15814696485623,0.894154818325434,0.445497630331754,0.898305084745763,0.158576051779935,0.4,0.153724247226624,0.929356357927786,0.930817610062893,0.216300940438871,0.165898617511521,0.24079754601227,0.940625,0.939393939393939,0.432859399684044,0.944078947368421,0.966666666666667,0.943251533742331,0.155905511811024,0.157492354740061,0.181959564541213,0.661490683229814,0.164319248826291,0.944444444444444,0.151326053042122,0.165634674922601,0.155172413793103,0.40829346092504,0.945226917057903,0.958860759493671,0.933438985736926,0.194744976816074,0.188473520249221,0.409861325115562,0.933333333333333,0.944444444444444,0.947967479674797,0.446009389671362,0.934782608695652,0.432348367029549,0.186520376175549,0.158059467918623,0.398791540785498,0.941807044410414,0.159126365054602,0.343605546995377,0.905718701700155,0.15962441314554,0.15814696485623,0.929936305732484,0.859450726978998,0.905572755417957,0.158536585365854,0.946708463949843,0.17737003058104,0.935837245696401,0.857364341085271,0.942097026604069,0.158307210031348,0.843505477308294,0.168238993710692,0.937791601866252,0.159305993690852,0.140776699029126,0.937116564417178,0.94912559618442
"106",0.898928024502297,0.892802450229709,0.89409984871407,0.902021772939347,0,0,0,0,0,0,0,0,0,0,0,0,0,0,0,0,0,0,0,0,0,0,0,0,0,0,0,0,0,0,0,0,0,0,0,0,0,0,0,0,0,0,0,0.887905604719764,0.8910741301059,0.899843505477308,0.888888888888889,0,0,0,0,0,0,0,0,0,0,0,0,0,0,0,0,0,0,0,0,0,0,0,0,0,0,0,0,0,0,0,0,0,0,0,0,0,0,0,0,0,0,0,0,0,0.89039039039039,0.289156626506024,0.204615384615385,0.200612557427259,0.206422018348624,0.94488188976378,0.889230769230769,0.90795631825273,0.267993874425727,1,0.215568862275449,0.241486068111455,1,0.792778649921507,0.895865237366003,0.44947209653092,0.201219512195122,0.247720364741641,0.23338485316847,0.895454545454546,0.904173106646059,0.198461538461538,0.39870340356564,0.88503937007874,0.204930662557781,0.893939393939394,0.212218649517685,0.89375,0.213953488372093,0.292758089368259,0.203313253012048,0.893188854489164,0.206686930091185,0.343419062027231,0.902927580893683,0.37037037037037,0.885145482388974,0.197289156626506,0.905063291139241,0.204301075268817,0.270676691729323,0.873860182370821,0.355828220858896,0.349056603773585,0.886191198786039,0.896499238964992,0.20353982300885,0.30173775671406,0.288819875776398,0.219626168224299,0.213953488372093,0.897590361445783,0.366515837104072,0.892307692307692,0.195956454121306,0.899082568807339,0.910179640718563,0.206153846153846,0.25226586102719,0.901689708141321,0.224427480916031,0.804580152671756,0.287692307692308,0.207317073170732,0.889739663093415,0.886503067484663,0.242378048780488,0.212765957446809,0.208144796380091,0.905864197530864,0.885448916408669,0.195454545454545,0.202808112324493,0.207109737248841,0.890577507598784,0.205748865355522,0.904173106646059,0.900928792569659,0.633233532934132,0.204580152671756,0.403030303030303,0.363235294117647,0.885625965996909,0.293663060278207,0.76625386996904,0.346385542168675,0.885714285714286,0.807153965785381,0.893292682926829,0.216923076923077,0.215267175572519,0.88855421686747,0.905688622754491,0.881481481481482,0.206373292867982,0.213960546282246,0.784403669724771,0.199036918138042,0.284848484848485,0.201820940819423,0.889057750759878,0.897553516819572,0.902627511591963,0.564341085271318,0.886503067484663,0.203363914373089,0.894578313253012,0.91044776119403,0.897990726429675,0.795886075949367,0.214939024390244,0.296466973886329,0.206521739130435,0.902255639097744,0.901234567901235,0.747761194029851,0.195121951219512,0.207109737248841,0.209048361934477,0.776934749620637,0.197568389057751,0.784638554216867,0.92412746585736,0.887366818873668,0.811940298507463,0.24024024024024,0.903076923076923,0.971342383107089,0.28858024691358,0.890577507598784,0.902362204724409,0.238021638330757,0.34585289514867,0.283763277693475,0.894814814814815,0.194319880418535,0.890881913303438,0.20679012345679,0.339969372128637,0.210769230769231,0.889400921658986,0.382945736434109,0.910769230769231,0.203053435114504,0.891437308868501,0.8953125,0.222388059701493,0.213622291021672
"107",0.0975609756097561,0.107858243451464,0.100303951367781,0.0957613814756672,0,0,0,0,0,0,0,0,0,0,0,0,0,0,0,0,0,0,0,0,0,0,0,0,0,0,0,0,0,0,0,0,0,0,0,0,0,0,0,0,0,0,0,0.0986547085201794,0.108108108108108,0.106583072100313,0.103286384976526,0,0.00462249614791988,0.00154083204930663,0,0,0,0,0,0,0,0,0,0,0,0,0,0,0,0,0,0,0,0,0,0,0,0,0,0,0,0,0,0,0,0,0,0,0,0,0,0,0,0,0,0,0.110271903323263,0.923076923076923,0.996960486322188,0.998432601880878,1,0.200310559006211,0.121028744326778,0.111801242236025,0.942336874051593,0.215568862275449,1,0.960183767228178,0.348765432098765,0.387596899224806,0.101978691019787,0.778787878787879,0.998484848484849,0.967016491754123,0.975460122699387,0.112951807228916,0.117199391171994,0.998454404945904,0.8432,0.118935837245696,0.998435054773083,0.112951807228916,0.998402555910543,0.112324492979719,0.984779299847793,0.903576982892691,1,0.0902021772939347,0.990811638591118,0.874622356495468,0.119010819165379,0.813153961136024,0.203030303030303,0.998516320474777,0.10355486862442,0.998466257668712,0.932735426008969,0.217791411042945,0.835114503816794,0.84080370942813,0.110429447852761,0.108955223880597,0.998502994011976,0.901273885350318,0.911214953271028,0.989180834621329,0.998452012383901,0.102985074626866,0.858006042296072,0.118098159509202,0.998427672955975,0.109923664122137,0.123308270676692,1,0.949386503067485,0.110091743119266,0.986259541984733,0.3328173374613,0.912977099236641,0.998447204968944,0.10939907550077,0.107858243451464,0.967889908256881,0.998489425981873,0.998507462686567,0.102009273570325,0.116459627329193,0.998484848484849,0.998439937597504,0.998466257668712,0.112275449101796,0.998489425981873,0.106976744186047,0.118721461187215,0.522962962962963,0.998477929984779,0.825633383010432,0.838565022421525,0.0998439937597504,0.888208269525268,0.404580152671756,0.894419306184012,0.106583072100313,0.356164383561644,0.105828220858896,0.998466257668712,0.998468606431853,0.151975683890578,0.106983655274889,0.178947368421053,0.998480243161094,0.998480243161094,0.392966360856269,0.998410174880763,0.909230769230769,1,0.106060606060606,0.0932330827067669,0.125,0.55895865237366,0.110599078341014,0.990867579908676,0.103975535168196,0.118181818181818,0.103875968992248,0.355905511811024,1,0.8859375,0.998454404945904,0.133535660091047,0.126911314984709,0.334814814814815,0.998468606431853,0.998475609756098,0.989045383411581,0.402420574886536,0.998468606431853,0.381679389312977,0.138508371385084,0.109062980030722,0.345291479820628,0.968562874251497,0.0965309200603318,0.273809523809524,0.933333333333333,0.106153846153846,0.1078125,0.964451313755796,0.878504672897196,0.914670658682635,0.099554234769688,1,0.114413075780089,0.998496240601504,0.844984802431611,1,0.101823708206687,0.811263318112633,0.122324159021407,1,0.104545454545455,0.104524180967239,0.99851411589896,0.985781990521327
"108",0.138582677165354,0.1408,0.139904610492846,0.127625201938611,0,0,0,0,0,0,0,0,0,0,0,0,0,0,0,0,0,0,0,0,0,0,0,0,0,0,0,0,0,0,0,0,0,0,0,0,0,0,0,0,0,0,0,0.131782945736434,0.143518518518519,0.155629139072848,0.133870967741935,0,0.00478468899521531,0.00158478605388273,0,0,0,0,0,0,0,0,0,0,0,0,0,0,0,0,0,0,0,0,0,0,0,0,0,0,0,0,0,0,0,0,0,0,0,0,0,0,0,0,0,0,0.147104851330203,0.901081916537867,0.966876971608833,0.960848287112561,0.971153846153846,0.234146341463415,0.152139461172742,0.142857142857143,0.930533117932149,0.241486068111455,0.960183767228178,1,0.368760064412238,0.39413680781759,0.135860979462875,0.830696202531646,0.959183673469388,1,0.9584,0.144215530903328,0.156050955414013,0.958266452648475,0.870151770657673,0.14975845410628,0.964968152866242,0.148837209302326,0.955,0.148692810457516,0.966237942122186,0.900481540930979,0.9671875,0.130932896890344,0.958795562599049,0.922958397534669,0.159869494290375,0.828703703703704,0.247634069400631,0.958204334365325,0.146341463414634,0.963492063492064,0.921630094043887,0.253543307086614,0.845047923322684,0.84789644012945,0.145367412140575,0.146730462519936,0.964451313755796,0.909983633387889,0.905144694533762,0.959016393442623,0.963258785942492,0.138364779874214,0.895962732919255,0.144694533762058,0.953301127214171,0.13946117274168,0.1625,0.961538461538462,0.94375,0.148626817447496,0.963375796178344,0.346153846153846,0.915993537964459,0.9568,0.149206349206349,0.142172523961661,1,0.956937799043062,0.954758190327613,0.134493670886076,0.146341463414634,0.963258785942492,0.956661316211878,0.964458804523425,0.138535031847134,0.959438377535101,0.144246353322528,0.153846153846154,0.536661466458658,0.959311424100156,0.861586314152411,0.854714064914992,0.135048231511254,0.894230769230769,0.423202614379085,0.894819466248038,0.142148760330579,0.383012820512821,0.135566188197767,0.957723577235772,0.955555555555556,0.181240063593005,0.14567526555387,0.210443037974684,0.95748031496063,0.963317384370016,0.403815580286169,0.966442953020134,0.897271268057785,0.964230171073095,0.135350318471338,0.122222222222222,0.159235668789809,0.561174551386623,0.141945773524721,0.962025316455696,0.133748055987558,0.154088050314465,0.142172523961661,0.362459546925566,0.968652037617555,0.883116883116883,0.955056179775281,0.171875,0.162162162162162,0.374213836477987,0.956451612903226,0.958664546899841,0.981937602627258,0.410377358490566,0.964686998394864,0.396196513470681,0.177215189873418,0.141494435612083,0.359877488514548,1,0.130016051364366,0.29393468118196,0.976076555023923,0.131955484896661,0.139344262295082,0.996742671009772,0.884552845528455,0.918367346938776,0.134674922600619,0.957413249211357,0.145510835913313,0.963836477987421,0.867834394904459,0.96656050955414,0.144409937888199,0.842948717948718,0.149206349206349,0.958466453674121,0.143974960876369,0.134646962233169,0.957413249211357,0.96656050955414
"109",0.76875,0.768740031897927,0.770569620253165,0.778846153846154,0,0,0,0,0,0,0,0,0,0,0,0,0,0,0,0,0,0,0,0,0,0,0,0,0,0,0,0,0,0,0,0,0,0,0,0,0,0,0,0,0,0,0,0.76271186440678,0.76625386996904,0.778861788617886,0.763285024154589,0,0,0,0,0,0,0,0,0,0,0,0,0,0,0,0,0,0,0,0,0,0,0,0,0,0,0,0,0,0,0,0,0,0,0,0,0,0,0,0,0,0,0,0,0,0.766153846153846,0.418960244648318,0.331723027375201,0.32843137254902,0.329073482428115,0.879227053140097,0.757624398073836,0.782539682539683,0.407232704402516,1,0.348765432098765,0.368760064412238,1,0.770833333333333,0.765723270440252,0.564668769716088,0.327131782945736,0.374021909233177,0.3824,0.777258566978193,0.774294670846395,0.328616352201258,0.52,0.745954692556634,0.332268370607029,0.772585669781931,0.337704918032787,0.768982229402262,0.3472,0.439297124600639,0.327131782945736,0.776714513556619,0.339652448657188,0.469483568075117,0.778846153846154,0.46656298600311,0.804347826086957,0.332810047095761,0.768488745980707,0.333863275039746,0.387692307692308,0.80690737833595,0.456112852664577,0.503215434083601,0.763779527559055,0.759493670886076,0.334351145038168,0.420032310177706,0.420289855072464,0.346905537459283,0.341194968553459,0.767801857585139,0.489859594383775,0.753164556962025,0.317666126418152,0.777952755905512,0.787267080745342,0.329617834394904,0.398425196850394,0.775477707006369,0.343402225755167,0.771929824561403,0.429725363489499,0.3216,0.768253968253968,0.765822784810127,0.358851674641148,0.343307086614173,0.33695652173913,0.772870662460568,0.765923566878981,0.327073552425665,0.336569579288026,0.333870967741935,0.766192733017378,0.327613104524181,0.77831715210356,0.776527331189711,0.679127725856698,0.330203442879499,0.525502318392581,0.469325153374233,0.763578274760383,0.40829346092504,0.748387096774194,0.47887323943662,0.756978653530378,0.777070063694268,0.770800627943485,0.339805825242718,0.338582677165354,0.778649921507064,0.776416539050536,0.8015625,0.341269841269841,0.339089481946625,0.767772511848341,0.328968903436989,0.421974522292994,0.332814930015552,0.769706336939722,0.765354330708661,0.7744,0.570063694267516,0.759873617693523,0.334920634920635,0.769110764430577,0.785602503912363,0.766505636070853,0.761047463175123,0.350793650793651,0.431561996779388,0.334935897435897,0.795031055900621,0.785714285714286,0.706336939721793,0.31378763866878,0.349282296650718,0.333333333333333,0.7625,0.322784810126582,0.767441860465116,0.811526479750779,0.761829652996845,0.780715396578538,0.3625,0.779578606158833,0.929230769230769,0.404724409448819,0.76517571884984,0.770491803278688,0.357723577235772,0.478618421052632,0.429457364341085,0.769113149847095,0.329192546583851,0.757668711656442,0.338006230529595,0.441786283891547,0.335949764521193,0.761526232114467,0.481540930979133,0.784591194968553,0.335433070866142,0.7625,0.768729641693811,0.349378881987578,0.345276872964169
"110",0.727416798732171,0.727272727272727,0.736089030206677,0.718152866242038,0,0,0,0,0,0,0,0,0,0,0,0,0,0,0,0,0,0,0,0,0,0,0,0,0,0,0,0,0,0,0,0,0,0,0,0,0,0,0,0,0,0,0,0.7203125,0.738654147104851,0.733660130718954,0.743589743589744,0,0.00160513643659711,0.00161550888529887,0,0,0,0,0,0,0,0,0,0,0,0,0,0,0,0,0,0,0,0,0,0,0,0,0,0,0,0,0,0,0,0,0,0,0,0,0,0,0,0,0,0,0.727131782945736,0.446676970633694,0.379807692307692,0.368760064412238,0.392344497607655,0.767366720516963,0.729133858267716,0.736842105263158,0.426984126984127,0.792778649921507,0.387596899224806,0.39413680781759,0.770833333333333,1,0.726984126984127,0.615863141524106,0.359937402190923,0.410094637223975,0.389776357827476,0.743710691823899,0.753554502369668,0.366826156299841,0.552238805970149,0.733441033925687,0.382775119617225,0.738654147104851,0.371475953565506,0.733224222585925,0.382306477093207,0.443719412724307,0.3734375,0.731078904991948,0.382911392405063,0.511811023622047,0.728731942215088,0.493212669683258,0.767628205128205,0.375196232339089,0.747557003257329,0.363489499192246,0.427258805513017,0.75516693163752,0.477491961414791,0.482315112540193,0.734076433121019,0.735759493670886,0.378995433789954,0.466666666666667,0.444264943457189,0.394480519480519,0.374795417348609,0.729559748427673,0.53582554517134,0.72107765451664,0.344771241830065,0.731974921630094,0.727129337539432,0.363929146537842,0.416403785488959,0.741269841269841,0.377567140600316,1,0.461661341853035,0.380191693290735,0.72972972972973,0.715408805031447,0.411575562700965,0.375,0.367601246105919,0.730031948881789,0.722852512155592,0.368088467614534,0.360655737704918,0.395534290271132,0.713385826771654,0.365354330708661,0.735247208931419,0.740322580645161,0.644654088050314,0.384976525821596,0.551401869158878,0.488549618320611,0.718954248366013,0.450479233226837,0.9984,0.509433962264151,0.726510067114094,0.998420221169036,0.739747634069401,0.385964912280702,0.366826156299841,0.752738654147105,0.734567901234568,0.751173708920188,0.37258064516129,0.380952380952381,1,0.372964169381107,0.4464,0.373626373626374,0.73968253968254,0.727848101265823,0.762439807383628,0.558028616852146,0.730462519936204,0.371069182389937,0.733017377567141,0.748031496062992,0.736334405144695,1,0.385103011093502,0.432475884244373,0.372357723577236,0.737756714060032,0.754385964912281,0.702194357366771,0.3584,0.364779874213836,0.352459016393443,1,0.378980891719745,1,0.786283891547049,0.725118483412322,0.975346687211094,0.411392405063291,0.736176935229068,0.801829268292683,0.457463884430177,0.729133858267716,0.762214983713355,0.394863563402889,0.486798679867987,0.447574334898279,0.730650154798762,0.367762128325509,0.732307692307692,0.367088607594937,0.482003129890454,0.36741214057508,0.732704402515723,0.494488188976378,0.76984126984127,0.372854914196568,0.735614307931571,0.734959349593496,0.374213836477987,0.375203915171289
"111",1,1,1,1,0,0,0,0,0,0,0,0,0,0,0,0,0,0,0,0,0,0,0,0,0,0,0,0,0,0,0,0,0,0,0,0,0,0,0,0,0,0,0,0,0,0,0,1,1,1,1,0,0,0,0,0,0,0,0,0,0,0,0,0,0,0,0,0,0,0,0,0,0,0,0,0,0,0,0,0,0,0,0,0,0,0,0,0,0,0,0,0,0,0,0,0,1,0.186646433990895,0.100463678516229,0.0836012861736334,0.0913312693498452,0.904912836767036,0.995290423861852,0.998402555910543,0.154798761609907,0.895865237366003,0.101978691019787,0.135860979462875,0.765723270440252,0.726984126984127,1,0.314241486068111,0.0880989180834621,0.137825421133231,0.116352201257862,1,0.987538940809969,0.0948678071539658,0.263772954924875,0.995192307692308,0.100787401574803,1,0.0983606557377049,1,0.109567901234568,0.196485623003195,0.0902021772939347,1,0.0995405819295559,0.214723926380368,0.992088607594937,0.294656488549618,0.909375,0.086687306501548,0.996825396825397,0.0846394984326019,0.162861491628615,0.904836193447738,0.26875,0.24804992199688,1,0.99537037037037,0.0856269113149847,0.195161290322581,0.190625,0.10459587955626,0.102964118564743,1,0.254961832061069,0.990580847723705,0.0849358974358974,1,0.992378048780488,0.0916271721958926,0.150387596899225,1,0.109737248840804,0.762578616352201,0.194662480376766,0.0907668231611894,1,1,0.129082426127527,0.0959752321981424,0.0961832061068702,1,0.996825396825397,0.0889570552147239,0.094488188976378,0.102685624012638,0.998442367601246,0.0910493827160494,0.996835443037975,0.995275590551181,0.588325652841782,0.0914728682170543,0.28030303030303,0.264036418816388,1,0.211598746081505,0.711568938193344,0.215384615384615,0.996763754045307,0.747252747252747,1,0.0957613814756672,0.093167701863354,0.959183673469388,0.995454545454545,0.924924924924925,0.0865533230293663,0.0917573872472784,0.718461538461538,0.0901639344262295,0.192846034214619,0.0955315870570108,1,1,0.987361769352291,0.547286821705426,1,0.1,1,0.989263803680982,0.996845425867508,0.741679873217116,0.098613251155624,0.192,0.0899053627760252,0.976599063962558,0.972006220839813,0.779816513761468,0.0892307692307692,0.0939907550077042,0.0986842105263158,0.716279069767442,0.0899390243902439,0.720858895705521,0.976708074534162,1,0.754518072289157,0.131297709923664,1,0.830275229357798,0.1671875,1,1,0.13237639553429,0.233704292527822,0.185867895545315,1,0.0847457627118644,0.998475609756098,0.0933125972006221,0.255485893416928,0.107309486780715,1,0.294670846394984,0.989010989010989,0.0951638065522621,1,1,0.0953846153846154,0.109149277688604
"112",0.32312404287902,0.3203125,0.317700453857791,0.304075235109718,0,0,0,0,0,0,0,0,0,0,0,0,0,0,0,0,0,0,0,0,0,0,0,0,0,0,0,0,0,0,0,0,0,0,0,0,0,0,0,0,0,0,0,0.317557251908397,0.323664122137405,0.324492979719189,0.322169059011164,0,0.0046656298600311,0.00154083204930663,0,0,0,0,0,0,0,0,0,0,0,0,0,0,0,0,0,0,0,0,0,0,0,0,0,0,0,0,0,0,0,0,0,0,0,0,0,0,0,0,0,0,0.325264750378215,0.765861027190332,0.786707882534776,0.773015873015873,0.796267496111975,0.38740157480315,0.327666151468315,0.318541996830428,0.761832061068702,0.44947209653092,0.778787878787879,0.830696202531646,0.564668769716088,0.615863141524106,0.314241486068111,1,0.773497688751926,0.829007633587786,0.780185758513932,0.329738058551618,0.335889570552147,0.776073619631902,0.966887417218543,0.304897314375987,0.778816199376947,0.326807228915663,0.767885532591415,0.326498422712934,0.784711388455538,0.781201848998459,0.781487101669196,0.321875,0.796380090497738,1,0.34384858044164,0.755622188905547,0.415360501567398,0.777777777777778,0.327014218009479,0.775,0.775757575757576,0.411944869831547,0.764797507788162,0.766561514195584,0.3375,0.331825037707391,0.795216741405082,0.795275590551181,0.77007874015748,0.779365079365079,0.783570300157978,0.325227963525836,0.961948249619482,0.325545171339564,0.767660910518053,0.323943661971831,0.36,0.771384136858476,0.833333333333333,0.325,0.804615384615385,0.562009419152276,0.801232665639445,0.789391575663027,0.326086956521739,0.3109375,0.818885448916409,0.780674846625767,0.782477341389728,0.304012345679012,0.327639751552795,0.771956856702619,0.773584905660377,0.795631825273011,0.328125,0.78,0.329704510108865,0.3328125,0.596651445966514,0.786482334869432,0.978625954198473,0.766816143497758,0.309148264984227,0.78806907378336,0.633956386292835,0.878603945371775,0.331730769230769,0.617784711388456,0.318252730109204,0.780864197530864,0.768273716951788,0.361801242236025,0.326923076923077,0.380809595202399,0.782071097372488,0.787596899224806,0.621329211746522,0.776167471819646,0.777089783281734,0.780451127819549,0.328660436137072,0.298165137614679,0.339144215530903,0.553822152886115,0.314553990610329,0.781733746130031,0.314329738058552,0.335866261398176,0.314152410575428,0.57345971563981,0.79160419790105,0.759433962264151,0.785060975609756,0.348228043143297,0.34585289514867,0.489296636085627,0.778125,0.777604976671851,0.784,0.642857142857143,0.785714285714286,0.621004566210046,0.36875,0.320061255742726,0.57910447761194,0.826625386996904,0.309707241910632,0.516030534351145,0.843410852713178,0.307332293291732,0.322784810126582,0.826224328593997,0.9088,0.871317829457364,0.322289156626506,0.768049155145929,0.312217194570136,0.780337941628264,0.776416539050536,0.784375,0.313846153846154,0.764615384615385,0.344827586206897,0.779320987654321,0.31832298136646,0.317034700315457,0.781818181818182,0.772370486656201
"113",0.0886850152905199,0.0895061728395062,0.0872894333843798,0.0864779874213836,0,0,0,0,0,0,0,0,0,0,0,0,0,0,0,0,0,0,0,0,0,0,0,0,0,0,0,0,0,0,0,0,0,0,0,0,0,0,0,0,0,0,0,0.085972850678733,0.0920060331825038,0.0907668231611894,0.0909090909090909,0,0.0046875,0.00155763239875389,0,0,0,0,0,0,0,0,0,0,0,0,0,0,0,0,0,0,0,0,0,0,0,0,0,0,0,0,0,0,0,0,0,0,0,0,0,0,0,0,0,0,0.0992481203007519,0.911808669656203,0.9953125,1,0.998468606431853,0.191153238546603,0.10355486862442,0.0956112852664577,0.935779816513762,0.201219512195122,0.998484848484849,0.959183673469388,0.327131782945736,0.359937402190923,0.0880989180834621,0.773497688751926,1,0.963076923076923,0.968798751950078,0.0976744186046512,0.0972644376899696,1,0.831147540983607,0.100787401574803,0.998412698412698,0.0956651718983558,1,0.0955414012738854,0.983076923076923,0.900473933649289,0.995468277945619,0.0832025117739403,0.992307692307692,0.878234398782344,0.104524180967239,0.814199395770393,0.18622848200313,1,0.0923317683881064,1,0.924924924924925,0.209230769230769,0.833333333333333,0.841860465116279,0.0968229954614221,0.0917431192660551,1,0.899053627760252,0.910798122065728,0.987341772151899,1,0.0892307692307692,0.847662141779789,0.104037267080745,1,0.0868217054263566,0.10590015128593,0.998444790046656,0.949464012251149,0.097331240188383,0.986175115207373,0.310664605873261,0.913793103448276,0.9984375,0.0969230769230769,0.0902021772939347,0.9640625,1,1,0.0819165378670788,0.10126582278481,1,1,0.996860282574568,0.0950155763239875,1,0.0892018779342723,0.108661417322835,0.523006134969325,1,0.807987711213518,0.832592592592593,0.0838607594936709,0.887675507020281,0.376766091051805,0.876352395672334,0.0928,0.345146379044684,0.0895061728395062,1,1,0.135384615384615,0.0921248142644874,0.167673716012085,1,1,0.374233128834356,1,0.896875,1,0.0953846153846154,0.0835866261398176,0.108864696734059,0.565217391304348,0.0947204968944099,0.989280245022971,0.0870229007633588,0.107738998482549,0.087962962962963,0.335974643423138,0.996927803379416,0.880434782608696,1,0.120743034055728,0.112852664576803,0.334355828220859,1,0.998466257668712,0.983948635634029,0.370199692780338,0.998480243161094,0.36030534351145,0.119122257053292,0.0962732919254658,0.323308270676692,0.968181818181818,0.081377151799687,0.27123695976155,0.936728395061728,0.0938461538461538,0.093603744149766,0.96411856474259,0.86053882725832,0.908809891808346,0.0810810810810811,1,0.092814371257485,1,0.843558282208589,0.996932515337423,0.0921658986175115,0.812693498452012,0.112480739599384,0.998470948012232,0.0916149068322981,0.0934579439252336,1,0.984251968503937
"114",0.13302752293578,0.146687697160883,0.134259259259259,0.125396825396825,0,0,0,0,0,0,0,0,0,0,0,0,0,0,0,0,0,0,0,0,0,0,0,0,0,0,0,0,0,0,0,0,0,0,0,0,0,0,0,0,0,0,0,0.130105900151286,0.144157814871017,0.14171974522293,0.1375,0,0.00155763239875389,0.0015552099533437,0,0,0,0,0,0,0,0,0,0,0,0,0,0,0,0,0,0,0,0,0,0,0,0,0,0,0,0,0,0,0,0,0,0,0,0,0,0,0,0,0,0,0.141984732824427,0.905547226386807,0.972307692307692,0.965408805031447,0.972179289026275,0.243589743589744,0.151702786377709,0.139020537124803,0.929012345679012,0.247720364741641,0.967016491754123,1,0.374021909233177,0.410094637223975,0.137825421133231,0.829007633587786,0.963076923076923,1,0.959438377535101,0.143076923076923,0.150387596899225,0.962790697674419,0.871880199667221,0.1453125,0.971742543171115,0.151285930408472,0.960975609756098,0.145135566188198,0.968944099378882,0.902668759811617,0.973724884080371,0.128367670364501,0.964506172839506,0.92042042042042,0.160063391442155,0.847201210287443,0.25,0.962349397590361,0.136507936507936,0.965891472868217,0.927162367223065,0.259720062208398,0.863354037267081,0.854914196567863,0.145510835913313,0.149460708782743,0.966966966966967,0.917329093799682,0.905511811023622,0.958795562599049,0.962674961119751,0.134146341463415,0.898617511520737,0.149068322981366,0.958730158730159,0.137440758293839,0.161585365853659,0.970266040688576,0.948837209302326,0.145736434108527,0.969040247678019,0.3609375,0.923430321592649,0.964006259780908,0.142419601837672,0.132605304212168,1,0.963020030816641,0.964669738863287,0.125195618153365,0.142857142857143,0.964669738863287,0.960629921259842,0.969648562300319,0.134883720930233,0.966049382716049,0.136150234741784,0.154446177847114,0.556732223903177,0.961656441717791,0.864741641337386,0.865067466266867,0.136012364760433,0.90625,0.433070866141732,0.898617511520737,0.142625607779579,0.397832817337461,0.132921174652241,0.960629921259842,0.96,0.189522342064715,0.144817073170732,0.217194570135747,0.966153846153846,0.964341085271318,0.425076452599388,0.969305331179321,0.900621118012422,0.967889908256881,0.130769230769231,0.128834355828221,0.158631415241058,0.575471698113208,0.141744548286604,0.96875,0.137071651090343,0.152905198776758,0.136942675159236,0.383147853736089,0.973966309341501,0.888712241653418,0.960753532182104,0.168437025796662,0.157076205287714,0.371212121212121,0.963020030816641,0.962441314553991,0.980676328502415,0.429017160686427,0.967391304347826,0.422087745839637,0.167701863354037,0.134883720930233,0.370481927710843,1,0.1375,0.325301204819277,0.972136222910217,0.135007849293564,0.132165605095541,0.996830427892235,0.888540031397174,0.918711656441718,0.130168453292496,0.963020030816641,0.142428785607196,0.964451313755796,0.878504672897196,0.966257668711656,0.138674884437596,0.851851851851852,0.147744945567652,0.963470319634703,0.137345679012346,0.135265700483092,0.965361445783133,0.971698113207547
"115",0.120689655172414,0.124203821656051,0.123052959501558,0.114331723027375,0,0,0,0,0,0,0,0,0,0,0,0,0,0,0,0,0,0,0,0,0,0,0,0,0,0,0,0,0,0,0,0,0,0,0,0,0,0,0,0,0,0,0,0.12111801242236,0.123853211009174,0.13365539452496,0.121019108280255,0,0.00471698113207547,0.00157728706624606,0,0,0,0,0,0,0,0,0,0,0,0,0,0,0,0,0,0,0,0,0,0,0,0,0,0,0,0,0,0,0,0,0,0,0,0,0,0,0,0,0,0,0.129230769230769,0.933846153846154,0.985871271585557,0.971014492753623,0.969745222929936,0.230647709320695,0.140822784810127,0.126602564102564,0.95583596214511,0.23338485316847,0.975460122699387,0.9584,0.3824,0.389776357827476,0.116352201257862,0.780185758513932,0.968798751950078,0.959438377535101,1,0.127760252365931,0.137285491419657,0.971428571428571,0.844112769485904,0.130573248407643,0.97456279809221,0.131782945736434,0.970588235294118,0.133550488599349,0.987261146496815,0.935379644588045,0.975346687211094,0.112359550561798,0.974921630094044,0.873651771956857,0.133333333333333,0.839097744360902,0.232449297971919,0.973886328725038,0.127035830618893,0.974763406940063,0.9258114374034,0.23861852433281,0.849529780564263,0.879365079365079,0.120879120879121,0.13251155624037,0.967692307692308,0.913738019169329,0.932367149758454,0.969105691056911,0.968354430379747,0.128440366972477,0.858044164037855,0.135514018691589,0.965964343598055,0.129392971246006,0.14797507788162,0.966292134831461,0.951486697965571,0.135514018691589,0.976228209191759,0.335987261146497,0.939873417721519,0.963492063492064,0.125596184419714,0.129337539432177,0.963949843260188,0.973561430793157,0.967084639498433,0.120500782472613,0.134615384615385,0.970769230769231,0.96969696969697,0.980861244019139,0.125195618153365,0.96583850931677,0.125,0.136655948553055,0.542944785276074,0.96875,0.828967642526965,0.853168469860896,0.126198083067093,0.904,0.409677419354839,0.894984326018809,0.129084967320261,0.360501567398119,0.125,0.968454258675079,0.969040247678019,0.169781931464174,0.134556574923547,0.195956454121306,0.967441860465116,0.967032967032967,0.4015625,0.975767366720517,0.938095238095238,0.970679012345679,0.119751166407465,0.113707165109034,0.142633228840125,0.573228346456693,0.130708661417323,0.982649842271293,0.117924528301887,0.134052388289676,0.126582278481013,0.363636363636364,0.973312401883831,0.92332268370607,0.965625,0.161240310077519,0.161490683229814,0.372488408037094,0.971291866028708,0.968354430379747,0.975247524752475,0.395962732919255,0.963375796178344,0.387596899224806,0.158139534883721,0.129485179407176,0.345679012345679,0.964285714285714,0.119426751592357,0.300763358778626,0.932098765432099,0.12755905511811,0.126805778491172,0.963022508038585,0.875796178343949,0.918495297805643,0.116564417177914,0.972049689440994,0.134052388289676,0.973312401883831,0.861244019138756,0.970172684458399,0.121875,0.842271293375394,0.135860979462875,0.968847352024922,0.122670807453416,0.125806451612903,0.967741935483871,1
"116",1,1,1,1,0,0,0,0,0,0,0,0,0,0,0,0,0,0,0,0,0,0,0,0,0,0,0,0,0,0,0,0,0,0,0,0,0,0,0,0,0,0,0,0,0,0,0,1,1,1,1,0,0,0,0,0,0,0,0,0,0,0,0,0,0,0,0,0,0,0,0,0,0,0,0,0,0,0,0,0,0,0,0,0,0,0,0,0,0,0,0,0,0,0,0,0,1,0.195158850226929,0.109204368174727,0.0940988835725678,0.0989180834621329,0.904610492845787,0.995363214837713,1,0.170046801872075,0.895454545454546,0.112951807228916,0.144215530903328,0.777258566978193,0.743710691823899,1,0.329738058551618,0.0976744186046512,0.143076923076923,0.127760252365931,1,0.988993710691824,0.101404056162246,0.275974025974026,0.9952,0.113029827315542,1,0.104065040650407,1,0.114241001564945,0.194053208137715,0.103658536585366,1,0.112307692307692,0.23216995447648,0.990506329113924,0.293051359516616,0.901408450704225,0.0995405819295559,0.996830427892235,0.0916149068322981,0.174242424242424,0.896875,0.267496111975117,0.257911392405063,1,0.99537037037037,0.0955223880597015,0.200956937799043,0.197492163009404,0.115873015873016,0.116459627329193,1,0.262672811059908,0.990668740279938,0.0912,1,0.992343032159265,0.104361370716511,0.152905198776758,1,0.112828438948995,0.770206022187005,0.199685534591195,0.10062893081761,1,1,0.140625,0.0996932515337423,0.104947526236882,1,0.996850393700787,0.0910470409711684,0.0982839313572543,0.109697933227345,0.998447204968944,0.0964230171073095,0.996908809891808,0.995297805642633,0.575153374233129,0.0990566037735849,0.287671232876712,0.262048192771084,1,0.214733542319749,0.728571428571429,0.224458204334365,0.996805111821086,0.759811616954474,1,0.109546165884194,0.0990566037735849,0.962674961119751,0.995495495495496,0.923780487804878,0.0982839313572543,0.102009273570325,0.726153846153846,0.0967741935483871,0.190923317683881,0.10260336906585,1,1,0.987730061349693,0.554330708661417,1,0.104938271604938,1,0.990839694656489,0.996845425867508,0.759554140127389,0.104454685099846,0.192368839427663,0.0995260663507109,0.978560490045942,0.973354231974922,0.766153846153846,0.0985915492957746,0.0953846153846154,0.101941747572816,0.728395061728395,0.101071975497703,0.729071537290715,0.975270479134467,1,0.764179104477612,0.146604938271605,1,0.831070889894419,0.181959564541213,1,1,0.14622641509434,0.235864297253635,0.189230769230769,1,0.0909090909090909,1,0.100609756097561,0.261275272161742,0.107858243451464,1,0.29264475743349,0.990697674418605,0.106317411402157,1,1,0.10381679389313,0.115323854660348
"117",0.986024844720497,0.987460815047022,0.987441130298273,0.989130434782609,0,0,0,0,0,0,0,0,0,0,0,0,0,0,0,0,0,0,0,0,0,0,0,0,0,0,0,0,0,0,0,0,0,0,0,0,0,0,0,0,0,0,0,0.986238532110092,0.987878787878788,0.990445859872611,0.985691573926868,0,0,0,0,0,0,0,0,0,0,0,0,0,0,0,0,0,0,0,0,0,0,0,0,0,0,0,0,0,0,0,0,0,0,0,0,0,0,0,0,0,0,0,0,0,0.984732824427481,0.196620583717358,0.116169544740973,0.10207336523126,0.108490566037736,0.907348242811502,0.995245641838352,0.992272024729521,0.18140243902439,0.904173106646059,0.117199391171994,0.156050955414013,0.774294670846395,0.753554502369668,0.987538940809969,0.335889570552147,0.0972644376899696,0.150387596899225,0.137285491419657,0.988993710691824,1,0.117465224111283,0.284525790349418,0.996779388083736,0.111811023622047,0.985007496251874,0.108974358974359,0.987301587301587,0.121495327102804,0.209779179810726,0.109774436090226,0.990415335463259,0.111627906976744,0.244274809160305,0.976228209191759,0.303759398496241,0.944620253164557,0.109756097560976,0.9856,0.0992248062015504,0.183206106870229,0.928125,0.276827371695179,0.266982622432859,0.985915492957746,0.992260061919505,0.102831594634873,0.217665615141956,0.206572769953052,0.123028391167192,0.126365054602184,0.987748851454824,0.269113149847095,0.979750778816199,0.097444089456869,0.987421383647799,0.986003110419907,0.110236220472441,0.161290322580645,0.987441130298273,0.13125,0.775351014040562,0.210443037974684,0.113029827315542,0.988993710691824,0.985826771653543,0.148499210110585,0.11128526645768,0.111951588502269,0.986301369863014,0.987281399046105,0.10077519379845,0.109177215189873,0.108320251177394,0.989010989010989,0.102803738317757,0.988853503184713,0.988888888888889,0.606656580937973,0.101851851851852,0.297090352220521,0.284210526315789,0.987220447284345,0.235387045813586,0.723704866562009,0.235920852359209,0.985365853658537,0.769953051643192,0.987538940809969,0.113207547169811,0.1112828438949,1,0.989505247376312,0.963076923076923,0.0998463901689708,0.105015673981191,0.737577639751553,0.106109324758842,0.199362041467305,0.10790273556231,0.984227129337539,0.98468606431853,0.977883096366509,0.537007874015748,0.987381703470032,0.113671274961598,0.985959438377535,0.980243161094225,0.985849056603774,0.765650080256822,0.111455108359133,0.201550387596899,0.102201257861635,0.979938271604938,0.979969183359014,0.799694189602447,0.103448275862069,0.0973724884080371,0.114192495921697,0.732919254658385,0.10126582278481,0.745762711864407,0.970679012345679,0.988906497622821,0.777099236641221,0.148606811145511,0.9858934169279,0.83969465648855,0.188767550702028,0.984251968503937,0.984051036682616,0.14785373608903,0.244019138755981,0.197819314641745,0.987915407854985,0.107361963190184,0.98937784522003,0.109907120743034,0.2703125,0.109737248840804,0.987480438184664,0.294209702660407,0.982649842271293,0.109062980030722,0.986089644513138,0.987034035656402,0.111111111111111,0.125
"118",0.0927357032457496,0.103937007874016,0.0970266040688576,0.0857142857142857,0,0,0,0,0,0,0,0,0,0,0,0,0,0,0,0,0,0,0,0,0,0,0,0,0,0,0,0,0,0,0,0,0,0,0,0,0,0,0,0,0,0,0,0.0934150076569678,0.102446483180428,0.0988835725677831,0.0966183574879227,0,0.00313971742543171,0,0,0,0,0,0,0,0,0,0,0,0,0,0,0,0,0,0,0,0,0,0,0,0,0,0,0,0,0,0,0,0,0,0,0,0,0,0,0,0,0,0,0,0.103235747303544,0.904400606980273,0.996908809891808,1,0.998439937597504,0.198717948717949,0.113029827315542,0.0998439937597504,0.933846153846154,0.198461538461538,0.998454404945904,0.958266452648475,0.328616352201258,0.366826156299841,0.0948678071539658,0.776073619631902,1,0.962790697674419,0.971428571428571,0.101404056162246,0.117465224111283,1,0.833333333333333,0.110759493670886,0.998405103668262,0.105828220858896,1,0.104501607717042,0.984350547730829,0.904912836767036,0.995391705069124,0.0906200317965024,0.990712074303406,0.878648233486943,0.110236220472441,0.81859756097561,0.196540880503145,1,0.0977917981072555,1,0.935483870967742,0.211180124223602,0.839258114374034,0.848101265822785,0.0985691573926868,0.101538461538462,1,0.909688013136289,0.903937007874016,0.988888888888889,1,0.100931677018634,0.850931677018634,0.112698412698413,1,0.101105845181675,0.116923076923077,0.998417721518987,0.947530864197531,0.104851330203443,0.984423676012461,0.321259842519685,0.910658307210031,0.998425196850394,0.103937007874016,0.097331240188383,0.960998439937597,1,1,0.0953125,0.10459587955626,1,1,0.996815286624204,0.0996884735202492,1,0.0942492012779553,0.112698412698413,0.494623655913978,1,0.816232771822358,0.842814371257485,0.0984126984126984,0.889400921658986,0.3872,0.885448916408669,0.104404567699837,0.347619047619048,0.0979782270606532,1,1,0.138147566718995,0.103915662650602,0.175193798449612,1,1,0.378294573643411,1,0.902362204724409,1,0.101721439749609,0.0895061728395062,0.118564742589704,0.552922590837283,0.1,0.987519500780031,0.0910493827160494,0.1112828438949,0.0960629921259843,0.3456,0.996879875195008,0.888364779874214,1,0.127692307692308,0.122861586314152,0.330769230769231,1,0.998432601880878,0.985530546623794,0.383177570093458,0.998439937597504,0.36979969183359,0.123052959501558,0.102964118564743,0.338509316770186,0.961240310077519,0.0903328050713154,0.277016742770167,0.927786499215071,0.102643856920684,0.0987460815047022,0.961661341853035,0.868167202572347,0.916403785488959,0.0979782270606532,1,0.106221547799697,1,0.85,0.996860282574568,0.0953125,0.824451410658307,0.12202852614897,0.998444790046656,0.101880877742947,0.0988654781199352,1,0.987220447284345
"119",0.266447368421053,0.271828665568369,0.266222961730449,0.244444444444444,0,0,0,0,0,0,0,0,0,0,0,0,0,0,0,0,0,0,0,0,0,0,0,0,0,0,0,0,0,0,0,0,0,0,0,0,0,0,0,0,0,0,0,0.266558966074313,0.265139116202946,0.278632478632479,0.272277227722772,0,0.005,0.00167785234899329,0,0,0,0,0,0,0,0,0,0,0,0,0,0,0,0,0,0,0,0,0,0,0,0,0,0,0,0,0,0,0,0,0,0,0,0,0,0,0,0,0,0,0.275974025974026,0.812903225806452,0.848333333333333,0.83843537414966,0.848080133555927,0.34125636672326,0.287581699346405,0.268376068376068,0.812292358803987,0.39870340356564,0.8432,0.870151770657673,0.52,0.552238805970149,0.263772954924875,0.966887417218543,0.831147540983607,0.871880199667221,0.844112769485904,0.275974025974026,0.284525790349418,0.833333333333333,1,0.270408163265306,0.836120401337793,0.282218597063622,0.828178694158076,0.287414965986395,0.842880523731588,0.826955074875208,0.839024390243902,0.259259259259259,0.838550247116969,0.972402597402597,0.290969899665552,0.806138933764136,0.350819672131148,0.834426229508197,0.262895174708819,0.837748344370861,0.822368421052632,0.355263157894737,0.805921052631579,0.809443507588533,0.266331658291457,0.272285251215559,0.846275752773376,0.829679595278246,0.813643926788686,0.829145728643216,0.835548172757475,0.263591433278418,1,0.28006589785832,0.823429541595925,0.268456375838926,0.295081967213115,0.826086956521739,0.882059800664452,0.273927392739274,0.852649006622517,0.502521008403361,0.844112769485904,0.837792642140468,0.265442404006678,0.268006700167504,0.874363327674024,0.836666666666667,0.830917874396135,0.249169435215947,0.280612244897959,0.836065573770492,0.839255499153976,0.847571189279732,0.271828665568369,0.829103214890017,0.276094276094276,0.291181364392679,0.578688524590164,0.83993399339934,1,0.808373590982287,0.263422818791946,0.833892617449664,0.573604060913706,0.931484502446982,0.273809523809524,0.542087542087542,0.276666666666667,0.830845771144279,0.830592105263158,0.31,0.283870967741935,0.320063694267516,0.840604026845638,0.838333333333333,0.564860426929392,0.834752981260647,0.821247892074199,0.838499184339315,0.261513157894737,0.247135842880524,0.280265339966833,0.579901153212521,0.259868421052632,0.831423895253682,0.273949579831933,0.298531810766721,0.267213114754098,0.522998296422487,0.856443719412724,0.8107202680067,0.833610648918469,0.300324675324675,0.284757118927973,0.437194127243067,0.842276422764228,0.833333333333333,0.84406779661017,0.568333333333333,0.837704918032787,0.557723577235772,0.313408723747981,0.266886326194399,0.528662420382166,0.873376623376623,0.26006711409396,0.452648475120385,0.895,0.27257525083612,0.266441821247892,0.880398671096346,0.974182444061962,0.925324675324675,0.254838709677419,0.835236541598695,0.275806451612903,0.837748344370861,0.822075782537068,0.8330550918197,0.256198347107438,0.81,0.294314381270903,0.844481605351171,0.274086378737542,0.267676767676768,0.837704918032787,0.831632653061224
"120",0.995169082125604,0.996794871794872,0.995260663507109,0.99836867862969,0,0,0,0,0,0,0,0,0,0,0,0,0,0,0,0,0,0,0,0,0,0,0,0,0,0,0,0,0,0,0,0,0,0,0,0,0,0,0,0,0,0,0,0.995327102803738,0.995305164319249,0.996753246753247,0.996742671009772,0,0,0,0,0,0,0,0,0,0,0,0,0,0,0,0,0,0,0,0,0,0,0,0,0,0,0,0,0,0,0,0,0,0,0,0,0,0,0,0,0,0,0,0,0,0.995334370139969,0.194401244167963,0.110047846889952,0.101941747572816,0.0961538461538462,0.899676375404531,1,0.998394863563403,0.166931637519873,0.88503937007874,0.118935837245696,0.14975845410628,0.745954692556634,0.733441033925687,0.995192307692308,0.304897314375987,0.100787401574803,0.1453125,0.130573248407643,0.9952,0.996779388083736,0.110759493670886,0.270408163265306,1,0.110210696920583,0.996899224806202,0.107794361525705,0.99510603588907,0.114886731391586,0.183870967741935,0.106918238993711,0.996726677577741,0.101587301587302,0.227769110764431,0.983870967741935,0.2921875,0.903846153846154,0.111975116640746,0.991789819376026,0.0995184590690209,0.169811320754717,0.894321766561514,0.266244057052298,0.250401284109149,0.995176848874598,0.998442367601246,0.0995334370139969,0.192751235584843,0.190322580645161,0.10983606557377,0.125596184419714,0.996850393700787,0.262090483619345,0.982539682539682,0.0977198697068404,0.995230524642289,0.987596899224806,0.111470113085622,0.154704944178628,0.996747967479675,0.122611464968153,0.754471544715447,0.185714285714286,0.109697933227345,0.996835443037975,0.998402555910543,0.144927536231884,0.111642743221691,0.106918238993711,0.995230524642289,0.998384491114701,0.0988835725677831,0.106796116504854,0.115689381933439,0.993558776167472,0.102201257861635,0.993610223642173,0.993517017828201,0.571879936808847,0.1056,0.285493827160494,0.270928462709285,0.99512987012987,0.222585924713584,0.711755233494364,0.224842767295597,0.991694352159468,0.7536,0.996805111821086,0.113964686998395,0.106687898089172,0.9712,0.990769230769231,0.920684292379471,0.102106969205835,0.115805946791862,0.710651828298887,0.105351170568562,0.185185185185185,0.10989010989011,0.995192307692308,0.995268138801262,0.982113821138211,0.5616,0.995230524642289,0.11198738170347,0.995176848874598,0.981308411214953,0.995121951219512,0.748792270531401,0.110935023771791,0.189233278955954,0.102106969205835,0.975,0.972843450479233,0.779365079365079,0.100638977635783,0.0964630225080386,0.120717781402936,0.717460317460317,0.100961538461538,0.719936708860759,0.971153846153846,0.996815286624204,0.75195007800312,0.14488188976378,0.995184590690209,0.819595645412131,0.180952380952381,0.995192307692308,0.995065789473684,0.143790849673203,0.237704918032787,0.190923317683881,0.995283018867924,0.0966183574879227,0.996908809891808,0.110591900311526,0.26517571884984,0.113207547169811,0.995222929936306,0.289137380191693,0.982484076433121,0.108626198083067,0.9984375,0.995098039215686,0.105678233438486,0.115635179153094
"121",0.0987654320987654,0.106349206349206,0.106012658227848,0.0968253968253968,0,0,0,0,0,0,0,0,0,0,0,0,0,0,0,0,0,0,0,0,0,0,0,0,0,0,0,0,0,0,0,0,0,0,0,0,0,0,0,0,0,0,0,0.0976744186046512,0.10625,0.108196721311475,0.106451612903226,0,0.00479233226837061,0.00159744408945687,0,0,0,0,0,0,0,0,0,0,0,0,0,0,0,0,0,0,0,0,0,0,0,0,0,0,0,0,0,0,0,0,0,0,0,0,0,0,0,0,0,0,0.104851330203443,0.937791601866252,0.995215311004785,0.998363338788871,0.998397435897436,0.1968,0.117460317460317,0.0996784565916399,0.94888178913738,0.204930662557781,0.998435054773083,0.964968152866242,0.332268370607029,0.382775119617225,0.100787401574803,0.778816199376947,0.998412698412698,0.971742543171115,0.97456279809221,0.113029827315542,0.111811023622047,0.998405103668262,0.836120401337793,0.110210696920583,1,0.107476635514019,0.998322147651007,0.110569105691057,0.987321711568938,0.916139240506329,0.996850393700787,0.0903225806451613,0.993650793650794,0.882995319812793,0.109854604200323,0.821981424148607,0.207006369426752,0.998435054773083,0.102106969205835,1,0.937402190923318,0.218152866242038,0.848341232227488,0.850961538461538,0.1056,0.10989010989011,0.998452012383901,0.910743801652893,0.92258064516129,0.99185667752443,1,0.106918238993711,0.859154929577465,0.110410094637224,0.998347107438017,0.103225806451613,0.124213836477987,0.9967585089141,0.955625990491284,0.111111111111111,0.988924050632911,0.325806451612903,0.925750394944708,0.996789727126806,0.109697933227345,0.109500805152979,0.973561430793157,0.998439937597504,0.998435054773083,0.0998415213946117,0.116504854368932,1,0.998376623376623,0.996753246753247,0.104761904761905,0.998425196850394,0.1,0.117363344051447,0.525316455696203,0.998410174880763,0.821428571428571,0.844854070660522,0.0985691573926868,0.90224358974359,0.392857142857143,0.891679748822606,0.111111111111111,0.352472089314195,0.0979462875197472,0.9984,1,0.1484375,0.108191653786708,0.192789968652038,0.998410174880763,0.998427672955975,0.380281690140845,0.998349834983498,0.920967741935484,0.998442367601246,0.103503184713376,0.0926517571884984,0.122549019607843,0.561904761904762,0.108452950558214,0.987301587301587,0.097444089456869,0.114197530864198,0.102564102564103,0.34584013050571,0.996835443037975,0.905996758508914,0.998407643312102,0.128980891719745,0.122611464968153,0.353488372093023,0.998425196850394,0.996860282574568,0.991803278688525,0.386435331230284,0.996820349761526,0.383647798742138,0.132492113564669,0.107765451664025,0.344186046511628,0.973478939157566,0.0970873786407767,0.264705882352941,0.938388625592417,0.107424960505529,0.104,0.973941368078176,0.866995073891626,0.917701863354037,0.0995405819295559,0.998432601880878,0.108024691358025,0.998444790046656,0.856012658227848,0.998407643312102,0.10126582278481,0.824088748019017,0.123613312202853,0.996845425867508,0.10410094637224,0.0983333333333333,0.9984375,0.990115321252059
"122",1,1,1,1,0,0,0,0,0,0,0,0,0,0,0,0,0,0,0,0,0,0,0,0,0,0,0,0,0,0,0,0,0,0,0,0,0,0,0,0,0,0,0,0,0,0,0,1,1,1,1,0,0,0,0,0,0,0,0,0,0,0,0,0,0,0,0,0,0,0,0,0,0,0,0,0,0,0,0,0,0,0,0,0,0,0,0,0,0,0,0,0,0,0,0,0,1,0.201793721973094,0.112135176651306,0.10062893081761,0.0944272445820433,0.912087912087912,0.99537037037037,0.998417721518987,0.169491525423729,0.893939393939394,0.112951807228916,0.148837209302326,0.772585669781931,0.738654147104851,1,0.326807228915663,0.0956651718983558,0.151285930408472,0.131782945736434,1,0.985007496251874,0.105828220858896,0.282218597063622,0.996899224806202,0.107476635514019,1,0.0944,1,0.112828438948995,0.2018779342723,0.0942249240121581,1,0.104454685099846,0.237518910741301,0.98740157480315,0.298816568047337,0.904984423676013,0.102134146341463,0.996820349761526,0.0872274143302181,0.179487179487179,0.895223420647149,0.273846153846154,0.261006289308176,1,0.996965098634294,0.0998509687034277,0.208860759493671,0.203442879499218,0.113744075829384,0.115987460815047,1,0.265060240963855,0.989180834621329,0.0887480190174326,1,0.990936555891239,0.102964118564743,0.156773211567732,1,0.11937984496124,0.766823161189358,0.203703703703704,0.0998439937597504,1,1,0.144654088050314,0.10061919504644,0.101515151515152,1,0.998442367601246,0.0939393939393939,0.1,0.106583072100313,0.998435054773083,0.098613251155624,0.996875,0.995348837209302,0.587443946188341,0.0952380952380952,0.297904191616766,0.271641791044776,1,0.221362229102167,0.722480620155039,0.231578947368421,0.996805111821086,0.757942511346445,1,0.106481481481481,0.0990853658536585,0.969325153374233,0.995515695067265,0.924242424242424,0.0952380952380952,0.103875968992248,0.73071104387292,0.0976,0.197836166924266,0.0984848484848485,1,1,0.985849056603774,0.546875,1,0.102134146341463,1,0.987915407854985,0.996884735202492,0.764430577223089,0.106976744186047,0.197767145135566,0.096875,0.97593984962406,0.970172684458399,0.785498489425982,0.0944272445820433,0.0975609756097561,0.111464968152866,0.726006191950464,0.0942812982998454,0.730827067669173,0.973805855161787,1,0.771428571428571,0.150537634408602,1,0.832579185520362,0.18348623853211,1,1,0.148902821316614,0.247619047619048,0.197568389057751,1,0.0940819423368741,0.99851411589896,0.100151745068285,0.26791277258567,0.105343511450382,1,0.297380585516179,0.987577639751553,0.100917431192661,1,1,0.0977099236641221,0.117739403453689
"123",0.0913539967373573,0.101307189542484,0.0926829268292683,0.0906095551894563,0,0,0,0,0,0,0,0,0,0,0,0,0,0,0,0,0,0,0,0,0,0,0,0,0,0,0,0,0,0,0,0,0,0,0,0,0,0,0,0,0,0,0,0.0938511326860841,0.102893890675241,0.0929054054054054,0.0940594059405941,0,0.00328947368421053,0,0,0,0,0,0,0,0,0,0,0,0,0,0,0,0,0,0,0,0,0,0,0,0,0,0,0,0,0,0,0,0,0,0,0,0,0,0,0,0,0,0,0,0.10223642172524,0.916666666666667,0.996715927750411,1,0.998349834983498,0.206896551724138,0.111292962356792,0.1,0.944625407166124,0.212218649517685,0.998402555910543,0.955,0.337704918032787,0.371475953565506,0.0983606557377049,0.767885532591415,1,0.960975609756098,0.970588235294118,0.104065040650407,0.108974358974359,1,0.828178694158076,0.107794361525705,0.998322147651007,0.0944,1,0.103678929765886,0.983579638752053,0.906862745098039,0.995222929936306,0.0900163666121113,0.99184339314845,0.867528271405493,0.106382978723404,0.832543443917852,0.190630048465267,1,0.0947546531302876,1,0.927786499215071,0.210097719869707,0.849337748344371,0.845140032948929,0.0957792207792208,0.0977198697068404,1,0.901666666666667,0.917081260364842,0.991638795986622,1,0.0928,0.846031746031746,0.106732348111658,1,0.0977198697068404,0.110932475884244,0.99836867862969,0.95,0.10655737704918,0.985413290113452,0.327731092436975,0.916943521594684,0.99836867862969,0.104132231404959,0.099510603588907,0.964052287581699,1,1,0.0913621262458472,0.106312292358804,1,1,0.996710526315789,0.105348460291734,1,0.0971993410214168,0.109090909090909,0.532154340836013,1,0.815286624203822,0.850793650793651,0.0933333333333333,0.898360655737705,0.390365448504983,0.882067851373183,0.101010101010101,0.344827586206897,0.0975609756097561,1,1,0.138157894736842,0.10016155088853,0.165861513687601,1,1,0.380327868852459,1,0.903654485049834,1,0.0913539967373573,0.0894308943089431,0.110924369747899,0.562706270627063,0.102941176470588,0.991974317817014,0.0974025974025974,0.107371794871795,0.0952380952380952,0.346733668341709,0.99673735725938,0.888888888888889,1,0.131493506493506,0.130081300813008,0.336507936507937,1,0.998384491114701,0.983193277310924,0.386991869918699,0.998376623376623,0.382495948136143,0.12621359223301,0.0950819672131148,0.341232227488152,0.967373572593801,0.0963455149501661,0.278125,0.929508196721311,0.098546042003231,0.0981697171381032,0.958263772954925,0.863105175292154,0.911147011308562,0.094488188976378,1,0.102201257861635,1,0.859271523178808,0.99673735725938,0.0907617504051864,0.833881578947368,0.116472545757072,0.998363338788871,0.100813008130081,0.0925925925925926,1,0.985123966942149
"124",1,1,1,1,0,0,0,0,0,0,0,0,0,0,0,0,0,0,0,0,0,0,0,0,0,0,0,0,0,0,0,0,0,0,0,0,0,0,0,0,0,0,0,0,0,0,0,1,1,1,1,0,0,0,0,0,0,0,0,0,0,0,0,0,0,0,0,0,0,0,0,0,0,0,0,0,0,0,0,0,0,0,0,0,0,0,0,0,0,0,0,0,0,0,0,0,1,0.197802197802198,0.105263157894737,0.0950080515297907,0.101449275362319,0.90133779264214,0.993640699523052,0.998387096774194,0.170731707317073,0.89375,0.112324492979719,0.148692810457516,0.768982229402262,0.733224222585925,1,0.326498422712934,0.0955414012738854,0.145135566188198,0.133550488599349,1,0.987301587301587,0.104501607717042,0.287414965986395,0.99510603588907,0.110569105691057,1,0.103678929765886,1,0.113418530351438,0.20650406504065,0.105345911949686,1,0.106687898089172,0.23861852433281,0.98694942903752,0.30030959752322,0.900641025641026,0.108695652173913,0.99670510708402,0.0937996820349762,0.173501577287066,0.888535031847134,0.272873194221509,0.260940032414911,1,0.993650793650794,0.0972222222222222,0.199329983249581,0.208400646203554,0.117263843648208,0.114331723027375,1,0.269592476489028,0.986970684039088,0.0920840064620355,1,0.988835725677831,0.103392568659128,0.158805031446541,1,0.120717781402936,0.762135922330097,0.198067632850242,0.106280193236715,1,1,0.142625607779579,0.104669887278583,0.103875968992248,1,0.996779388083736,0.0933544303797468,0.101160862354892,0.106312292358804,0.998387096774194,0.0971337579617834,0.996732026143791,0.995121951219512,0.584251968503937,0.0963081861958267,0.293375394321767,0.269767441860465,1,0.219155844155844,0.721044045676998,0.221350078492936,0.996715927750411,0.759289176090469,1,0.108589951377634,0.103727714748784,0.963375796178344,0.995283018867924,0.9216,0.095389507154213,0.100946372239748,0.723577235772358,0.100334448160535,0.201938610662359,0.101880877742947,1,1,0.98538961038961,0.549432739059968,1,0.107890499194847,1,0.985871271585557,1,0.759803921568627,0.108452950558214,0.20495867768595,0.103059581320451,0.976076555023923,0.97275641025641,0.771293375394322,0.094488188976378,0.0993589743589744,0.116086235489221,0.718196457326892,0.0961538461538462,0.729133858267716,0.974643423137876,1,0.760188087774295,0.146031746031746,1,0.823161189358372,0.181964573268921,1,1,0.139384116693679,0.237623762376238,0.193146417445483,1,0.0964230171073095,0.998449612403101,0.103833865814696,0.265700483091787,0.111821086261981,1,0.3,0.98538961038961,0.101910828025478,1,1,0.0979462875197472,0.112769485903814
"125",0.10410094637224,0.113924050632911,0.108695652173913,0.0961538461538462,0,0,0,0,0,0,0,0,0,0,0,0,0,0,0,0,0,0,0,0,0,0,0,0,0,0,0,0,0,0,0,0,0,0,0,0,0,0,0,0,0,0,0,0.105990783410138,0.116640746500778,0.119935170178282,0.111111111111111,0,0.00470219435736677,0.00158982511923688,0,0,0,0,0,0,0,0,0,0,0,0,0,0,0,0,0,0,0,0,0,0,0,0,0,0,0,0,0,0,0,0,0,0,0,0,0,0,0,0,0,0,0.111963190184049,0.923195084485407,1,0.982229402261712,0.986046511627907,0.200317965023847,0.125391849529781,0.109004739336493,0.947286821705426,0.213953488372093,0.984779299847793,0.966237942122186,0.3472,0.382306477093207,0.109567901234568,0.784711388455538,0.983076923076923,0.968944099378882,0.987261146496815,0.114241001564945,0.121495327102804,0.984350547730829,0.842880523731588,0.114886731391586,0.987321711568938,0.112828438948995,0.983579638752053,0.113418530351438,1,0.917065390749601,0.987823439878234,0.0984126984126984,0.984639016897081,0.877300613496933,0.126984126984127,0.833836858006042,0.216640502354788,0.983128834355828,0.108452950558214,0.987441130298273,0.923312883435583,0.231496062992126,0.854460093896714,0.868462757527734,0.110410094637224,0.116459627329193,0.983358547655068,0.905296950240771,0.914556962025316,0.977987421383648,0.985781990521327,0.111627906976744,0.861325115562404,0.1198738170347,0.982229402261712,0.111464968152866,0.1265625,0.982343499197432,0.950617283950617,0.12111801242236,0.984496124031008,0.343354430379747,0.93217665615142,0.981132075471698,0.113924050632911,0.113207547169811,0.970031545741325,0.986024844720497,0.983180428134557,0.107255520504732,0.120578778135048,0.983076923076923,0.982456140350877,0.985645933014354,0.115085536547434,0.981538461538462,0.106918238993711,0.129133858267717,0.533639143730887,0.982866043613707,0.820710973724884,0.858015267175573,0.1104,0.90894819466248,0.401898734177215,0.889751552795031,0.102819237147595,0.364353312302839,0.112519809825674,0.9828125,0.982945736434109,0.158059467918623,0.114854517611026,0.185758513931889,0.981651376146789,0.984276729559748,0.387147335423198,0.98371335504886,0.917609046849758,0.986363636363636,0.110419906687403,0.0975232198142415,0.127962085308057,0.571428571428571,0.111459968602826,0.993720565149137,0.113564668769716,0.123076923076923,0.115141955835962,0.360446570972887,0.987538940809969,0.906349206349206,0.982892690513219,0.143076923076923,0.139937106918239,0.359133126934985,0.984399375975039,0.982866043613707,0.985436893203884,0.402225755166932,0.981481481481482,0.387247278382582,0.137715179968701,0.11496062992126,0.352134146341463,0.967542503863988,0.10828025477707,0.284627092846271,0.934169278996865,0.114649681528662,0.1136,0.968152866242038,0.875598086124402,0.91820987654321,0.0996932515337423,0.98310291858679,0.112480739599384,0.984472049689441,0.861635220125786,0.981424148606811,0.106870229007634,0.839874411302983,0.1296875,0.982839313572543,0.109717868338558,0.111642743221691,0.983358547655068,0.998384491114701
"126",0.187004754358162,0.186602870813397,0.189274447949527,0.182692307692308,0,0,0,0,0,0,0,0,0,0,0,0,0,0,0,0,0,0,0,0,0,0,0,0,0,0,0,0,0,0,0,0,0,0,0,0,0,0,0,0,0,0,0,0.188383045525903,0.195618153364632,0.190713101160862,0.1936,0,0.0032,0,0,0,0,0,0,0,0,0,0,0,0,0,0,0,0,0,0,0,0,0,0,0,0,0,0,0,0,0,0,0,0,0,0,0,0,0,0,0,0,0,0,0,0.201238390092879,0.945736434108527,0.917329093799682,0.906451612903226,0.912,0.282430213464696,0.2,0.182985553772071,0.969551282051282,0.292758089368259,0.903576982892691,0.900481540930979,0.439297124600639,0.443719412724307,0.196485623003195,0.781201848998459,0.900473933649289,0.902668759811617,0.935379644588045,0.194053208137715,0.209779179810726,0.904912836767036,0.826955074875208,0.183870967741935,0.916139240506329,0.2018779342723,0.906862745098039,0.20650406504065,0.917065390749601,1,0.904615384615385,0.183574879227053,0.913522012578616,0.857589984350548,0.208400646203554,0.847222222222222,0.296116504854369,0.901408450704225,0.191247974068071,0.90224358974359,0.914728682170543,0.315955766192733,0.859621451104101,0.970967741935484,0.1875,0.188383045525903,0.90937019969278,0.922950819672131,0.9872,0.907317073170732,0.899529042386185,0.186830015313936,0.842767295597484,0.197138314785374,0.893092105263158,0.177033492822967,0.206572769953052,0.907166123778502,0.950949367088608,0.206070287539936,0.914927768860353,0.393890675241158,0.963317384370016,0.908653846153846,0.195859872611465,0.20032310177706,0.904458598726115,0.911111111111111,0.903576982892691,0.186795491143317,0.206730769230769,0.909090909090909,0.905750798722045,0.918433931484502,0.1939586645469,0.905132192846034,0.194847020933977,0.201923076923077,0.634222919937206,0.908227848101266,0.811616954474097,0.873456790123457,0.182410423452769,0.903381642512077,0.451298701298701,0.909233176838811,0.197092084006462,0.409677419354839,0.186602870813397,0.894480519480519,0.904153354632588,0.238546603475513,0.197852760736196,0.267605633802817,0.909375,0.9109375,0.43968253968254,0.910277324632953,1,0.911353032659409,0.186195826645265,0.183144246353323,0.205834683954619,0.607717041800643,0.200642054574639,0.919303797468354,0.184952978056426,0.206201550387597,0.197767145135566,0.413008130081301,0.903937007874016,1,0.901771336553945,0.207874015748031,0.204838709677419,0.433489827856025,0.904610492845787,0.909090909090909,0.91304347826087,0.453821656050955,0.899038461538462,0.4484375,0.208267090620032,0.1939586645469,0.413416536661466,0.909509202453988,0.189406099518459,0.372699386503067,0.883280757097792,0.185714285714286,0.201298701298701,0.895498392282958,0.86088379705401,0.910518053375196,0.191950464396285,0.912307692307692,0.194486983154671,0.904238618524333,0.86698717948718,0.903381642512077,0.181388012618297,0.85048231511254,0.1968,0.9088,0.189358372456964,0.172920065252855,0.901869158878505,0.921951219512195
"127",0.0856697819314642,0.0950155763239875,0.093558282208589,0.0838607594936709,0,0,0,0,0,0,0,0,0,0,0,0,0,0,0,0,0,0,0,0,0,0,0,0,0,0,0,0,0,0,0,0,0,0,0,0,0,0,0,0,0,0,0,0.0893939393939394,0.0995475113122172,0.0998415213946117,0.0959119496855346,0,0.00465116279069767,0.00154798761609907,0,0,0,0,0,0,0,0,0,0,0,0,0,0,0,0,0,0,0,0,0,0,0,0,0,0,0,0,0,0,0,0,0,0,0,0,0,0,0,0,0,0,0.103139013452915,0.922155688622755,0.996870109546166,0.995290423861852,1,0.195892575039494,0.112480739599384,0.0990566037735849,0.944444444444444,0.203313253012048,1,0.9671875,0.327131782945736,0.3734375,0.0902021772939347,0.781487101669196,0.995468277945619,0.973724884080371,0.975346687211094,0.103658536585366,0.109774436090226,0.995391705069124,0.839024390243902,0.106918238993711,0.996850393700787,0.0942249240121581,0.995222929936306,0.105345911949686,0.987823439878234,0.904615384615385,1,0.0795631825273011,0.989312977099237,0.877272727272727,0.102643856920684,0.826086956521739,0.1875,0.996983408748115,0.0959119496855346,0.995419847328244,0.93202416918429,0.201834862385321,0.843558282208589,0.852484472049689,0.0993788819875776,0.0981873111782477,0.995461422087746,0.908227848101266,0.914728682170543,0.987480438184664,0.99537037037037,0.0899390243902439,0.852359208523592,0.104938271604938,0.995319812792512,0.095679012345679,0.111951588502269,0.998442367601246,0.957186544342508,0.0965732087227414,0.985981308411215,0.3198127925117,0.920560747663551,0.998454404945904,0.103343465045593,0.102167182662539,0.975116640746501,0.995348837209302,0.995426829268293,0.0942249240121581,0.101721439749609,0.995433789954338,0.996894409937888,0.996889580093313,0.100609756097561,0.995433789954338,0.0940438871473354,0.111627906976744,0.517037037037037,0.995440729483283,0.81859756097561,0.836581709145427,0.0947867298578199,0.897035881435257,0.38785046728972,0.882621951219512,0.0988835725677831,0.345565749235474,0.0903426791277259,0.995384615384615,0.995398773006135,0.140888208269525,0.099112426035503,0.165905631659056,0.996992481203008,0.995391705069124,0.374807987711214,0.996805111821086,0.906832298136646,0.998509687034277,0.0966257668711656,0.0817901234567901,0.115085536547434,0.560371517027864,0.10077519379845,0.990825688073395,0.0906298003072197,0.103186646433991,0.0914826498422713,0.337007874015748,1,0.894573643410853,0.996894409937888,0.124809741248097,0.118012422360248,0.339939024390244,0.995426829268293,0.996932515337423,0.993548387096774,0.378048780487805,0.996937212863706,0.371775417298938,0.123100303951368,0.102167182662539,0.332335329341317,0.977272727272727,0.0962732919254658,0.267459138187221,0.942989214175655,0.0880503144654088,0.0927672955974843,0.973478939157566,0.864649681528662,0.917557251908397,0.087667161961367,0.996983408748115,0.103915662650602,0.998456790123457,0.854938271604938,0.998468606431853,0.0899390243902439,0.827160493827161,0.113178294573643,0.998475609756098,0.100151745068285,0.0909090909090909,0.995529061102832,0.989010989010989
"128",1,1,1,1,0,0,0,0,0,0,0,0,0,0,0,0,0,0,0,0,0,0,0,0,0,0,0,0,0,0,0,0,0,0,0,0,0,0,0,0,0,0,0,0,0,0,0,1,1,1,1,0,0,0,0,0,0,0,0,0,0,0,0,0,0,0,0,0,0,0,0,0,0,0,0,0,0,0,0,0,0,0,0,0,0,0,0,0,0,0,0,0,0,0,0,0,1,0.179604261796043,0.0912,0.0717781402936378,0.0861244019138756,0.912762520193861,0.996840442338073,0.998392282958199,0.157728706624606,0.893188854489164,0.0902021772939347,0.130932896890344,0.776714513556619,0.731078904991948,1,0.321875,0.0832025117739403,0.128367670364501,0.112359550561798,1,0.990415335463259,0.0906200317965024,0.259259259259259,0.996726677577741,0.0903225806451613,1,0.0900163666121113,1,0.0984126984126984,0.183574879227053,0.0795631825273011,1,0.0938967136150235,0.218408736349454,0.99198717948718,0.285935085007728,0.920634920634921,0.0864197530864197,0.998373983739837,0.0723472668810289,0.166409861325116,0.910112359550562,0.264847512038523,0.256451612903226,1,0.9953125,0.0804248861911988,0.196399345335516,0.186900958466454,0.0934426229508197,0.0947030497592295,1,0.254716981132075,0.993700787401575,0.0759075907590759,1,0.992343032159265,0.0844155844155844,0.130914826498423,1,0.103668261562998,0.768982229402262,0.191626409017713,0.0795454545454545,1,1,0.118296529968454,0.0919175911251981,0.089644513137558,1,0.998381877022654,0.0845070422535211,0.086038961038961,0.0892857142857143,0.998420221169036,0.0817610062893082,0.998405103668262,0.996825396825397,0.581903276131045,0.0783699059561129,0.29320987654321,0.25920245398773,1,0.211290322580645,0.717990275526742,0.215654952076677,0.99835255354201,0.753577106518283,1,0.0888888888888889,0.0846645367412141,0.966876971608833,0.996913580246914,0.933333333333333,0.080188679245283,0.0853080568720379,0.727126805778491,0.084297520661157,0.182258064516129,0.0805687203791469,1,1,0.988782051282051,0.523961661341853,1,0.0942492012779553,1,0.992272024729521,0.996794871794872,0.758169934640523,0.0922098569157393,0.201298701298701,0.0753205128205128,0.979655712050078,0.977707006369427,0.782472613458529,0.0855365474339036,0.0837359098228663,0.0942148760330579,0.725,0.0832025117739403,0.726844583987441,0.979623824451411,1,0.765793528505393,0.122834645669291,1,0.835637480798771,0.169059011164274,1,1,0.131067961165049,0.228618421052632,0.17527386541471,1,0.0811232449297972,0.998454404945904,0.0845070422535211,0.253184713375796,0.0862619808306709,1,0.298555377207063,0.992050874403816,0.0848,1,1,0.0843558282208589,0.0946166394779772
"129",0.0943683409436834,0.0996884735202492,0.102760736196319,0.0829420970266041,0,0,0,0,0,0,0,0,0,0,0,0,0,0,0,0,0,0,0,0,0,0,0,0,0,0,0,0,0,0,0,0,0,0,0,0,0,0,0,0,0,0,0,0.0945945945945946,0.104633781763827,0.105015673981191,0.0995260663507109,0,0.00462249614791988,0.00156985871271586,0,0,0,0,0,0,0,0,0,0,0,0,0,0,0,0,0,0,0,0,0,0,0,0,0,0,0,0,0,0,0,0,0,0,0,0,0,0,0,0,0,0,0.107302533532042,0.911144578313253,0.99211356466877,0.990491283676704,0.99075500770416,0.191153238546603,0.114599686028257,0.10126582278481,0.937402190923318,0.206686930091185,0.990811638591118,0.958795562599049,0.339652448657188,0.382911392405063,0.0995405819295559,0.796380090497738,0.992307692307692,0.964506172839506,0.974921630094044,0.112307692307692,0.111627906976744,0.990712074303406,0.838550247116969,0.101587301587302,0.993650793650794,0.104454685099846,0.99184339314845,0.106687898089172,0.984639016897081,0.913522012578616,0.989312977099237,0.0938967136150235,1,0.89041095890411,0.1125,0.857357357357357,0.213292117465224,0.98937784522003,0.0947867298578199,0.99375,0.961597542242704,0.217257318952234,0.876543209876543,0.850931677018634,0.10381679389313,0.105343511450382,0.991004497751124,0.936808846761453,0.914463452566096,0.981042654028436,0.990712074303406,0.101851851851852,0.856927710843373,0.110077519379845,0.988906497622821,0.0985915492957746,0.119083969465649,0.9890625,0.956923076923077,0.105426356589147,1,0.332810047095761,0.927469135802469,0.989010989010989,0.109375,0.103395061728395,0.968847352024922,0.992307692307692,0.991004497751124,0.095679012345679,0.114285714285714,0.993939393939394,0.988924050632911,0.990551181102362,0.103125,0.990783410138249,0.10077519379845,0.114728682170543,0.527522935779816,0.990769230769231,0.825563909774436,0.863976083707025,0.0974842767295598,0.915492957746479,0.404120443740095,0.897239263803681,0.101449275362319,0.363777089783282,0.0987654320987654,0.992260061919505,0.990811638591118,0.145085803432137,0.104011887072808,0.18030303030303,0.989312977099237,0.990783410138249,0.389649923896499,0.993589743589744,0.917316692667707,0.990909090909091,0.0959119496855346,0.0844854070660522,0.118012422360248,0.545878693623639,0.101226993865031,0.983050847457627,0.0880989180834621,0.110606060606061,0.0970724191063174,0.35423197492163,0.987933634992459,0.894488188976378,0.990654205607477,0.123853211009174,0.12597200622084,0.355283307810107,0.990668740279938,0.987786259541985,0.987158908507223,0.395993836671803,0.989230769230769,0.385321100917431,0.130637636080871,0.102803738317757,0.348484848484849,0.967692307692308,0.0950155763239875,0.276018099547511,0.93343653250774,0.09375,0.104,0.970031545741325,0.878205128205128,0.923896499238965,0.0986342943854325,0.990950226244344,0.107413010590015,0.990853658536585,0.883614088820827,0.990783410138249,0.101538461538462,0.857142857142857,0.11993769470405,0.989296636085627,0.100463678516229,0.0936507936507937,0.990825688073395,0.988817891373802
"130",0.22644376899696,0.228699551569507,0.227554179566563,0.205882352941176,0,0,0,0,0,0,0,0,0,0,0,0,0,0,0,0,0,0,0,0,0,0,0,0,0,0,0,0,0,0,0,0,0,0,0,0,0,0,0,0,0,0,0,0.220211161387632,0.221385542168675,0.232484076433121,0.224842767295597,0,0.00309597523219814,0.0015527950310559,0,0,0,0,0,0,0,0,0,0,0,0,0,0,0,0,0,0,0,0,0,0,0,0,0,0,0,0,0,0,0,0,0,0,0,0,0,0,0,0,0,0,0.235735735735736,0.835798816568047,0.88,0.87207488299532,0.879756468797565,0.308892355694228,0.228260869565217,0.224489795918367,0.858015267175573,0.343419062027231,0.874622356495468,0.922958397534669,0.469483568075117,0.511811023622047,0.214723926380368,1,0.878234398782344,0.92042042042042,0.873651771956857,0.23216995447648,0.244274809160305,0.878648233486943,0.972402597402597,0.227769110764431,0.882995319812793,0.237518910741301,0.867528271405493,0.23861852433281,0.877300613496933,0.857589984350548,0.877272727272727,0.218408736349454,0.89041095890411,1,0.245696400625978,0.811292719167905,0.329305135951662,0.879939209726444,0.218354430379747,0.875957120980092,0.857791225416036,0.334341906202723,0.824961948249619,0.821538461538462,0.235569422776911,0.234756097560976,0.887240356083086,0.862559241706161,0.841538461538462,0.873617693522907,0.883359253499222,0.226100151745068,0.977443609022556,0.231481481481481,0.862928348909657,0.228260869565217,0.251896813353566,0.870866141732283,0.918181818181818,0.230652503793627,0.898305084745763,0.444790046656299,0.864406779661017,0.879204892966361,0.228260869565217,0.221036585365854,0.922360248447205,0.872340425531915,0.87910447761194,0.210122699386503,0.22884012539185,0.878461538461539,0.869565217391304,0.881987577639752,0.229007633587786,0.872372372372372,0.229329173166927,0.236677115987461,0.56865671641791,0.877272727272727,0.977477477477477,0.814814814814815,0.214397496087637,0.848200312989045,0.521943573667712,0.928462709284627,0.232744783306581,0.496923076923077,0.223765432098765,0.870170015455951,0.87308868501529,0.269938650306748,0.224368499257058,0.298192771084337,0.882621951219512,0.880184331797235,0.513097072419106,0.886914378029079,0.853810264385692,0.874251497005988,0.224458204334365,0.206422018348624,0.234398782343988,0.568535825545171,0.224085365853659,0.879019908116386,0.225075528700906,0.237593984962406,0.214953271028037,0.478193146417445,0.885145482388974,0.833850931677019,0.868098159509202,0.262121212121212,0.257318952234206,0.421450151057402,0.871016691957511,0.87789799072643,0.8912,0.531393568147014,0.881638846737481,0.514285714285714,0.263399693721286,0.216300940438871,0.472346786248132,0.91981845688351,0.22015503875969,0.405365126676602,0.918335901386749,0.216257668711656,0.219589257503949,0.925867507886435,0.943217665615142,0.932432432432432,0.232142857142857,0.872340425531915,0.226865671641791,0.874809160305344,0.829230769230769,0.878787878787879,0.22154779969651,0.816074188562597,0.240683229813665,0.873668188736682,0.225954198473282,0.218500797448166,0.877245508982036,0.879807692307692
"131",0.989045383411581,0.988958990536278,0.987341772151899,0.99025974025974,0,0,0,0,0,0,0,0,0,0,0,0,0,0,0,0,0,0,0,0,0,0,0,0,0,0,0,0,0,0,0,0,0,0,0,0,0,0,0,0,0,0,0,0.989164086687306,0.990683229813665,0.990338164251208,0.987034035656402,0,0,0,0,0,0,0,0,0,0,0,0,0,0,0,0,0,0,0,0,0,0,0,0,0,0,0,0,0,0,0,0,0,0,0,0,0,0,0,0,0,0,0,0,0,0.989263803680982,0.2046875,0.112359550561798,0.104404567699837,0.1056,0.903752039151713,0.982649842271293,0.988709677419355,0.17515923566879,0.902927580893683,0.119010819165379,0.159869494290375,0.778846153846154,0.728731942215088,0.992088607594937,0.34384858044164,0.104524180967239,0.160063391442155,0.133333333333333,0.990506329113924,0.976228209191759,0.110236220472441,0.290969899665552,0.983870967741935,0.109854604200323,0.98740157480315,0.106382978723404,0.98694942903752,0.126984126984127,0.208400646203554,0.102643856920684,0.99198717948718,0.1125,0.245696400625978,1,0.302180685358255,0.902973395931142,0.106084243369735,0.993485342019544,0.0968253968253968,0.173166926677067,0.900311526479751,0.281645569620253,0.277602523659306,0.988993710691824,0.985826771653543,0.103715170278638,0.207578253706755,0.205169628432956,0.117741935483871,0.118022328548644,0.990430622009569,0.271875,1,0.0930979133226324,0.988782051282051,1,0.105769230769231,0.156645569620253,0.992175273865415,0.12280701754386,0.763116057233704,0.205741626794258,0.10223642172524,0.990338164251208,0.990461049284579,0.153238546603476,0.115873015873016,0.1140625,0.988673139158576,0.98389694041868,0.0987460815047022,0.100961538461538,0.115569823434992,0.989045383411581,0.104851330203443,0.988782051282051,0.987281399046105,0.600946372239748,0.102803738317757,0.303265940902022,0.28419452887538,0.987075928917609,0.227642276422764,0.717285945072698,0.226059654631083,0.99184339314845,0.751572327044025,0.988817891373802,0.113782051282051,0.113385826771654,0.952076677316294,0.990839694656489,0.92093023255814,0.101426307448494,0.110759493670886,0.71830985915493,0.10655737704918,0.208,0.102803738317757,0.988691437802908,0.988924050632911,0.998415213946117,0.558966074313409,0.9936,0.116613418530351,0.99203821656051,1,0.985691573926868,0.75767366720517,0.115873015873016,0.203947368421053,0.105095541401274,0.967084639498433,0.966292134831461,0.775193798449612,0.102362204724409,0.0979462875197472,0.122314049586777,0.721183800623053,0.102201257861635,0.71608832807571,0.998397435897436,0.988941548183254,0.755384615384615,0.150159744408946,0.98876404494382,0.836166924265842,0.195512820512821,0.9904,0.987034035656402,0.153721682847896,0.239413680781759,0.197802197802198,0.98937784522003,0.0965732087227414,0.989247311827957,0.103286384976526,0.27602523659306,0.11496062992126,0.990491283676704,0.30379746835443,1,0.105015673981191,0.987281399046105,0.988467874794069,0.0982839313572543,0.124386252045827
"132",0.283969465648855,0.284638554216867,0.282904689863843,0.267281105990783,0,0,0,0,0,0,0,0,0,0,0,0,0,0,0,0,0,0,0,0,0,0,0,0,0,0,0,0,0,0,0,0,0,0,0,0,0,0,0,0,0,0,0,0.291729323308271,0.292974588938714,0.28503937007874,0.278033794162826,0,0.00453857791225416,0.00150602409638554,0,0,0,0,0,0,0,0,0,0,0,0,0,0,0,0,0,0,0,0,0,0,0,0,0,0,0,0,0,0,0,0,0,0,0,0,0,0,0,0,0,0,0.287202380952381,0.825256975036711,0.822188449848024,0.818181818181818,0.833333333333333,0.370769230769231,0.296352583586626,0.292117465224111,0.835114503816794,0.37037037037037,0.813153961136024,0.828703703703704,0.46656298600311,0.493212669683258,0.294656488549618,0.755622188905547,0.814199395770393,0.847201210287443,0.839097744360902,0.293051359516616,0.303759398496241,0.81859756097561,0.806138933764136,0.2921875,0.821981424148607,0.298816568047337,0.832543443917852,0.30030959752322,0.833836858006042,0.847222222222222,0.826086956521739,0.285935085007728,0.857357357357357,0.811292719167905,0.302180685358255,1,0.397260273972603,0.810650887573965,0.280185758513932,0.820668693009118,0.925149700598802,0.391104294478528,1,0.806501547987616,0.292424242424242,0.299392097264438,0.822840409956076,0.984326018808777,0.825885978428351,0.811526479750779,0.826893353941267,0.28657616892911,0.797337278106509,0.301369863013699,0.812018489984592,0.287250384024578,0.310975609756098,0.822085889570552,0.863013698630137,0.301538461538462,0.850308641975309,0.46749226006192,0.870481927710843,0.82542113323124,0.288990825688073,0.293577981651376,0.83030303030303,0.824324324324324,0.830609212481426,0.261329305135952,0.294392523364486,0.809815950920245,0.825347758887172,0.836671802773498,0.278787878787879,0.82078313253012,0.283763277693475,0.319018404907975,0.629080118694362,0.822388059701493,0.789156626506024,0.842105263157895,0.278125,0.852534562211982,0.510835913312694,0.845577211394303,0.284126984126984,0.485451761102603,0.276176024279211,0.808801213960546,0.819548872180451,0.335347432024169,0.304154302670623,0.339393939393939,0.816793893129771,0.844854070660522,0.50076103500761,0.825878594249201,0.845916795069337,0.82089552238806,0.276176024279211,0.280359820089955,0.311649016641452,0.598765432098765,0.274809160305344,0.835098335854766,0.278033794162826,0.296520423600605,0.291540785498489,0.486780715396579,0.829819277108434,0.8234375,0.814984709480122,0.318318318318318,0.309815950920245,0.505263157894737,0.814759036144578,0.817073170731707,0.832288401253918,0.515060240963855,0.815151515151515,0.498507462686567,0.319758672699849,0.288990825688073,0.467261904761905,0.841389728096677,0.283969465648855,0.44,0.818045112781955,0.290322580645161,0.292721518987342,0.837962962962963,0.82306477093207,0.836826347305389,0.285714285714286,0.825892857142857,0.27910447761194,0.816666666666667,1,0.824324324324324,0.275602409638554,0.990922844175492,0.300763358778626,0.820089955022489,0.288753799392097,0.278301886792453,0.824850299401198,0.832049306625578
"133",0.90282131661442,0.909657320872274,0.907523510971787,0.914100486223663,0,0,0,0,0,0,0,0,0,0,0,0,0,0,0,0,0,0,0,0,0,0,0,0,0,0,0,0,0,0,0,0,0,0,0,0,0,0,0,0,0,0,0,0.907294832826748,0.910876132930514,0.913183279742765,0.898089171974522,0,0.0015625,0.00158478605388273,0,0,0,0,0,0,0,0,0,0,0,0,0,0,0,0,0,0,0,0,0,0,0,0,0,0,0,0,0,0,0,0,0,0,0,0,0,0,0,0,0,0,0.903225806451613,0.273141122913505,0.199372056514914,0.201277955271566,0.201248049921997,0.863275039745628,0.9140625,0.908372827804107,0.263823064770932,0.885145482388974,0.203030303030303,0.247634069400631,0.804347826086957,0.767628205128205,0.909375,0.415360501567398,0.18622848200313,0.25,0.232449297971919,0.901408450704225,0.944620253164557,0.196540880503145,0.350819672131148,0.903846153846154,0.207006369426752,0.904984423676013,0.190630048465267,0.900641025641026,0.216640502354788,0.296116504854369,0.1875,0.920634920634921,0.213292117465224,0.329305135951662,0.902973395931142,0.397260273972603,1,0.192660550458716,0.9008,0.1875,0.26502311248074,1,0.372093023255814,0.350877192982456,0.904238618524333,0.92093023255814,0.195419847328244,0.308562197092084,0.300157977883096,0.198738170347003,0.202492211838006,0.905343511450382,0.347560975609756,0.906103286384977,0.180817610062893,0.905808477237049,0.912650602409639,0.199052132701422,0.241758241758242,0.910355486862442,0.2125,0.778996865203762,0.301435406698565,0.194577352472089,0.908661417322835,0.901587301587302,0.247261345852895,0.201863354037267,0.197852760736196,0.90282131661442,0.903691813804173,0.188736681887367,0.197411003236246,0.189274447949527,0.904173106646059,0.189147286821705,0.903328050713154,0.909667194928685,0.738390092879257,0.189522342064715,0.381240544629349,0.359090909090909,0.896661367249603,0.32484076433121,0.741214057507987,0.315707620528771,0.90032154340836,0.772511848341232,0.910658307210031,0.202808112324493,0.192488262910798,0.950387596899225,0.90381679389313,1,0.190625,0.202492211838006,0.745283018867924,0.201626016260163,0.303937007874016,0.184615384615385,0.900787401574803,0.906832298136646,0.906832298136646,0.546603475513428,0.911490683229814,0.200617283950617,0.901408450704225,0.912363067292645,0.902973395931142,0.7776,0.197819314641745,0.276190476190476,0.1828125,0.921296296296296,0.964396284829721,0.846737481031866,0.189147286821705,0.189735614307932,0.207336523125997,0.751962323390895,0.196594427244582,0.751166407465008,0.912307692307692,0.89622641509434,0.766153846153846,0.230061349693252,0.903328050713154,0.846153846153846,0.283048211508554,0.904173106646059,0.908517350157729,0.242811501597444,0.330658105939005,0.27760736196319,0.902439024390244,0.19236641221374,0.909230769230769,0.197183098591549,0.361067503924647,0.207165109034268,0.904615384615385,0.3984375,0.910377358490566,0.197819314641745,0.905956112852665,0.898550724637681,0.192955589586524,0.21256038647343
"134",0.0914634146341463,0.0967238689547582,0.0910493827160494,0.0899053627760252,0,0,0,0,0,0,0,0,0,0,0,0,0,0,0,0,0,0,0,0,0,0,0,0,0,0,0,0,0,0,0,0,0,0,0,0,0,0,0,0,0,0,0,0.0913173652694611,0.103759398496241,0.0961538461538462,0.096875,0,0.0015600624024961,0,0,0,0,0,0,0,0,0,0,0,0,0,0,0,0,0,0,0,0,0,0,0,0,0,0,0,0,0,0,0,0,0,0,0,0,0,0,0,0,0,0,0,0.101949025487256,0.910581222056632,0.996889580093313,1,0.9984375,0.195892575039494,0.109230769230769,0.101246105919003,0.936923076923077,0.197289156626506,0.998516320474777,0.958204334365325,0.332810047095761,0.375196232339089,0.086687306501548,0.777777777777778,1,0.962349397590361,0.973886328725038,0.0995405819295559,0.109756097560976,1,0.834426229508197,0.111975116640746,0.998435054773083,0.102134146341463,1,0.108695652173913,0.983128834355828,0.901408450704225,0.996983408748115,0.0864197530864197,0.98937784522003,0.879939209726444,0.106084243369735,0.810650887573965,0.192660550458716,1,0.093603744149766,1,0.930091185410334,0.204301075268817,0.827217125382263,0.840062111801242,0.0977099236641221,0.104387291981846,1,0.8976,0.911076443057722,0.993690851735016,1,0.0925644916540212,0.848254931714719,0.100151745068285,1,0.0970266040688576,0.114977307110439,0.998435054773083,0.951515151515152,0.102918586789555,0.986196319018405,0.330218068535826,0.914764079147641,0.998452012383901,0.102167182662539,0.097331240188383,0.964992389649924,1,1,0.0949464012251149,0.112519809825674,1,1,0.996884735202492,0.0995405819295559,1,0.101088646967341,0.110591900311526,0.512781954887218,1,0.821270310192024,0.834564254062038,0.0962732919254658,0.896124031007752,0.3963133640553,0.889393939393939,0.0955414012738854,0.356269113149847,0.0913312693498452,1,1,0.139605462822458,0.0995475113122172,0.170953101361573,1,1,0.386503067484663,1,0.905864197530864,1,0.0941358024691358,0.0842105263157895,0.115919629057187,0.55054432348367,0.0975232198142415,0.989329268292683,0.0914728682170543,0.105970149253731,0.0958268933539413,0.342857142857143,0.998484848484849,0.885579937304075,1,0.124624624624625,0.121725731895223,0.340840840840841,1,0.998463901689708,0.985826771653543,0.386018237082067,0.998475609756098,0.38391502276176,0.125,0.0990712074303406,0.337858220211161,0.963581183611533,0.0873634945397816,0.27123695976155,0.934250764525994,0.0995405819295559,0.0966719492868463,0.960691823899371,0.87220447284345,0.920367534456355,0.0906389301634472,1,0.100751879699248,1,0.843410852713178,0.996955859969559,0.1,0.812785388127854,0.11609907120743,0.998461538461539,0.102134146341463,0.0932069510268562,1,0.984251968503937
"135",0.998420221169036,0.996774193548387,0.996815286624204,0.9967585089141,0,0,0,0,0,0,0,0,0,0,0,0,0,0,0,0,0,0,0,0,0,0,0,0,0,0,0,0,0,0,0,0,0,0,0,0,0,0,0,0,0,0,0,0.996884735202492,0.998410174880763,0.996699669966997,0.996763754045307,0,0,0,0,0,0,0,0,0,0,0,0,0,0,0,0,0,0,0,0,0,0,0,0,0,0,0,0,0,0,0,0,0,0,0,0,0,0,0,0,0,0,0,0,0,0.996845425867508,0.19811320754717,0.106796116504854,0.0910569105691057,0.0918032786885246,0.908212560386473,0.990430622009569,0.996753246753247,0.166394779771615,0.905063291139241,0.10355486862442,0.146341463414634,0.768488745980707,0.747557003257329,0.996825396825397,0.327014218009479,0.0923317683881064,0.136507936507936,0.127035830618893,0.996830427892235,0.9856,0.0977917981072555,0.262895174708819,0.991789819376026,0.102106969205835,0.996820349761526,0.0947546531302876,0.99670510708402,0.108452950558214,0.191247974068071,0.0959119496855346,0.998373983739837,0.0947867298578199,0.218354430379747,0.993485342019544,0.280185758513932,0.9008,0.093603744149766,1,0.0916398713826367,0.164341085271318,0.891760904684976,0.264890282131661,0.253267973856209,0.998397435897436,0.990506329113924,0.0939907550077042,0.190082644628099,0.204545454545455,0.110929853181077,0.108064516129032,0.99685534591195,0.25625,0.992063492063492,0.0906095551894563,0.996768982229402,0.990551181102362,0.0950819672131148,0.148089171974522,0.99672131147541,0.107765451664025,0.7712,0.192616372391653,0.100486223662885,0.996835443037975,0.9967585089141,0.136585365853659,0.103937007874016,0.100946372239748,1,0.993377483443709,0.0847723704866562,0.0947712418300654,0.105177993527508,0.998407643312102,0.0955414012738854,1,1,0.583596214511041,0.0980707395498392,0.280564263322884,0.266355140186916,0.998371335504886,0.215334420880914,0.727707006369427,0.220985691573927,1,0.752791068580542,0.998394863563403,0.10586319218241,0.0935023771790808,0.960127591706539,1,0.920127795527157,0.0916271721958926,0.101286173633441,0.732171156893819,0.0907590759075908,0.191935483870968,0.093167701863354,0.996810207336523,0.996815286624204,0.990506329113924,0.559485530546624,0.996805111821086,0.104501607717042,0.998405103668262,0.989028213166144,0.993610223642173,0.767213114754098,0.103011093502377,0.198067632850242,0.0920840064620355,0.982539682539682,0.977455716586151,0.772012578616352,0.088,0.0888888888888889,0.107023411371237,0.731629392971246,0.0920634920634921,0.736089030206677,0.9808,0.996830427892235,0.770061728395062,0.133971291866029,0.996784565916399,0.849683544303797,0.174679487179487,0.996820349761526,0.996753246753247,0.138436482084691,0.225913621262458,0.186009538950715,0.998456790123457,0.0904836193447738,0.9953125,0.0996784565916399,0.252006420545746,0.10031847133758,0.998420221169036,0.292207792207792,0.990338164251208,0.0940438871473354,0.9968,0.996726677577741,0.0946372239747634,0.110743801652893
"136",0.0847723704866562,0.0888888888888889,0.0874403815580286,0.073482428115016,0,0,0,0,0,0,0,0,0,0,0,0,0,0,0,0,0,0,0,0,0,0,0,0,0,0,0,0,0,0,0,0,0,0,0,0,0,0,0,0,0,0,0,0.0840978593272171,0.0914634146341463,0.0920634920634921,0.0818619582664527,0,0.00470219435736677,0.00156985871271586,0,0,0,0,0,0,0,0,0,0,0,0,0,0,0,0,0,0,0,0,0,0,0,0,0,0,0,0,0,0,0,0,0,0,0,0,0,0,0,0,0,0,0.089644513137558,0.912442396313364,0.995184590690209,1,0.998422712933754,0.182410423452769,0.102362204724409,0.0869565217391304,0.941176470588235,0.204301075268817,0.998466257668712,0.963492063492064,0.333863275039746,0.363489499192246,0.0846394984326019,0.775,1,0.965891472868217,0.974763406940063,0.0916149068322981,0.0992248062015504,1,0.837748344370861,0.0995184590690209,1,0.0872274143302181,1,0.0937996820349762,0.987441130298273,0.90224358974359,0.995419847328244,0.0723472668810289,0.99375,0.875957120980092,0.0968253968253968,0.820668693009118,0.1875,1,0.0916398713826367,1,0.930015552099533,0.195348837209302,0.839313572542902,0.836477987421384,0.0821484992101106,0.0900621118012422,1,0.901294498381877,0.910969793322735,0.987301587301587,1,0.0859375,0.852484472049689,0.0976744186046512,1,0.0849358974358974,0.10077519379845,0.998427672955975,0.951937984496124,0.0956937799043062,0.990384615384615,0.320634920634921,0.913738019169329,0.998384491114701,0.0907668231611894,0.0903426791277259,0.9671875,1,1,0.0851735015772871,0.0941558441558442,1,1,0.996815286624204,0.0950155763239875,1,0.0883280757097792,0.10223642172524,0.508580343213729,1,0.812213740458015,0.837386018237082,0.0821256038647343,0.893312101910828,0.382022471910112,0.882352941176471,0.0954692556634304,0.338607594936709,0.0845070422535211,1,1,0.135725429017161,0.0958904109589041,0.158461538461538,1,1,0.372274143302181,1,0.901430842607313,1,0.0834645669291339,0.0735524256651017,0.103059581320451,0.546178343949045,0.0890625,0.990566037735849,0.0860719874804382,0.0979782270606532,0.089622641509434,0.333333333333333,0.99685534591195,0.881789137380192,1,0.113884555382215,0.11128526645768,0.319875776397516,1,0.998449612403101,0.986842105263158,0.379527559055118,0.998447204968944,0.363076923076923,0.115323854660348,0.0916271721958926,0.328220858895706,0.969135802469136,0.0864779874213836,0.258409785932722,0.933649289099526,0.0919175911251981,0.0906148867313916,0.964573268921095,0.86437908496732,0.917573872472784,0.0749235474006116,1,0.0929878048780488,1,0.84748427672956,0.996860282574568,0.0870917573872473,0.82472613458529,0.106349206349206,0.998439937597504,0.0914826498422713,0.0889967637540453,1,0.987138263665595
"137",0.162826420890937,0.175193798449612,0.163636363636364,0.157407407407407,0,0,0,0,0,0,0,0,0,0,0,0,0,0,0,0,0,0,0,0,0,0,0,0,0,0,0,0,0,0,0,0,0,0,0,0,0,0,0,0,0,0,0,0.162406015037594,0.172619047619048,0.1734375,0.172413793103448,0,0.0031055900621118,0.00154083204930663,0,0,0,0,0,0,0,0,0,0,0,0,0,0,0,0,0,0,0,0,0,0,0,0,0,0,0,0,0,0,0,0,0,0,0,0,0,0,0,0,0,0,0.171385991058122,0.903129657228018,0.934049079754601,0.932917316692668,0.935779816513762,0.273010920436817,0.177195685670262,0.173913043478261,0.921212121212121,0.270676691729323,0.932735426008969,0.921630094043887,0.387692307692308,0.427258805513017,0.162861491628615,0.775757575757576,0.924924924924925,0.927162367223065,0.9258114374034,0.174242424242424,0.183206106870229,0.935483870967742,0.822368421052632,0.169811320754717,0.937402190923318,0.179487179487179,0.927786499215071,0.173501577287066,0.923312883435583,0.914728682170543,0.93202416918429,0.166409861325116,0.961597542242704,0.857791225416036,0.173166926677067,0.925149700598802,0.26502311248074,0.930091185410334,0.164341085271318,0.930015552099533,1,0.271056661562021,0.935975609756098,0.855384615384615,0.17457886676876,0.170471841704718,0.926756352765321,1,0.904024767801858,0.928682170542636,0.938366718027735,0.170658682634731,0.834586466165414,0.177570093457944,0.924646781789639,0.165898617511521,0.182094081942337,0.929339477726575,0.928571428571429,0.176651305683564,0.945121951219512,0.385093167701863,0.921417565485362,0.932098765432099,0.17457886676876,0.168730650154799,0.927244582043344,0.935285053929122,0.926756352765321,0.151840490797546,0.181114551083591,0.927051671732523,0.934782608695652,0.940625,0.164634146341463,0.925869894099849,0.166407465007776,0.192546583850932,0.567119155354449,0.928571428571429,0.815361890694239,0.865497076023392,0.167974882260597,0.898773006134969,0.451713395638629,0.889393939393939,0.161648177496038,0.414860681114551,0.162037037037037,0.927018633540373,0.926267281105991,0.21141975308642,0.174887892376682,0.230075187969925,0.932618683001531,0.942771084337349,0.434049079754601,0.928,0.924409448818898,0.93134328358209,0.171993911719939,0.153729071537291,0.176651305683564,0.58411214953271,0.164110429447853,0.92921686746988,0.156202143950995,0.172256097560976,0.165378670788253,0.406995230524642,0.938837920489297,0.897798742138365,0.926791277258567,0.200607902735562,0.196946564885496,0.377073906485671,0.93161094224924,0.932824427480916,0.935023771790808,0.441896024464832,0.92802450229709,0.430930930930931,0.19236641221374,0.165109034267913,0.400887573964497,0.925869894099849,0.161787365177196,0.345697329376855,0.898617511520737,0.163833075734158,0.170382165605096,0.920245398773006,0.857366771159875,0.895209580838323,0.164424514200299,0.933634992458522,0.166167664670659,0.928895612708018,0.937308868501529,0.938556067588326,0.168949771689498,0.913978494623656,0.188361408882083,0.927601809954751,0.166153846153846,0.152996845425868,0.925816023738872,0.928348909657321
"138",0.898278560250391,0.90015600624025,0.899843505477308,0.903785488958991,0,0,0,0,0,0,0,0,0,0,0,0,0,0,0,0,0,0,0,0,0,0,0,0,0,0,0,0,0,0,0,0,0,0,0,0,0,0,0,0,0,0,0,0.902140672782875,0.900914634146341,0.910112359550562,0.888349514563107,0,0.0015600624024961,0.00158227848101266,0,0,0,0,0,0,0,0,0,0,0,0,0,0,0,0,0,0,0,0,0,0,0,0,0,0,0,0,0,0,0,0,0,0,0,0,0,0,0,0,0,0,0.898928024502297,0.283559577677225,0.210691823899371,0.211446740858506,0.214511041009464,0.865814696485623,0.905660377358491,0.9046875,0.283255086071987,0.873860182370821,0.217791411042945,0.253543307086614,0.80690737833595,0.75516693163752,0.904836193447738,0.411944869831547,0.209230769230769,0.259720062208398,0.23861852433281,0.896875,0.928125,0.211180124223602,0.355263157894737,0.894321766561514,0.218152866242038,0.895223420647149,0.210097719869707,0.888535031847134,0.231496062992126,0.315955766192733,0.201834862385321,0.910112359550562,0.217257318952234,0.334341906202723,0.900311526479751,0.391104294478528,1,0.204301075268817,0.891760904684976,0.195348837209302,0.271056661562021,1,0.364760432766615,0.374009508716323,0.897959183673469,0.907692307692308,0.210606060606061,0.312202852614897,0.318541996830428,0.21993670886076,0.226059654631083,0.897081413210445,0.362252663622527,0.893481717011129,0.194267515923567,0.901587301587302,0.903669724770642,0.219589257503949,0.257364341085271,0.903276131045242,0.224842767295597,0.764430577223089,0.311320754716981,0.21583850931677,0.902021772939347,0.890795631825273,0.257911392405063,0.217391304347826,0.210122699386503,0.898148148148148,0.897959183673469,0.203076923076923,0.212698412698413,0.212460063897764,0.893353941267388,0.203732503888025,0.891509433962264,0.906940063091483,0.81733746130031,0.207055214723926,0.392036753445636,0.360902255639098,0.886075949367089,0.322429906542056,0.730891719745223,0.322033898305085,0.893030794165316,0.7671875,0.907232704402516,0.215873015873016,0.207221350078493,0.934681181959565,0.897280966767372,1,0.201834862385321,0.215070643642072,0.730529595015576,0.208469055374593,0.308917197452229,0.199386503067485,0.892018779342723,0.901840490797546,0.901430842607313,0.561514195583596,0.90251572327044,0.215503875968992,0.893682588597843,0.898148148148148,0.8984375,0.767515923566879,0.208655332302937,0.292452830188679,0.199372056514914,0.910769230769231,0.948275862068966,0.828483920367534,0.204081632653061,0.207488299531981,0.220421393841167,0.736024844720497,0.214285714285714,0.745788667687596,0.897196261682243,0.890795631825273,0.752608047690015,0.249614791987673,0.895734597156398,0.825954198473282,0.29874213836478,0.899843505477308,0.908227848101266,0.246031746031746,0.326923076923077,0.289433384379786,0.897897897897898,0.214285714285714,0.896656534954407,0.216174183514774,0.354489164086687,0.222049689440994,0.90015600624025,0.385692068429238,0.9,0.22257053291536,0.901081916537867,0.8896,0.204615384615385,0.225396825396825
"139",0.251968503937008,0.259375,0.262830482115086,0.245222929936306,0,0,0,0,0,0,0,0,0,0,0,0,0,0,0,0,0,0,0,0,0,0,0,0,0,0,0,0,0,0,0,0,0,0,0,0,0,0,0,0,0,0,0,0.25920245398773,0.269230769230769,0.261980830670927,0.251956181533646,0,0.00465116279069767,0.0015625,0,0,0,0,0,0,0,0,0,0,0,0,0,0,0,0,0,0,0,0,0,0,0,0,0,0,0,0,0,0,0,0,0,0,0,0,0,0,0,0,0,0,0.267267267267267,0.846860643185299,0.845070422535211,0.834905660377358,0.849921011058452,0.355305466237942,0.275430359937402,0.271428571428571,0.854914196567863,0.355828220858896,0.835114503816794,0.845047923322684,0.456112852664577,0.477491961414791,0.26875,0.764797507788162,0.833333333333333,0.863354037267081,0.849529780564263,0.267496111975117,0.276827371695179,0.839258114374034,0.805921052631579,0.266244057052298,0.848341232227488,0.273846153846154,0.849337748344371,0.272873194221509,0.854460093896714,0.859621451104101,0.843558282208589,0.264847512038523,0.876543209876543,0.824961948249619,0.281645569620253,1,0.372093023255814,0.827217125382263,0.264890282131661,0.839313572542902,0.935975609756098,0.364760432766615,1,0.8203125,0.265116279069767,0.271604938271605,0.839580209895052,0.990506329113924,0.849358974358974,0.832543443917852,0.837753510140406,0.259600614439324,0.797235023041475,0.275590551181102,0.828025477707006,0.260188087774295,0.288786482334869,0.838862559241706,0.877329192546584,0.27742946708464,0.87207488299532,0.457006369426752,0.8752,0.842271293375394,0.267295597484277,0.272292993630573,0.848200312989045,0.836702954898911,0.848024316109423,0.245053272450533,0.265402843601896,0.829721362229102,0.844051446945338,0.8544,0.258620689655172,0.831007751937984,0.264752791068581,0.29746835443038,0.624808575803982,0.838509316770186,0.787009063444109,0.86535552193646,0.257503949447077,0.863636363636364,0.499210110584518,0.850234009360374,0.258481421647819,0.469387755102041,0.2601246105919,0.825273010920437,0.836448598130841,0.309262166405024,0.280542986425339,0.323170731707317,0.837962962962963,0.862068965517241,0.482280431432974,0.84072249589491,0.861685214626391,0.844410876132931,0.25,0.24922600619195,0.286604361370716,0.602184087363494,0.254746835443038,0.851097178683386,0.257763975155279,0.274268104776579,0.263803680981595,0.474683544303797,0.854070660522273,0.842443729903537,0.8296875,0.290715372907154,0.28169014084507,0.483128834355828,0.828393135725429,0.839009287925697,0.854864433811802,0.508474576271186,0.832558139534884,0.482442748091603,0.29153605015674,0.263650546021841,0.462121212121212,0.854517611026034,0.264566929133858,0.420333839150228,0.829192546583851,0.2660406885759,0.267741935483871,0.852848101265823,0.830097087378641,0.85145482388974,0.261724659606657,0.840062111801242,0.260606060606061,0.833075734157651,1,0.839009287925697,0.250778816199377,0.993836671802773,0.28125,0.841368584758942,0.257861635220126,0.248796147672552,0.843465045592705,0.847402597402597
"140",0.249607535321821,0.251602564102564,0.251572327044025,0.247572815533981,0,0,0,0,0,0,0,0,0,0,0,0,0,0,0,0,0,0,0,0,0,0,0,0,0,0,0,0,0,0,0,0,0,0,0,0,0,0,0,0,0,0,0,0.253499222395023,0.252307692307692,0.263414634146341,0.252019386106624,0,0.00470957613814757,0.00158730158730159,0,0,0,0,0,0,0,0,0,0,0,0,0,0,0,0,0,0,0,0,0,0,0,0,0,0,0,0,0,0,0,0,0,0,0,0,0,0,0,0,0,0,0.26046511627907,0.907692307692308,0.859399684044234,0.841166936790924,0.854660347551343,0.345104333868379,0.273311897106109,0.252019386106624,0.924920127795527,0.349056603773585,0.84080370942813,0.84789644012945,0.503215434083601,0.482315112540193,0.24804992199688,0.766561514195584,0.841860465116279,0.854914196567863,0.879365079365079,0.257911392405063,0.266982622432859,0.848101265822785,0.809443507588533,0.250401284109149,0.850961538461538,0.261006289308176,0.845140032948929,0.260940032414911,0.868462757527734,0.970967741935484,0.852484472049689,0.256451612903226,0.850931677018634,0.821538461538462,0.277602523659306,0.806501547987616,0.350877192982456,0.840062111801242,0.253267973856209,0.836477987421384,0.855384615384615,0.374009508716323,0.8203125,1,0.25,0.264475743348983,0.846625766871166,0.881877022653722,0.958132045088567,0.851851851851852,0.846635367762128,0.238170347003155,0.808176100628931,0.260530421216849,0.832792207792208,0.249609984399376,0.263157894736842,0.847133757961783,0.892913385826772,0.262090483619345,0.845669291338583,0.434504792332268,0.91496062992126,0.85062893081761,0.25314465408805,0.2688,0.85214626391097,0.856466876971609,0.841945288753799,0.246894409937888,0.273449920508744,0.843014128728414,0.846875,0.864649681528662,0.257142857142857,0.837209302325581,0.251192368839428,0.26580226904376,0.65511811023622,0.838006230529595,0.787925696594427,0.834862385321101,0.242765273311897,0.847266881028939,0.495921696574225,0.867298578199052,0.241830065359477,0.449139280125196,0.247634069400631,0.826224328593997,0.84748427672956,0.287051482059282,0.250386398763524,0.338533541341654,0.850077279752705,0.847962382445141,0.479813664596273,0.855263157894737,0.948470209339775,0.854489164086687,0.254716981132075,0.247648902821317,0.267090620031797,0.646496815286624,0.255591054313099,0.8608,0.23861852433281,0.258164852255054,0.263157894736842,0.456310679611651,0.857805255023184,0.996726677577741,0.834130781499203,0.279365079365079,0.270866141732283,0.469767441860465,0.84384858044164,0.85781990521327,0.860426929392447,0.488188976377953,0.834645669291339,0.48125,0.274881516587678,0.251592356687898,0.451070336391437,0.85625,0.26038338658147,0.428351309707242,0.836507936507937,0.24203821656051,0.253682487725041,0.8578352180937,0.827079934747145,0.867807153965785,0.258164852255054,0.854037267080745,0.26040061633282,0.838212634822804,0.830427892234548,0.855784469096672,0.250391236306729,0.818325434439178,0.261904761904762,0.847723704866562,0.249211356466877,0.247154471544715,0.841121495327103,0.868078175895766
"141",1,1,1,1,0,0,0,0,0,0,0,0,0,0,0,0,0,0,0,0,0,0,0,0,0,0,0,0,0,0,0,0,0,0,0,0,0,0,0,0,0,0,0,0,0,0,0,1,1,1,1,0,0,0,0,0,0,0,0,0,0,0,0,0,0,0,0,0,0,0,0,0,0,0,0,0,0,0,0,0,0,0,0,0,0,0,0,0,0,0,0,0,0,0,0,0,1,0.190184049079755,0.10062893081761,0.0933977455716586,0.0955414012738854,0.905901116427432,0.993680884676145,0.998430141287284,0.158950617283951,0.886191198786039,0.110429447852761,0.145367412140575,0.763779527559055,0.734076433121019,1,0.3375,0.0968229954614221,0.145510835913313,0.120879120879121,1,0.985915492957746,0.0985691573926868,0.266331658291457,0.995176848874598,0.1056,1,0.0957792207792208,1,0.110410094637224,0.1875,0.0993788819875776,1,0.10381679389313,0.235569422776911,0.988993710691824,0.292424242424242,0.904238618524333,0.0977099236641221,0.998397435897436,0.0821484992101106,0.17457886676876,0.897959183673469,0.265116279069767,0.25,1,0.993798449612403,0.0939393939393939,0.201288244766506,0.184294871794872,0.110210696920583,0.108150470219436,1,0.259259259259259,0.988924050632911,0.0940988835725678,1,0.990639625585023,0.0998415213946117,0.14873417721519,1,0.115323854660348,0.768503937007874,0.192488262910798,0.101880877742947,1,1,0.137770897832817,0.0978260869565217,0.104072398190045,1,0.996879875195008,0.0952380952380952,0.0976377952755905,0.10828025477707,1,0.0928792569659443,0.996830427892235,0.996815286624204,0.577743902439024,0.0975609756097561,0.291021671826625,0.256134969325153,1,0.205087440381558,0.721951219512195,0.208398133748056,0.99837925445705,0.752351097178683,1,0.109350237717908,0.0971786833855799,0.954545454545455,0.996965098634294,0.924846625766871,0.0930232558139535,0.110236220472441,0.728682170542636,0.099025974025974,0.192368839427663,0.0990853658536585,1,1,0.986068111455108,0.539808917197452,1,0.106583072100313,1,0.987786259541985,0.996875,0.756888168557536,0.10641627543036,0.183835182250396,0.0979462875197472,0.978193146417445,0.975155279503106,0.766975308641975,0.0970266040688576,0.0970266040688576,0.111470113085622,0.724505327245053,0.0928792569659443,0.72884012539185,0.97360248447205,1,0.769706336939722,0.137614678899083,1,0.825227963525836,0.184542586750789,1,1,0.150793650793651,0.224755700325733,0.187786259541985,1,0.0914634146341463,0.998477929984779,0.0984375,0.265210608424337,0.107309486780715,1,0.302507836990596,0.987301587301587,0.100931677018634,1,1,0.101694915254237,0.108108108108108
"142",0.993808049535604,0.993779160186625,0.995384615384615,0.998420221169036,0,0,0,0,0,0,0,0,0,0,0,0,0,0,0,0,0,0,0,0,0,0,0,0,0,0,0,0,0,0,0,0,0,0,0,0,0,0,0,0,0,0,0,0.99388379204893,0.993948562783661,0.996815286624204,0.993730407523511,0,0,0,0,0,0,0,0,0,0,0,0,0,0,0,0,0,0,0,0,0,0,0,0,0,0,0,0,0,0,0,0,0,0,0,0,0,0,0,0,0,0,0,0,0,0.993911719939117,0.191964285714286,0.106750392464678,0.0985691573926868,0.101880877742947,0.903937007874016,0.998456790123457,0.998425196850394,0.165366614664587,0.896499238964992,0.108955223880597,0.146730462519936,0.759493670886076,0.735759493670886,0.99537037037037,0.331825037707391,0.0917431192660551,0.149460708782743,0.13251155624037,0.99537037037037,0.992260061919505,0.101538461538462,0.272285251215559,0.998442367601246,0.10989010989011,0.996965098634294,0.0977198697068404,0.993650793650794,0.116459627329193,0.188383045525903,0.0981873111782477,0.9953125,0.105343511450382,0.234756097560976,0.985826771653543,0.299392097264438,0.92093023255814,0.104387291981846,0.990506329113924,0.0900621118012422,0.170471841704718,0.907692307692308,0.271604938271605,0.264475743348983,0.993798449612403,1,0.0960960960960961,0.20414673046252,0.194006309148265,0.108150470219436,0.1171875,0.995405819295559,0.266263237518911,0.983024691358025,0.082670906200318,0.993720565149137,0.987841945288754,0.112676056338028,0.153729071537291,0.996937212863706,0.121306376360809,0.761829652996845,0.201834862385321,0.104615384615385,0.995215311004785,0.99537037037037,0.138413685847589,0.104938271604938,0.104229607250755,0.993798449612403,0.998430141287284,0.0907692307692308,0.0962732919254658,0.113003095975232,0.992295839753467,0.0972222222222222,0.993779160186625,0.992211838006231,0.592760180995475,0.0987841945288754,0.294294294294294,0.261976047904192,0.993700787401575,0.217391304347826,0.722929936305732,0.220183486238532,0.990476190476191,0.760252365930599,0.993798449612403,0.115085536547434,0.0975232198142415,0.972222222222222,0.989425981873112,0.931818181818182,0.0967741935483871,0.105426356589147,0.723502304147465,0.0969793322734499,0.196261682242991,0.1,0.995334370139969,0.993874425727412,0.985871271585557,0.549689440993789,0.996879875195008,0.111111111111111,0.993817619783617,0.984871406959153,0.993788819875776,0.760765550239234,0.105828220858896,0.194312796208531,0.0967741935483871,0.981651376146789,0.979782270606532,0.802731411229135,0.09375,0.0900763358778626,0.110576923076923,0.724505327245053,0.0972222222222222,0.735159817351598,0.973561430793157,0.993759750390016,0.75975975975976,0.143511450381679,0.993700787401575,0.835365853658537,0.184496124031008,0.993720565149137,0.993740219092332,0.143307086614173,0.235104669887279,0.188854489164087,0.993939393939394,0.0940819423368741,0.995535714285714,0.099236641221374,0.271450858034321,0.108895705521472,0.995363214837713,0.299382716049383,0.98297213622291,0.101694915254237,0.996918335901387,0.99375,0.0984848484848485,0.114467408585056
"143",0.0853658536585366,0.0972644376899696,0.0880121396054628,0.0811638591117917,0,0,0,0,0,0,0,0,0,0,0,0,0,0,0,0,0,0,0,0,0,0,0,0,0,0,0,0,0,0,0,0,0,0,0,0,0,0,0,0,0,0,0,0.085672082717873,0.0962962962962963,0.088785046728972,0.0916030534351145,0,0.00458715596330275,0.00151057401812689,0,0,0,0,0,0,0,0,0,0,0,0,0,0,0,0,0,0,0,0,0,0,0,0,0,0,0,0,0,0,0,0,0,0,0,0,0,0,0,0,0,0,0.0946745562130177,0.921597633136095,0.995398773006135,1,0.998473282442748,0.188180404354588,0.108231707317073,0.0952380952380952,0.937972768532526,0.20353982300885,0.998502994011976,0.964451313755796,0.334351145038168,0.378995433789954,0.0856269113149847,0.795216741405082,1,0.966966966966967,0.967692307692308,0.0955223880597015,0.102831594634873,1,0.846275752773376,0.0995334370139969,0.998452012383901,0.0998509687034277,1,0.0972222222222222,0.983358547655068,0.90937019969278,0.995461422087746,0.0804248861911988,0.991004497751124,0.887240356083086,0.103715170278638,0.822840409956076,0.195419847328244,1,0.0939907550077042,1,0.926756352765321,0.210606060606061,0.839580209895052,0.846625766871166,0.0939393939393939,0.0960960960960961,1,0.90015600624025,0.915902140672783,0.992331288343558,1,0.0913173652694611,0.862537764350453,0.103343465045593,1,0.0889570552147239,0.108433734939759,0.998454404945904,0.96206373292868,0.0931297709923664,0.986301369863014,0.347957639939486,0.921212121212121,0.998502994011976,0.101538461538462,0.0949464012251149,0.969418960244648,1,1,0.0904977375565611,0.10260336906585,1,1,0.998449612403101,0.0983358547655068,1,0.0895295902883156,0.106811145510836,0.516176470588235,1,0.82934131736527,0.84070796460177,0.0907692307692308,0.896284829721362,0.402777777777778,0.897125567322239,0.0949464012251149,0.362385321100917,0.0854961832061069,1,1,0.13767019667171,0.0926470588235294,0.175257731958763,1,1,0.390909090909091,1,0.913846153846154,1,0.0918836140888208,0.0843373493975904,0.113981762917933,0.558823529411765,0.0910493827160494,0.987987987987988,0.0902140672782875,0.104477611940299,0.0893939393939394,0.357361963190184,0.996978851963746,0.893846153846154,1,0.118694362017804,0.120795107033639,0.342771982116244,1,0.998484848484849,0.984423676012461,0.399399399399399,0.998507462686567,0.382440476190476,0.12443095599393,0.1,0.354074074074074,0.969879518072289,0.0805471124620061,0.267062314540059,0.933333333333333,0.0927051671732523,0.0963302752293578,0.963246554364472,0.872813990461049,0.927299703264095,0.0839469808541973,1,0.0962099125364431,1,0.851289833080425,0.996974281391831,0.0903522205206738,0.821212121212121,0.11791730474732,0.998496240601504,0.0966767371601208,0.0945736434108527,1,0.984202211690363
"144",0.188311688311688,0.199680511182109,0.195826645264847,0.184466019417476,0,0,0,0,0,0,0,0,0,0,0,0,0,0,0,0,0,0,0,0,0,0,0,0,0,0,0,0,0,0,0,0,0,0,0,0,0,0,0,0,0,0,0,0.187599364069952,0.194006309148265,0.2,0.197115384615385,0,0.00486223662884927,0.00163132137030995,0,0,0,0,0,0,0,0,0,0,0,0,0,0,0,0,0,0,0,0,0,0,0,0,0,0,0,0,0,0,0,0,0,0,0,0,0,0,0,0,0,0,0.205287713841369,0.89968152866242,0.907014681892333,0.905844155844156,0.910828025477707,0.304132231404959,0.201298701298701,0.2,0.914653784219002,0.30173775671406,0.901273885350318,0.909983633387889,0.420032310177706,0.466666666666667,0.195161290322581,0.795275590551181,0.899053627760252,0.917329093799682,0.913738019169329,0.200956937799043,0.217665615141956,0.909688013136289,0.829679595278246,0.192751235584843,0.910743801652893,0.208860759493671,0.901666666666667,0.199329983249581,0.905296950240771,0.922950819672131,0.908227848101266,0.196399345335516,0.936808846761453,0.862559241706161,0.207578253706755,0.984326018808777,0.308562197092084,0.8976,0.190082644628099,0.901294498381877,1,0.312202852614897,0.990506329113924,0.881877022653722,0.201288244766506,0.20414673046252,0.90015600624025,1,0.904065040650406,0.903436988543372,0.916129032258065,0.19435736677116,0.843450479233227,0.201639344262295,0.891447368421053,0.190016103059581,0.211446740858506,0.901771336553945,0.927330173775671,0.207395498392283,0.926517571884984,0.426470588235294,0.928455284552846,0.905383360522023,0.198373983739837,0.198697068403909,0.911433172302738,0.904912836767036,0.900466562986003,0.174959871589085,0.210696920583468,0.898089171974522,0.904132231404959,0.915584415584416,0.19281045751634,0.898251192368839,0.190938511326861,0.220588235294118,0.605769230769231,0.898573692551506,0.82018927444795,0.89873417721519,0.197346600331675,0.916530278232406,0.489184692179701,0.900158478605388,0.196638655462185,0.453525641025641,0.192245557350565,0.894651539708266,0.894904458598726,0.244698205546493,0.205246913580247,0.262243285939968,0.906451612903226,0.9168,0.47411003236246,0.902479338842975,0.929392446633826,0.90795631825273,0.189189189189189,0.186495176848875,0.216828478964401,0.6,0.193861066235864,0.91304347826087,0.186991869918699,0.195859872611465,0.2032,0.446457990115321,0.912974683544304,0.905996758508914,0.892332789559543,0.231746031746032,0.220967741935484,0.468152866242038,0.902800658978583,0.903691813804173,0.910743801652893,0.485530546623794,0.897271268057785,0.467817896389325,0.224919093851133,0.194719471947195,0.43343653250774,0.918138041733547,0.190938511326861,0.390551181102362,0.890499194847021,0.195161290322581,0.205254515599343,0.908943089430894,0.871074380165289,0.902866242038217,0.192789968652038,0.905362776025237,0.191950464396285,0.8992,0.992,0.907467532467532,0.196850393700787,0.9776,0.211974110032362,0.89968152866242,0.187702265372168,0.175496688741722,0.900311526479751,0.905844155844156
"145",0.181089743589744,0.190174326465927,0.19496855345912,0.187296416938111,0,0,0,0,0,0,0,0,0,0,0,0,0,0,0,0,0,0,0,0,0,0,0,0,0,0,0,0,0,0,0,0,0,0,0,0,0,0,0,0,0,0,0,0.197492163009404,0.194401244167963,0.195723684210526,0.194174757281553,0,0.00318471337579618,0.0015748031496063,0,0,0,0,0,0,0,0,0,0,0,0,0,0,0,0,0,0,0,0,0,0,0,0,0,0,0,0,0,0,0,0,0,0,0,0,0,0,0,0,0,0,0.206022187004754,0.978494623655914,0.920255183413078,0.908496732026144,0.91496062992126,0.279742765273312,0.209119496855346,0.192063492063492,1,0.288819875776398,0.911214953271028,0.905144694533762,0.420289855072464,0.444264943457189,0.190625,0.77007874015748,0.910798122065728,0.905511811023622,0.932367149758454,0.197492163009404,0.206572769953052,0.903937007874016,0.813643926788686,0.190322580645161,0.92258064516129,0.203442879499218,0.917081260364842,0.208400646203554,0.914556962025316,0.9872,0.914728682170543,0.186900958466454,0.914463452566096,0.841538461538462,0.205169628432956,0.825885978428351,0.300157977883096,0.911076443057722,0.204545454545455,0.910969793322735,0.904024767801858,0.318541996830428,0.849358974358974,0.958132045088567,0.184294871794872,0.194006309148265,0.915902140672783,0.904065040650406,1,0.919224555735057,0.899521531100478,0.183673469387755,0.828393135725429,0.192926045016077,0.895765472312704,0.180533751962323,0.207547169811321,0.917073170731707,0.945945945945946,0.197452229299363,0.911575562700965,0.398073836276083,0.950636942675159,0.922330097087379,0.199059561128527,0.195859872611465,0.91283676703645,0.916006339144215,0.911214953271028,0.187898089171975,0.20097244732577,0.905511811023622,0.915605095541401,0.921348314606742,0.195892575039494,0.9125,0.192,0.202945990180033,0.613601236476043,0.916271721958926,0.80030959752322,0.851289833080425,0.192245557350565,0.87758346581876,0.453507340946166,0.899843505477308,0.196399345335516,0.415873015873016,0.185897435897436,0.899361022364217,0.90952380952381,0.247663551401869,0.197852760736196,0.277519379844961,0.909952606635071,0.908082408874802,0.445324881141046,0.9185667752443,0.979166666666667,0.921875,0.195892575039494,0.183835182250396,0.212361331220285,0.610845295055821,0.197452229299363,0.920508744038156,0.181528662420382,0.196232339089482,0.196141479099678,0.420711974110032,0.92259083728278,0.982343499197432,0.91025641025641,0.219435736677116,0.214626391096979,0.432646592709984,0.908517350157729,0.917721518987342,0.919407894736842,0.456418383518225,0.9078125,0.444444444444444,0.212460063897764,0.200320512820513,0.412130637636081,0.911251980982567,0.190938511326861,0.358024691358025,0.885579937304075,0.187599364069952,0.192556634304207,0.906902086677368,0.845648604269294,0.898894154818325,0.194704049844237,0.920062695924765,0.205521472392638,0.9125,0.849445324881141,0.919303797468354,0.195583596214511,0.832012678288431,0.200317965023847,0.917316692667707,0.193700787401575,0.175895765472313,0.909375,0.923452768729642
"146",0.0979133226324237,0.109149277688604,0.109149277688604,0.0946166394779772,0,0,0,0,0,0,0,0,0,0,0,0,0,0,0,0,0,0,0,0,0,0,0,0,0,0,0,0,0,0,0,0,0,0,0,0,0,0,0,0,0,0,0,0.100931677018634,0.110591900311526,0.108374384236453,0.109324758842444,0,0.00483091787439614,0.0016025641025641,0,0,0,0,0,0,0,0,0,0,0,0,0,0,0,0,0,0,0,0,0,0,0,0,0,0,0,0,0,0,0,0,0,0,0,0,0,0,0,0,0,0,0.108832807570978,0.92846034214619,0.991922455573506,0.986991869918699,0.991961414790997,0.202302631578947,0.122977346278317,0.109298531810767,0.93719806763285,0.219626168224299,0.989180834621329,0.959016393442623,0.346905537459283,0.394480519480519,0.10459587955626,0.779365079365079,0.987341772151899,0.958795562599049,0.969105691056911,0.115873015873016,0.123028391167192,0.988888888888889,0.829145728643216,0.10983606557377,0.99185667752443,0.113744075829384,0.991638795986622,0.117263843648208,0.977987421383648,0.907317073170732,0.987480438184664,0.0934426229508197,0.981042654028436,0.873617693522907,0.117741935483871,0.811526479750779,0.198738170347003,0.993690851735016,0.110929853181077,0.987301587301587,0.928682170542636,0.21993670886076,0.832543443917852,0.851851851851852,0.110210696920583,0.108150470219436,0.992331288343558,0.903436988543372,0.919224555735057,1,0.987321711568938,0.105345911949686,0.84399375975039,0.118780096308186,0.986928104575163,0.113085621970921,0.12326656394453,0.988709677419355,0.948717948717949,0.111821086261981,0.977455716586151,0.350961538461538,0.912621359223301,0.990445859872611,0.107717041800643,0.109149277688604,0.958664546899841,0.991974317817014,0.987519500780031,0.107936507936508,0.113673805601318,0.988958990536278,0.991803278688525,0.987012987012987,0.112877583465819,0.992223950233281,0.106280193236715,0.121951219512195,0.517996870109546,0.988853503184713,0.816074188562597,0.829493087557604,0.110749185667752,0.87459807073955,0.420361247947455,0.893353941267388,0.108153078202995,0.368506493506494,0.104838709677419,0.990415335463259,0.987341772151899,0.155448717948718,0.109567901234568,0.18025078369906,0.988993710691824,0.993630573248408,0.406451612903226,0.988372093023256,0.908196721311475,0.993650793650794,0.110236220472441,0.0947867298578199,0.131410256410256,0.5392,0.112721417069243,0.979099678456592,0.109854604200323,0.115873015873016,0.11470113085622,0.365853658536585,0.988853503184713,0.889967637540453,0.990476190476191,0.137876386687797,0.131832797427653,0.338557993730408,0.990415335463259,0.990476190476191,0.980099502487562,0.414442700156986,0.990430622009569,0.399678972712681,0.141479099678457,0.113964686998395,0.362363919129082,0.96,0.110929853181077,0.276827371695179,0.9264,0.110047846889952,0.106312292358804,0.954248366013072,0.864686468646865,0.9185303514377,0.10062893081761,0.9890625,0.115323854660348,1,0.843450479233227,0.988853503184713,0.1056,0.811074918566775,0.128930817610063,0.993620414673046,0.111642743221691,0.11038961038961,0.990610328638498,0.979966611018364
"147",0.10126582278481,0.110935023771791,0.110410094637224,0.0950871632329636,0,0,0,0,0,0,0,0,0,0,0,0,0,0,0,0,0,0,0,0,0,0,0,0,0,0,0,0,0,0,0,0,0,0,0,0,0,0,0,0,0,0,0,0.104294478527607,0.111280487804878,0.108414239482201,0.106796116504854,0,0.00469483568075117,0.00157977883096367,0,0,0,0,0,0,0,0,0,0,0,0,0,0,0,0,0,0,0,0,0,0,0,0,0,0,0,0,0,0,0,0,0,0,0,0,0,0,0,0,0,0,0.115207373271889,0.903963414634146,0.995305164319249,1,0.998407643312102,0.204213938411669,0.123222748815166,0.110236220472441,0.9265625,0.213953488372093,0.998452012383901,0.963258785942492,0.341194968553459,0.374795417348609,0.102964118564743,0.783570300157978,1,0.962674961119751,0.968354430379747,0.116459627329193,0.126365054602184,1,0.835548172757475,0.125596184419714,1,0.115987460815047,1,0.114331723027375,0.985781990521327,0.899529042386185,0.99537037037037,0.0947030497592295,0.990712074303406,0.883359253499222,0.118022328548644,0.826893353941267,0.202492211838006,1,0.108064516129032,1,0.938366718027735,0.226059654631083,0.837753510140406,0.846635367762128,0.108150470219436,0.1171875,1,0.916129032258065,0.899521531100478,0.987321711568938,1,0.111111111111111,0.850609756097561,0.117460317460317,1,0.110759493670886,0.123475609756098,0.998412698412698,0.951486697965571,0.114104595879556,0.985714285714286,0.323763955342903,0.911433172302738,0.998410174880763,0.112852664576803,0.110236220472441,0.9671875,1,1,0.107476635514019,0.119162640901771,1,1,0.998402555910543,0.113385826771654,1,0.109004739336493,0.125198098256735,0.528125,1,0.81441717791411,0.83763277693475,0.109324758842444,0.8928,0.392914653784219,0.885802469135803,0.11400651465798,0.357927786499215,0.106750392464678,1,1,0.156398104265403,0.11791730474732,0.181114551083591,1,1,0.379471228615863,1,0.89968152866242,1,0.108626198083067,0.0921875,0.128325508607199,0.5968,0.116352201257862,0.988924050632911,0.105100463678516,0.115085536547434,0.10952380952381,0.348314606741573,0.996870109546166,0.880913539967374,1,0.141304347826087,0.133228840125392,0.345736434108527,1,0.998422712933754,0.988636363636364,0.38740157480315,0.998432601880878,0.380655226209048,0.133647798742138,0.108359133126935,0.348159509202454,0.96594427244582,0.103503184713376,0.275229357798165,0.9328125,0.107086614173228,0.111642743221691,0.9664,0.863192182410424,0.912037037037037,0.098310291858679,1,0.113671274961598,1,0.863422291993721,0.996840442338073,0.109004739336493,0.830482115085537,0.130573248407643,0.998435054773083,0.110077519379845,0.109324758842444,1,0.987096774193548
"148",1,1,1,1,0,0,0,0,0,0,0,0,0,0,0,0,0,0,0,0,0,0,0,0,0,0,0,0,0,0,0,0,0,0,0,0,0,0,0,0,0,0,0,0,0,0,0,1,1,1,1,0,0,0,0,0,0,0,0,0,0,0,0,0,0,0,0,0,0,0,0,0,0,0,0,0,0,0,0,0,0,0,0,0,0,0,0,0,0,0,0,0,0,0,0,0,1,0.18562874251497,0.105828220858896,0.0871632329635499,0.0914728682170543,0.910236220472441,0.996946564885496,0.998456790123457,0.1515625,0.897590361445783,0.102985074626866,0.138364779874214,0.767801857585139,0.729559748427673,1,0.325227963525836,0.0892307692307692,0.134146341463415,0.128440366972477,1,0.987748851454824,0.100931677018634,0.263591433278418,0.996850393700787,0.106918238993711,1,0.0928,1,0.111627906976744,0.186830015313936,0.0899390243902439,1,0.101851851851852,0.226100151745068,0.990430622009569,0.28657616892911,0.905343511450382,0.0925644916540212,0.99685534591195,0.0859375,0.170658682634731,0.897081413210445,0.259600614439324,0.238170347003155,1,0.995405819295559,0.0913173652694611,0.19435736677116,0.183673469387755,0.105345911949686,0.111111111111111,1,0.252293577981651,0.990668740279938,0.0841121495327103,1,0.992401215805471,0.0948678071539658,0.146379044684129,1,0.116640746500778,0.77639751552795,0.184663536776213,0.0930232558139535,1,1,0.12962962962963,0.0969230769230769,0.0929535232383808,1,0.998444790046656,0.0871559633027523,0.0946372239747634,0.10641627543036,0.998452012383901,0.0945121951219512,0.99685534591195,0.995363214837713,0.579908675799087,0.0875576036866359,0.278115501519757,0.266263237518911,1,0.214285714285714,0.725118483412322,0.217522658610272,0.9967585089141,0.754573170731707,1,0.100313479623824,0.0957446808510638,0.96319018404908,0.99554234769688,0.922844175491679,0.0870229007633588,0.0946564885496183,0.731066460587326,0.0923566878980892,0.178403755868545,0.0927051671732523,1,1,0.987654320987654,0.541795665634675,1,0.104037267080745,1,0.988023952095808,0.998449612403101,0.760629921259843,0.0946564885496183,0.18025078369906,0.0914728682170543,0.977099236641221,0.973765432098765,0.775075987841945,0.0895061728395062,0.0933125972006221,0.101587301587302,0.728395061728395,0.087962962962963,0.73159509202454,0.975384615384615,1,0.768072289156627,0.124620060790274,1,0.829850746268657,0.168469860896445,1,1,0.136363636363636,0.226837060702875,0.18030303030303,1,0.0928462709284627,0.998487140695915,0.0961832061068702,0.253499222395023,0.101538461538462,1,0.287735849056604,0.989079563182527,0.0921450151057402,1,1,0.0920060331825038,0.105511811023622
"149",0.251533742331288,0.259146341463415,0.248073959938367,0.234472049689441,0,0,0,0,0,0,0,0,0,0,0,0,0,0,0,0,0,0,0,0,0,0,0,0,0,0,0,0,0,0,0,0,0,0,0,0,0,0,0,0,0,0,0,0.25226586102719,0.257396449704142,0.269108280254777,0.255485893416928,0,0.00460829493087558,0.00153609831029186,0,0,0,0,0,0,0,0,0,0,0,0,0,0,0,0,0,0,0,0,0,0,0,0,0,0,0,0,0,0,0,0,0,0,0,0,0,0,0,0,0,0,0.26355421686747,0.822652757078987,0.858695652173913,0.851330203442879,0.862714508580343,0.333333333333333,0.276827371695179,0.256568778979907,0.825954198473282,0.366515837104072,0.858006042296072,0.895962732919255,0.489859594383775,0.53582554517134,0.254961832061069,0.961948249619482,0.847662141779789,0.898617511520737,0.858044164037855,0.262672811059908,0.269113149847095,0.850931677018634,1,0.262090483619345,0.859154929577465,0.265060240963855,0.846031746031746,0.269592476489028,0.861325115562404,0.842767295597484,0.852359208523592,0.254716981132075,0.856927710843373,0.977443609022556,0.271875,0.797337278106509,0.347560975609756,0.848254931714719,0.25625,0.852484472049689,0.834586466165414,0.362252663622527,0.797235023041475,0.808176100628931,0.259259259259259,0.266263237518911,0.862537764350453,0.843450479233227,0.828393135725429,0.84399375975039,0.850609756097561,0.252293577981651,1,0.259259259259259,0.840557275541796,0.251543209876543,0.278538812785388,0.846875,0.8910741301059,0.261001517450683,0.864696734059098,0.480680061823802,0.854914196567863,0.863141524105754,0.255023183925811,0.249617151607963,0.896024464831804,0.852534562211982,0.847533632286996,0.242703533026114,0.262992125984252,0.853252647503782,0.854430379746835,0.864696734059098,0.25585023400936,0.853168469860896,0.259316770186335,0.275541795665635,0.574468085106383,0.850903614457831,1,0.823442136498516,0.24294670846395,0.839258114374034,0.566978193146417,0.924585218702866,0.266347687400319,0.52276295133438,0.256134969325153,0.84447900466563,0.846153846153846,0.302147239263804,0.260677466863034,0.31981981981982,0.856049004594181,0.854714064914992,0.547692307692308,0.854812398042414,0.833592534992224,0.849028400597907,0.25,0.231467473524962,0.263482280431433,0.574303405572755,0.252293577981651,0.857142857142857,0.25077399380805,0.269578313253012,0.251908396946565,0.504761904761905,0.859327217125382,0.81259842519685,0.854489164086687,0.295107033639144,0.276073619631902,0.444610778443114,0.859327217125382,0.85099846390169,0.859177215189873,0.558461538461538,0.85145482388974,0.537764350453172,0.28858024691358,0.254601226993865,0.498507462686567,0.890225563909774,0.251543209876543,0.429429429429429,0.90625,0.246105919003115,0.251968503937008,0.901869158878505,0.954983922829582,0.91969696969697,0.248502994011976,0.85,0.255255255255255,0.853658536585366,0.8125,0.848531684698609,0.251524390243902,0.811349693251534,0.269406392694064,0.856488549618321,0.26412213740458,0.253125,0.853915662650602,0.861417322834646
"150",0.989079563182527,0.988941548183254,0.988976377952756,0.9888,0,0,0,0,0,0,0,0,0,0,0,0,0,0,0,0,0,0,0,0,0,0,0,0,0,0,0,0,0,0,0,0,0,0,0,0,0,0,0,0,0,0,0,0.990881458966565,0.99075500770416,0.988486842105263,0.988691437802908,0,0,0,0,0,0,0,0,0,0,0,0,0,0,0,0,0,0,0,0,0,0,0,0,0,0,0,0,0,0,0,0,0,0,0,0,0,0,0,0,0,0,0,0,0,0.99075500770416,0.193353474320242,0.115506329113924,0.105345911949686,0.106750392464678,0.899038461538462,0.982704402515723,0.988993710691824,0.16380655226209,0.892307692307692,0.118098159509202,0.144694533762058,0.753164556962025,0.72107765451664,0.990580847723705,0.325545171339564,0.104037267080745,0.149068322981366,0.135514018691589,0.990668740279938,0.979750778816199,0.112698412698413,0.28006589785832,0.982539682539682,0.110410094637224,0.989180834621329,0.106732348111658,0.986970684039088,0.1198738170347,0.197138314785374,0.104938271604938,0.993700787401575,0.110077519379845,0.231481481481481,1,0.301369863013699,0.906103286384977,0.100151745068285,0.992063492063492,0.0976744186046512,0.177570093457944,0.893481717011129,0.275590551181102,0.260530421216849,0.988924050632911,0.983024691358025,0.103343465045593,0.201639344262295,0.192926045016077,0.118780096308186,0.117460317460317,0.990668740279938,0.259259259259259,1,0.0926829268292683,0.988745980707395,1,0.112903225806452,0.145482388973966,0.990625,0.125786163522013,0.753623188405797,0.19620253164557,0.102040816326531,0.990521327014218,0.990506329113924,0.146189735614308,0.115625,0.111280487804878,0.989197530864197,0.985530546623794,0.0949367088607595,0.104761904761905,0.108490566037736,0.987538940809969,0.106811145510836,0.990521327014218,0.990430622009569,0.574534161490683,0.104361370716511,0.29483282674772,0.273148148148148,0.987240829346092,0.2288,0.700159489633174,0.21996879875195,0.990196078431373,0.737007874015748,0.9890625,0.114374034003091,0.110236220472441,0.951181102362205,0.990909090909091,0.918586789554531,0.104524180967239,0.103937007874016,0.705701078582434,0.105090311986864,0.191455696202532,0.0980091883614089,0.988958990536278,0.989028213166144,0.998420221169036,0.534810126582278,0.992125984251969,0.114420062695925,0.993660855784469,1,0.985781990521327,0.744372990353698,0.109375,0.198412698412698,0.105263157894737,0.972049689440994,0.971653543307087,0.770416024653313,0.102167182662539,0.0990566037735849,0.118892508143322,0.705607476635514,0.0976377952755905,0.704510108864697,0.990610328638498,0.990580847723705,0.753424657534247,0.146153846153846,0.98876404494382,0.821100917431193,0.1875,0.990595611285266,0.987381703470032,0.151857835218094,0.239549839228296,0.186440677966102,0.989197530864197,0.100931677018634,0.989473684210526,0.104938271604938,0.268330733229329,0.111811023622047,0.990491283676704,0.30564263322884,1,0.110591900311526,0.990595611285266,0.987138263665595,0.100609756097561,0.11525974025974
"151",0.0824088748019017,0.0875796178343949,0.0816,0.0756843800322061,0,0,0,0,0,0,0,0,0,0,0,0,0,0,0,0,0,0,0,0,0,0,0,0,0,0,0,0,0,0,0,0,0,0,0,0,0,0,0,0,0,0,0,0.0852713178294574,0.0903426791277259,0.0804597701149425,0.0922330097087379,0,0,0,0,0,0,0,0,0,0,0,0,0,0,0,0,0,0,0,0,0,0,0,0,0,0,0,0,0,0,0,0,0,0,0,0,0,0,0,0,0,0,0,0,0,0.0885093167701863,0.901689708141321,0.995245641838352,1,0.998384491114701,0.189144736842105,0.0990415335463259,0.0876623376623377,0.927631578947368,0.195956454121306,0.998427672955975,0.953301127214171,0.317666126418152,0.344771241830065,0.0849358974358974,0.767660910518053,1,0.958730158730159,0.965964343598055,0.0912,0.097444089456869,1,0.823429541595925,0.0977198697068404,0.998347107438017,0.0887480190174326,1,0.0920840064620355,0.982229402261712,0.893092105263158,0.995319812792512,0.0759075907590759,0.988906497622821,0.862928348909657,0.0930979133226324,0.812018489984592,0.180817610062893,1,0.0906095551894563,1,0.924646781789639,0.194267515923567,0.828025477707006,0.832792207792208,0.0940988835725678,0.082670906200318,1,0.891447368421053,0.895765472312704,0.986928104575163,1,0.0841121495327103,0.840557275541796,0.0926829268292683,1,0.0814696485623003,0.102201257861635,0.998384491114701,0.944532488114105,0.086677367576244,0.983766233766234,0.307443365695793,0.90228013029316,0.998371335504886,0.0916271721958926,0.0888529886914378,0.961661341853035,1,1,0.0793650793650794,0.0940032414910859,1,1,0.998366013071895,0.088,1,0.0926829268292683,0.0996784565916399,0.491392801251956,1,0.804012345679012,0.835384615384615,0.0798045602605863,0.886547811993517,0.374384236453202,0.872274143302181,0.0858085808580858,0.329073482428115,0.0839936608557845,1,1,0.128410914927769,0.0938967136150235,0.155802861685215,1,1,0.360576923076923,1,0.892682926829268,1,0.0814696485623003,0.0772870662460568,0.108589951377634,0.548440065681445,0.0910543130990415,0.985871271585557,0.0829346092503987,0.0982839313572543,0.0862619808306709,0.32516339869281,0.996850393700787,0.87987012987013,1,0.119122257053292,0.115569823434992,0.323943661971831,1,0.998410174880763,0.983579638752053,0.365814696485623,0.998402555910543,0.351014040561622,0.113744075829384,0.0881410256410256,0.318252730109204,0.961904761904762,0.0825242718446602,0.255054432348367,0.921474358974359,0.0852090032154341,0.0858085808580858,0.957996768982229,0.848184818481848,0.905901116427432,0.0775193798449612,1,0.0903426791277259,1,0.847649918962723,0.996840442338073,0.0870967741935484,0.812101910828026,0.10702875399361,0.998415213946117,0.0901898734177215,0.0901639344262295,1,0.983686786296901
"152",1,1,1,1,0,0,0,0,0,0,0,0,0,0,0,0,0,0,0,0,0,0,0,0,0,0,0,0,0,0,0,0,0,0,0,0,0,0,0,0,0,0,0,0,0,0,0,1,1,1,1,0,0,0,0,0,0,0,0,0,0,0,0,0,0,0,0,0,0,0,0,0,0,0,0,0,0,0,0,0,0,0,0,0,0,0,0,0,0,0,0,0,0,0,0,0,1,0.184210526315789,0.106918238993711,0.0884244372990354,0.097331240188383,0.912762520193861,0.993670886075949,0.998394863563403,0.162204724409449,0.899082568807339,0.109923664122137,0.13946117274168,0.777952755905512,0.731974921630094,1,0.323943661971831,0.0868217054263566,0.137440758293839,0.129392971246006,1,0.987421383647799,0.101105845181675,0.268456375838926,0.995230524642289,0.103225806451613,1,0.0977198697068404,1,0.111464968152866,0.177033492822967,0.095679012345679,1,0.0985915492957746,0.228260869565217,0.988782051282051,0.287250384024578,0.905808477237049,0.0970266040688576,0.996768982229402,0.0849358974358974,0.165898617511521,0.901587301587302,0.260188087774295,0.249609984399376,1,0.993720565149137,0.0889570552147239,0.190016103059581,0.180533751962323,0.113085621970921,0.110759493670886,1,0.251543209876543,0.988745980707395,0.0814696485623003,1,0.988976377952756,0.096,0.147104851330203,1,0.113385826771654,0.762439807383628,0.184294871794872,0.100961538461538,1,1,0.133012820512821,0.0981012658227848,0.0965732087227414,1,0.996774193548387,0.0893416927899686,0.0947030497592295,0.105008077544426,0.998422712933754,0.0932069510268562,0.996820349761526,0.995114006514658,0.583463338533541,0.0887480190174326,0.287037037037037,0.260670731707317,1,0.211783439490446,0.715890850722311,0.217322834645669,0.99673735725938,0.7484375,1,0.103011093502377,0.0996835443037975,0.9568,0.995391705069124,0.91692789968652,0.0878594249201278,0.0956937799043062,0.733644859813084,0.0932896890343699,0.179650238473768,0.0951638065522621,1,1,0.985530546623794,0.542264752791069,1,0.109546165884194,1,0.987421383647799,0.998407643312102,0.761827079934747,0.0989010989010989,0.192616372391653,0.0893141945773525,0.982731554160126,0.979365079365079,0.780373831775701,0.0919175911251981,0.0890625,0.104234527687296,0.725705329153605,0.0881889763779528,0.728125,0.975232198142415,1,0.76791277258567,0.137770897832817,1,0.838258164852255,0.166144200626959,1,1,0.133012820512821,0.23739837398374,0.181533646322379,1,0.0933125972006221,0.998463901689708,0.0938967136150235,0.261980830670927,0.10410094637224,1,0.287081339712919,0.987381703470032,0.0976377952755905,1,1,0.089644513137558,0.110749185667752
"153",0.990811638591118,0.990712074303406,0.990825688073395,0.992163009404389,0,0,0,0,0,0,0,0,0,0,0,0,0,0,0,0,0,0,0,0,0,0,0,0,0,0,0,0,0,0,0,0,0,0,0,0,0,0,0,0,0,0,0,0.991017964071856,0.989505247376312,0.988727858293076,0.99203821656051,0,0,0,0,0,0,0,0,0,0,0,0,0,0,0,0,0,0,0,0,0,0,0,0,0,0,0,0,0,0,0,0,0,0,0,0,0,0,0,0,0,0,0,0,0,0.994020926756353,0.201515151515152,0.121306376360809,0.102167182662539,0.106317411402157,0.909375,0.984615384615385,0.992150706436421,0.175572519083969,0.910179640718563,0.123308270676692,0.1625,0.787267080745342,0.727129337539432,0.992378048780488,0.36,0.10590015128593,0.161585365853659,0.14797507788162,0.992343032159265,0.986003110419907,0.116923076923077,0.295081967213115,0.987596899224806,0.124213836477987,0.990936555891239,0.110932475884244,0.988835725677831,0.1265625,0.206572769953052,0.111951588502269,0.992343032159265,0.119083969465649,0.251896813353566,1,0.310975609756098,0.912650602409639,0.114977307110439,0.990551181102362,0.10077519379845,0.182094081942337,0.903669724770642,0.288786482334869,0.263157894736842,0.990639625585023,0.987841945288754,0.108433734939759,0.211446740858506,0.207547169811321,0.12326656394453,0.123475609756098,0.992401215805471,0.278538812785388,1,0.102201257861635,0.988976377952756,1,0.1140625,0.165653495440729,0.992283950617284,0.134585289514867,0.768025078369906,0.209302325581395,0.105015673981191,0.989197530864197,0.992223950233281,0.155145929339478,0.119083969465649,0.114803625377644,0.990740740740741,0.988888888888889,0.112633181126332,0.11214953271028,0.123244929797192,0.992389649923896,0.112291350531108,0.989028213166144,0.990712074303406,0.594879518072289,0.10790273556231,0.314759036144578,0.284005979073244,0.992050874403816,0.230293663060278,0.716744913928013,0.240121580547112,0.993589743589744,0.759512937595129,0.989079563182527,0.119195046439628,0.113707165109034,0.965785381026439,0.99251497005988,0.928895612708018,0.111791730474732,0.113122171945701,0.722480620155039,0.114331723027375,0.207430340557276,0.108562691131498,0.989130434782609,0.99075500770416,0.998439937597504,0.549844236760125,0.992295839753467,0.121396054628225,0.990639625585023,1,0.989045383411581,0.750394944707741,0.11864406779661,0.206572769953052,0.109907120743034,0.975609756097561,0.973478939157566,0.782874617737003,0.102918586789555,0.103715170278638,0.121835443037975,0.723404255319149,0.105100463678516,0.726993865030675,0.992435703479576,0.992248062015504,0.768072289156627,0.156297420333839,0.988993710691824,0.846497764530551,0.199081163859112,0.990683229813665,0.988906497622821,0.159305993690852,0.256,0.201219512195122,0.992481203007519,0.105990783410138,0.991004497751124,0.112977099236641,0.273570324574961,0.11937984496124,0.989296636085627,0.313271604938272,1,0.113846153846154,0.99388379204893,0.988941548183254,0.110438729198185,0.126382306477093
"154",0.0920634920634921,0.1,0.0966719492868463,0.0828025477707006,0,0,0,0,0,0,0,0,0,0,0,0,0,0,0,0,0,0,0,0,0,0,0,0,0,0,0,0,0,0,0,0,0,0,0,0,0,0,0,0,0,0,0,0.0933125972006221,0.103395061728395,0.0983870967741935,0.0944,0,0.00478468899521531,0.00159744408945687,0,0,0,0,0,0,0,0,0,0,0,0,0,0,0,0,0,0,0,0,0,0,0,0,0,0,0,0,0,0,0,0,0,0,0,0,0,0,0,0,0,0,0.0969230769230769,0.911353032659409,0.993660855784469,0.998384491114701,1,0.186688311688312,0.114147909967846,0.104838709677419,0.944968553459119,0.206153846153846,1,0.961538461538462,0.329617834394904,0.363929146537842,0.0916271721958926,0.771384136858476,0.998444790046656,0.970266040688576,0.966292134831461,0.104361370716511,0.110236220472441,0.998417721518987,0.826086956521739,0.111470113085622,0.9967585089141,0.102964118564743,0.99836867862969,0.103392568659128,0.982343499197432,0.907166123778502,0.998442367601246,0.0844155844155844,0.9890625,0.870866141732283,0.105769230769231,0.822085889570552,0.199052132701422,0.998435054773083,0.0950819672131148,0.998427672955975,0.929339477726575,0.219589257503949,0.838862559241706,0.847133757961783,0.0998415213946117,0.112676056338028,0.998454404945904,0.901771336553945,0.917073170731707,0.988709677419355,0.998412698412698,0.0948678071539658,0.846875,0.112903225806452,0.998384491114701,0.096,0.1140625,1,0.953968253968254,0.105095541401274,0.982649842271293,0.320574162679426,0.908517350157729,1,0.0988654781199352,0.0933544303797468,0.968404423380727,0.998417721518987,0.998452012383901,0.0942492012779553,0.107371794871795,0.998420221169036,0.998394863563403,0.995215311004785,0.1008,0.998407643312102,0.1,0.113782051282051,0.532407407407407,0.998417721518987,0.809597523219814,0.842507645259939,0.0967741935483871,0.894822006472492,0.378421900161031,0.877329192546584,0.107843137254902,0.337078651685393,0.0920840064620355,0.998410174880763,0.998412698412698,0.150706436420722,0.10355486862442,0.180124223602484,0.9984,0.998427672955975,0.373065015479876,0.998322147651007,0.909822866344606,0.998456790123457,0.0913461538461538,0.0899053627760252,0.12280701754386,0.5568,0.0998415213946117,0.985826771653543,0.0956937799043062,0.110764430577223,0.0977917981072555,0.337152209492635,0.998425196850394,0.894991922455573,0.998394863563403,0.130503144654088,0.121259842519685,0.335403726708075,0.998384491114701,1,0.98531810766721,0.374009508716323,1,0.368012422360248,0.125796178343949,0.096,0.32,0.973354231974922,0.0885668276972625,0.260336906584992,0.936102236421725,0.0990415335463259,0.099025974025974,0.962962962962963,0.8578352180937,0.910798122065728,0.0863422291993721,0.998454404945904,0.100463678516229,1,0.854889589905363,1,0.101426307448494,0.820349761526232,0.117363344051447,1,0.101721439749609,0.101123595505618,0.998449612403101,0.980645161290323
"155",0.142857142857143,0.144634525660964,0.140866873065015,0.132283464566929,0,0,0,0,0,0,0,0,0,0,0,0,0,0,0,0,0,0,0,0,0,0,0,0,0,0,0,0,0,0,0,0,0,0,0,0,0,0,0,0,0,0,0,0.140060240963855,0.156060606060606,0.151273885350318,0.148499210110585,0,0.00313971742543171,0,0,0,0,0,0,0,0,0,0,0,0,0,0,0,0,0,0,0,0,0,0,0,0,0,0,0,0,0,0,0,0,0,0,0,0,0,0,0,0,0,0,0,0.159264931087289,0.925757575757576,0.952978056426332,0.950558213716108,0.964006259780908,0.240887480190174,0.150234741784038,0.148562300319489,0.95,0.25226586102719,0.949386503067485,0.94375,0.398425196850394,0.416403785488959,0.150387596899225,0.833333333333333,0.949464012251149,0.948837209302326,0.951486697965571,0.152905198776758,0.161290322580645,0.947530864197531,0.882059800664452,0.154704944178628,0.955625990491284,0.156773211567732,0.95,0.158805031446541,0.950617283950617,0.950949367088608,0.957186544342508,0.130914826498423,0.956923076923077,0.918181818181818,0.156645569620253,0.863013698630137,0.241758241758242,0.951515151515152,0.148089171974522,0.951937984496124,0.928571428571429,0.257364341085271,0.877329192546584,0.892913385826772,0.14873417721519,0.153729071537291,0.96206373292868,0.927330173775671,0.945945945945946,0.948717948717949,0.951486697965571,0.146379044684129,0.8910741301059,0.145482388973966,0.944532488114105,0.147104851330203,0.165653495440729,0.953968253968254,1,0.155864197530864,0.953917050691244,0.374021909233177,0.968652037617555,0.960998439937597,0.151326053042122,0.151326053042122,0.947368421052632,0.952086553323029,0.953101361573374,0.137770897832817,0.152996845425868,0.955315870570108,0.952305246422893,0.958990536277603,0.146189735614308,0.951713395638629,0.14785373608903,0.157392686804452,0.580693815987934,0.954268292682927,0.872699386503067,0.884955752212389,0.140096618357488,0.919303797468354,0.440251572327044,0.954128440366973,0.146103896103896,0.39937106918239,0.141744548286604,0.944707740916272,0.946153846153846,0.1890625,0.153731343283582,0.211332312404288,0.950540958268934,0.954258675078864,0.432721712538226,0.953074433656958,0.952681388012618,0.954545454545455,0.145569620253165,0.137345679012346,0.15600624024961,0.599369085173502,0.14937106918239,0.956856702619414,0.136923076923077,0.157012195121951,0.147335423197492,0.3984,0.95968992248062,0.934504792332268,0.946957878315133,0.176651305683564,0.163833075734158,0.379727685325265,0.951638065522621,0.952160493827161,0.957585644371941,0.4375,0.949464012251149,0.427480916030534,0.172573189522342,0.143079315707621,0.384732824427481,0.949464012251149,0.139240506329114,0.331334332833583,0.921996879875195,0.143974960876369,0.142172523961661,0.949526813880126,0.92914653784219,1,0.145285935085008,0.951219512195122,0.151651651651652,0.950693374422188,0.888024883359253,0.953703703703704,0.141538461538462,0.866359447004608,0.162460567823344,0.948598130841122,0.152542372881356,0.143540669856459,0.952599388379205,0.953674121405751
"156",1,1,1,1,0,0,0,0,0,0,0,0,0,0,0,0,0,0,0,0,0,0,0,0,0,0,0,0,0,0,0,0,0,0,0,0,0,0,0,0,0,0,0,0,0,0,0,1,1,1,1,0,0,0,0,0,0,0,0,0,0,0,0,0,0,0,0,0,0,0,0,0,0,0,0,0,0,0,0,0,0,0,0,0,0,0,0,0,0,0,0,0,0,0,0,0,1,0.194570135746606,0.108661417322835,0.097444089456869,0.10126582278481,0.905144694533762,0.995305164319249,0.998407643312102,0.171339563862928,0.901689708141321,0.110091743119266,0.148626817447496,0.775477707006369,0.741269841269841,1,0.325,0.097331240188383,0.145736434108527,0.135514018691589,1,0.987441130298273,0.104851330203443,0.273927392739274,0.996747967479675,0.111111111111111,1,0.10655737704918,1,0.12111801242236,0.206070287539936,0.0965732087227414,1,0.105426356589147,0.230652503793627,0.992175273865415,0.301538461538462,0.910355486862442,0.102918586789555,0.99672131147541,0.0956937799043062,0.176651305683564,0.903276131045242,0.27742946708464,0.262090483619345,1,0.996937212863706,0.0931297709923664,0.207395498392283,0.197452229299363,0.111821086261981,0.114104595879556,1,0.261001517450683,0.990625,0.086677367576244,1,0.992283950617284,0.105095541401274,0.155864197530864,1,0.121684867394696,0.773015873015873,0.211290322580645,0.0976377952755905,1,1,0.138582677165354,0.104776579352851,0.105504587155963,1,0.9984375,0.0970724191063174,0.0977564102564103,0.10952380952381,0.998449612403101,0.100470957613815,0.99685534591195,0.995260663507109,0.591331269349845,0.0967238689547582,0.285276073619632,0.269984917043741,1,0.225196850393701,0.72827804107425,0.217257318952234,0.996710526315789,0.758942457231726,1,0.105511811023622,0.106317411402157,0.965571205007825,0.995454545454545,0.920367534456355,0.100313479623824,0.102362204724409,0.729393468118196,0.10586319218241,0.197160883280757,0.103715170278638,1,1,0.988941548183254,0.536392405063291,1,0.109546165884194,1,0.989329268292683,0.998425196850394,0.7616,0.106084243369735,0.200647249190939,0.101088646967341,0.978428351309707,0.973312401883831,0.770516717325228,0.0976744186046512,0.100470957613815,0.107667210440457,0.733017377567141,0.0932069510268562,0.726429675425039,0.978090766823161,1,0.774242424242424,0.141524105754277,1,0.841221374045802,0.183835182250396,1,1,0.142410015649452,0.228758169934641,0.180555555555556,1,0.0946564885496183,0.998477929984779,0.0976744186046512,0.274294670846395,0.110764430577223,1,0.300940438871473,0.990536277602524,0.103286384976526,1,1,0.100763358778626,0.113782051282051
"157",0.105845181674566,0.11353032659409,0.111801242236025,0.0964630225080386,0,0,0,0,0,0,0,0,0,0,0,0,0,0,0,0,0,0,0,0,0,0,0,0,0,0,0,0,0,0,0,0,0,0,0,0,0,0,0,0,0,0,0,0.110429447852761,0.116923076923077,0.114467408585056,0.108974358974359,0,0.00474683544303797,0.00158478605388273,0,0,0,0,0,0,0,0,0,0,0,0,0,0,0,0,0,0,0,0,0,0,0,0,0,0,0,0,0,0,0,0,0,0,0,0,0,0,0,0,0,0,0.121538461538462,0.910334346504559,0.989130434782609,0.985530546623794,0.987281399046105,0.207455429497569,0.127186009538951,0.112519809825674,0.933125972006221,0.224427480916031,0.986259541984733,0.963375796178344,0.343402225755167,0.377567140600316,0.109737248840804,0.804615384615385,0.986175115207373,0.969040247678019,0.976228209191759,0.112828438948995,0.13125,0.984423676012461,0.852649006622517,0.122611464968153,0.988924050632911,0.11937984496124,0.985413290113452,0.120717781402936,0.984496124031008,0.914927768860353,0.985981308411215,0.103668261562998,1,0.898305084745763,0.12280701754386,0.850308641975309,0.2125,0.986196319018405,0.107765451664025,0.990384615384615,0.945121951219512,0.224842767295597,0.87207488299532,0.845669291338583,0.115323854660348,0.121306376360809,0.986301369863014,0.926517571884984,0.911575562700965,0.977455716586151,0.985714285714286,0.116640746500778,0.864696734059098,0.125786163522013,0.983766233766234,0.113385826771654,0.134585289514867,0.982649842271293,0.953917050691244,0.121684867394696,1,0.323296354992076,0.93015873015873,0.984276729559748,0.123417721518987,0.112,0.969793322734499,0.986003110419907,0.98468606431853,0.109546165884194,0.126582278481013,0.990536277602524,0.984,0.988817891373802,0.119122257053292,0.986024844720497,0.110223642172524,0.125396825396825,0.532710280373832,0.984301412872841,0.835889570552147,0.869172932330827,0.107890499194847,0.917445482866044,0.39652448657188,0.906976744186046,0.116693679092382,0.361904761904762,0.107765451664025,0.98740157480315,0.986024844720497,0.1578125,0.114803625377644,0.18558282208589,0.984227129337539,0.984350547730829,0.402190923317684,0.99016393442623,0.910798122065728,0.987673343605547,0.114420062695925,0.100156494522692,0.128571428571429,0.575516693163752,0.112852664576803,0.9828125,0.110591900311526,0.125776397515528,0.110935023771791,0.351735015772871,0.982731554160126,0.898412698412698,0.985507246376812,0.134585289514867,0.135725429017161,0.358461538461538,0.985645933014354,0.984126984126984,0.99009900990099,0.386895475819033,0.982649842271293,0.382581648522551,0.139280125195618,0.112676056338028,0.338957055214724,0.967441860465116,0.108661417322835,0.298003072196621,0.941915227629513,0.110584518167457,0.115015974440895,0.974068071312804,0.890850722311397,0.934049079754601,0.103975535168196,0.984423676012461,0.125567322239032,0.985915492957746,0.875583203732504,0.984447900466563,0.113671274961598,0.854632587859425,0.132165605095541,0.983180428134557,0.114906832298137,0.108452950558214,0.984662576687117,0.985623003194888
"158",0.762282091917591,0.770334928229665,0.770932069510269,0.758508914100486,0,0,0,0,0,0,0,0,0,0,0,0,0,0,0,0,0,0,0,0,0,0,0,0,0,0,0,0,0,0,0,0,0,0,0,0,0,0,0,0,0,0,0,0.755417956656347,0.766975308641975,0.759289176090469,0.771929824561403,0,0.0016,0.00159235668789809,0,0,0,0,0,0,0,0,0,0,0,0,0,0,0,0,0,0,0,0,0,0,0,0,0,0,0,0,0,0,0,0,0,0,0,0,0,0,0,0,0,0,0.76056338028169,0.394736842105263,0.327974276527331,0.331179321486268,0.338658146964856,0.784219001610306,0.758730158730159,0.77258064516129,0.381102362204724,0.804580152671756,0.3328173374613,0.346153846153846,0.771929824561403,1,0.762578616352201,0.562009419152276,0.310664605873261,0.3609375,0.335987261146497,0.770206022187005,0.775351014040562,0.321259842519685,0.502521008403361,0.754471544715447,0.325806451612903,0.766823161189358,0.327731092436975,0.762135922330097,0.343354430379747,0.393890675241158,0.3198127925117,0.768982229402262,0.332810047095761,0.444790046656299,0.763116057233704,0.46749226006192,0.778996865203762,0.330218068535826,0.7712,0.320634920634921,0.385093167701863,0.764430577223089,0.457006369426752,0.434504792332268,0.768503937007874,0.761829652996845,0.347957639939486,0.426470588235294,0.398073836276083,0.350961538461538,0.323763955342903,0.77639751552795,0.480680061823802,0.753623188405797,0.307443365695793,0.762439807383628,0.768025078369906,0.320574162679426,0.374021909233177,0.773015873015873,0.323296354992076,1,0.417322834645669,0.328548644338118,0.759055118110236,0.740384615384615,0.354531001589825,0.323899371069182,0.323076923076923,0.771293375394322,0.756137479541735,0.319620253164557,0.310289389067524,0.344444444444444,0.751166407465008,0.314641744548287,0.772435897435897,0.7776,0.636785162287481,0.331240188383046,0.50462962962963,0.472477064220183,0.748407643312102,0.416139240506329,0.993620414673046,0.460815047021944,0.752052545155993,0.9936,0.7696,0.330658105939005,0.320695102685624,0.775510204081633,0.768759571209801,0.766768292682927,0.326498422712934,0.333333333333333,0.995230524642289,0.327922077922078,0.397415185783522,0.326530612244898,0.762204724409449,0.75968992248062,0.79073482428115,0.541666666666667,0.760629921259843,0.33175355450237,0.770932069510269,0.779342723004695,0.765822784810127,1,0.336990595611285,0.387820512820513,0.323717948717949,0.7765625,0.776729559748428,0.697247706422018,0.310236220472441,0.319422150882825,0.314845024469821,0.998410174880763,0.332298136645963,1,0.818897637795276,0.759055118110236,0.996908809891808,0.362229102167183,0.764044943820225,0.809597523219814,0.413078149920255,0.758785942492013,0.79047619047619,0.349593495934959,0.43317230273752,0.397515527950311,0.763608087091757,0.329211746522411,0.756134969325153,0.321086261980831,0.445151033386327,0.327503974562798,0.766929133858268,0.479559748427673,0.797169811320755,0.329173166926677,0.768621236133122,0.761827079934747,0.322932917316693,0.327390599675851
"159",0.182965299684543,0.189358372456964,0.187596899224806,0.181672025723473,0,0,0,0,0,0,0,0,0,0,0,0,0,0,0,0,0,0,0,0,0,0,0,0,0,0,0,0,0,0,0,0,0,0,0,0,0,0,0,0,0,0,0,0.188650306748466,0.197183098591549,0.199029126213592,0.197431781701445,0,0.00158227848101266,0,0,0,0,0,0,0,0,0,0,0,0,0,0,0,0,0,0,0,0,0,0,0,0,0,0,0,0,0,0,0,0,0,0,0,0,0,0,0,0,0,0,0,0.20763358778626,0.930981595092024,0.921752738654147,0.912903225806452,0.922712933753943,0.2928,0.204334365325077,0.194312796208531,0.948031496062992,0.287692307692308,0.912977099236641,0.915993537964459,0.429725363489499,0.461661341853035,0.194662480376766,0.801232665639445,0.913793103448276,0.923430321592649,0.939873417721519,0.199685534591195,0.210443037974684,0.910658307210031,0.844112769485904,0.185714285714286,0.925750394944708,0.203703703703704,0.916943521594684,0.198067632850242,0.93217665615142,0.963317384370016,0.920560747663551,0.191626409017713,0.927469135802469,0.864406779661017,0.205741626794258,0.870481927710843,0.301435406698565,0.914764079147641,0.192616372391653,0.913738019169329,0.921417565485362,0.311320754716981,0.8752,0.91496062992126,0.192488262910798,0.201834862385321,0.921212121212121,0.928455284552846,0.950636942675159,0.912621359223301,0.911433172302738,0.184663536776213,0.854914196567863,0.19620253164557,0.90228013029316,0.184294871794872,0.209302325581395,0.908517350157729,0.968652037617555,0.211290322580645,0.93015873015873,0.417322834645669,1,0.921630094043887,0.19496855345912,0.207278481012658,0.9136,0.913385826771654,0.910631741140216,0.18312101910828,0.213375796178344,0.911949685534591,0.914012738853503,0.928571428571429,0.196567862714509,0.914330218068536,0.190851735015773,0.212460063897764,0.596875,0.91679748822606,0.837245696400626,0.889393939393939,0.194928684627575,0.93900481540931,0.477346278317152,0.940532081377152,0.194762684124386,0.438485804416404,0.193650793650794,0.904153354632588,0.90726429675425,0.240506329113924,0.200913242009132,0.270642201834862,0.913522012578616,0.915360501567398,0.458914728682171,0.916129032258065,0.969404186795491,0.919629057187017,0.188679245283019,0.187017001545595,0.213946117274168,0.590837282780411,0.2,0.933021806853583,0.1875,0.194444444444444,0.199683042789223,0.442122186495177,0.921996879875195,0.944444444444444,0.911949685534591,0.216589861751152,0.220447284345048,0.437403400309119,0.915625,0.906940063091483,0.925324675324675,0.467592592592593,0.910094637223975,0.465437788018433,0.215625,0.190251572327044,0.429447852760736,0.917445482866044,0.186413902053712,0.382039573820396,0.89358372456964,0.188291139240506,0.194267515923567,0.917073170731707,0.897727272727273,0.945736434108527,0.189024390243902,0.919003115264797,0.200607902735562,0.911353032659409,0.885895404120444,0.912908242612753,0.191823899371069,0.870662460567823,0.2,0.912772585669782,0.190625,0.184640522875817,0.907834101382488,0.926517571884984
"160",0.0884676145339652,0.0984126984126984,0.0934579439252336,0.0926517571884984,0,0,0,0,0,0,0,0,0,0,0,0,0,0,0,0,0,0,0,0,0,0,0,0,0,0,0,0,0,0,0,0,0,0,0,0,0,0,0,0,0,0,0,0.0911901081916538,0.0982839313572543,0.0936995153473344,0.0933977455716586,0,0.00159489633173844,0.00155763239875389,0,0,0,0,0,0,0,0,0,0,0,0,0,0,0,0,0,0,0,0,0,0,0,0,0,0,0,0,0,0,0,0,0,0,0,0,0,0,0,0,0,0,0.0984615384615385,0.912977099236641,0.995238095238095,0.99837925445705,1,0.191522762951334,0.110410094637224,0.096,0.945054945054945,0.207317073170732,0.998447204968944,0.9568,0.3216,0.380191693290735,0.0907668231611894,0.789391575663027,0.9984375,0.964006259780908,0.963492063492064,0.10062893081761,0.113029827315542,0.998425196850394,0.837792642140468,0.109697933227345,0.996789727126806,0.0998439937597504,0.99836867862969,0.106280193236715,0.981132075471698,0.908653846153846,0.998454404945904,0.0795454545454545,0.989010989010989,0.879204892966361,0.10223642172524,0.82542113323124,0.194577352472089,0.998452012383901,0.100486223662885,0.998384491114701,0.932098765432099,0.21583850931677,0.842271293375394,0.85062893081761,0.101880877742947,0.104615384615385,0.998502994011976,0.905383360522023,0.922330097087379,0.990445859872611,0.998410174880763,0.0930232558139535,0.863141524105754,0.102040816326531,0.998371335504886,0.100961538461538,0.105015673981191,1,0.960998439937597,0.0976377952755905,0.984276729559748,0.328548644338118,0.921630094043887,1,0.0979462875197472,0.0974842767295598,0.965023847376789,0.998417721518987,0.998466257668712,0.0936507936507937,0.107371794871795,0.9984375,0.998394863563403,0.996835443037975,0.102803738317757,0.998425196850394,0.0974842767295598,0.108832807570978,0.529862174578867,0.998463901689708,0.826086956521739,0.857142857142857,0.0950080515297907,0.904,0.394863563402889,0.896875,0.0941558441558442,0.355590062111801,0.0913461538461538,0.998405103668262,0.998412698412698,0.14873417721519,0.101515151515152,0.178018575851393,0.998430141287284,0.9984375,0.385692068429238,0.99835255354201,0.908653846153846,0.998473282442748,0.0963665086887836,0.0894819466248038,0.116719242902208,0.54559748427673,0.102523659305994,0.989247311827957,0.0894819466248038,0.106153846153846,0.0966719492868463,0.352380952380952,0.998444790046656,0.89589905362776,0.998439937597504,0.117465224111283,0.121451104100946,0.344236760124611,0.998442367601246,1,0.987012987012987,0.39652448657188,1,0.390432098765432,0.11875,0.0942812982998454,0.341426403641882,0.965785381026439,0.0899053627760252,0.26412213740458,0.925984251968504,0.0950871632329636,0.0976,0.95859872611465,0.878489326765189,0.927131782945736,0.0858895705521472,0.998456790123457,0.103975535168196,1,0.850467289719626,0.998442367601246,0.0965189873417722,0.825396825396825,0.1168,1,0.0996884735202492,0.0990415335463259,0.998463901689708,0.981132075471698
"161",1,1,1,1,0,0,0,0,0,0,0,0,0,0,0,0,0,0,0,0,0,0,0,0,0,0,0,0,0,0,0,0,0,0,0,0,0,0,0,0,0,0,0,0,0,0,0,1,1,1,1,0,0,0,0,0,0,0,0,0,0,0,0,0,0,0,0,0,0,0,0,0,0,0,0,0,0,0,0,0,0,0,0,0,0,0,0,0,0,0,0,0,0,0,0,0,1,0.190108191653787,0.107594936708861,0.0953150242326333,0.096875,0.904838709677419,0.995275590551181,0.998407643312102,0.168789808917197,0.889739663093415,0.10939907550077,0.149206349206349,0.768253968253968,0.72972972972973,1,0.326086956521739,0.0969230769230769,0.142419601837672,0.125596184419714,1,0.988993710691824,0.103937007874016,0.265442404006678,0.996835443037975,0.109697933227345,1,0.104132231404959,1,0.113924050632911,0.195859872611465,0.103343465045593,1,0.109375,0.228260869565217,0.990338164251208,0.288990825688073,0.908661417322835,0.102167182662539,0.996835443037975,0.0907668231611894,0.17457886676876,0.902021772939347,0.267295597484277,0.25314465408805,1,0.995215311004785,0.101538461538462,0.198373983739837,0.199059561128527,0.107717041800643,0.112852664576803,1,0.255023183925811,0.990521327014218,0.0916271721958926,1,0.989197530864197,0.0988654781199352,0.151326053042122,1,0.123417721518987,0.759055118110236,0.19496855345912,0.0979462875197472,1,1,0.138364779874214,0.1,0.0984615384615385,1,0.998402555910543,0.0966257668711656,0.105431309904153,0.10952380952381,0.998439937597504,0.0959119496855346,0.998397435897436,0.996825396825397,0.588235294117647,0.097331240188383,0.284615384615385,0.265060240963855,1,0.218298555377207,0.719242902208202,0.216049382716049,0.996753246753247,0.7546875,1,0.105845181674566,0.10031847133758,0.965189873417722,0.996951219512195,0.925696594427245,0.0985915492957746,0.1078125,0.724299065420561,0.100813008130081,0.188976377952756,0.101851851851852,1,1,0.987301587301587,0.561093247588424,1,0.109546165884194,1,0.987635239567233,0.996810207336523,0.753577106518283,0.105100463678516,0.195859872611465,0.0981308411214953,0.979750778816199,0.975116640746501,0.784615384615385,0.0927672955974843,0.100787401574803,0.113821138211382,0.720565149136578,0.09375,0.721792890262751,0.975116640746501,1,0.765337423312883,0.137984496124031,1,0.829007633587786,0.180817610062893,1,1,0.140096618357488,0.226537216828479,0.185243328100471,1,0.098613251155624,0.998468606431853,0.101246105919003,0.251184834123223,0.107717041800643,1,0.290679304897314,0.9890625,0.101404056162246,1,1,0.101382488479263,0.114104595879556
"162",1,1,1,1,0,0,0,0,0,0,0,0,0,0,0,0,0,0,0,0,0,0,0,0,0,0,0,0,0,0,0,0,0,0,0,0,0,0,0,0,0,0,0,0,0,0,0,1,1,1,1,0,0,0,0,0,0,0,0,0,0,0,0,0,0,0,0,0,0,0,0,0,0,0,0,0,0,0,0,0,0,0,0,0,0,0,0,0,0,0,0,0,0,0,0,0,1,0.192012288786482,0.103338632750397,0.0903328050713154,0.0978260869565217,0.898222940226171,0.9953125,0.998412698412698,0.164835164835165,0.886503067484663,0.107858243451464,0.142172523961661,0.765822784810127,0.715408805031447,1,0.3109375,0.0902021772939347,0.132605304212168,0.129337539432177,1,0.985826771653543,0.097331240188383,0.268006700167504,0.998402555910543,0.109500805152979,1,0.099510603588907,1,0.113207547169811,0.20032310177706,0.102167182662539,1,0.103395061728395,0.221036585365854,0.990461049284579,0.293577981651376,0.901587301587302,0.097331240188383,0.9967585089141,0.0903426791277259,0.168730650154799,0.890795631825273,0.272292993630573,0.2688,1,0.99537037037037,0.0949464012251149,0.198697068403909,0.195859872611465,0.109149277688604,0.110236220472441,1,0.249617151607963,0.990506329113924,0.0888529886914378,1,0.992223950233281,0.0933544303797468,0.151326053042122,1,0.112,0.740384615384615,0.207278481012658,0.0974842767295598,1,1,0.134165366614665,0.105095541401274,0.101382488479263,1,0.998407643312102,0.0904836193447738,0.0971337579617834,0.107424960505529,0.998444790046656,0.0940438871473354,0.996879875195008,0.9952,0.588597842835131,0.089644513137558,0.280674846625767,0.265060240963855,1,0.215625,0.69701726844584,0.221183800623053,0.996774193548387,0.731319554848967,1,0.101748807631161,0.0987460815047022,0.962025316455696,0.995419847328244,0.916923076923077,0.093603744149766,0.10062893081761,0.692068429237947,0.0957095709570957,0.204472843450479,0.0975232198142415,1,1,0.988871224165342,0.569377990430622,1,0.104265402843602,1,0.98936170212766,0.996820349761526,0.731825525040388,0.102040816326531,0.212460063897764,0.0947867298578199,0.973846153846154,0.970031545741325,0.787925696594427,0.097331240188383,0.0984375,0.10983606557377,0.700934579439252,0.0944272445820433,0.703245749613601,0.975961538461538,1,0.74347158218126,0.137931034482759,1,0.817484662576687,0.172955974842767,1,1,0.140096618357488,0.233494363929147,0.195956454121306,1,0.0941358024691358,0.998463901689708,0.0934579439252336,0.267716535433071,0.1046875,1,0.298578199052133,0.988958990536278,0.102201257861635,1,1,0.0961832061068702,0.114832535885167
"163",0.131121642969984,0.132911392405063,0.125391849529781,0.117460317460317,0,0,0,0,0,0,0,0,0,0,0,0,0,0,0,0,0,0,0,0,0,0,0,0,0,0,0,0,0,0,0,0,0,0,0,0,0,0,0,0,0,0,0,0.129770992366412,0.138461538461538,0.140293637846656,0.1248,0,0.00471698113207547,0.0015748031496063,0,0,0,0,0,0,0,0,0,0,0,0,0,0,0,0,0,0,0,0,0,0,0,0,0,0,0,0,0,0,0,0,0,0,0,0,0,0,0,0,0,0,0.1321044546851,0.911585365853659,0.970125786163522,0.968,0.970125786163522,0.235576923076923,0.150793650793651,0.134281200631912,0.934272300469484,0.242378048780488,0.967889908256881,1,0.358851674641148,0.411575562700965,0.129082426127527,0.818885448916409,0.9640625,1,0.963949843260188,0.140625,0.148499210110585,0.960998439937597,0.874363327674024,0.144927536231884,0.973561430793157,0.144654088050314,0.964052287581699,0.142625607779579,0.970031545741325,0.904458598726115,0.975116640746501,0.118296529968454,0.968847352024922,0.922360248447205,0.153238546603476,0.83030303030303,0.247261345852895,0.964992389649924,0.136585365853659,0.9671875,0.927244582043344,0.257911392405063,0.848200312989045,0.85214626391097,0.137770897832817,0.138413685847589,0.969418960244648,0.911433172302738,0.91283676703645,0.958664546899841,0.9671875,0.12962962962963,0.896024464831804,0.146189735614308,0.961661341853035,0.133012820512821,0.155145929339478,0.968404423380727,0.947368421052632,0.138582677165354,0.969793322734499,0.354531001589825,0.9136,0.965023847376789,0.138364779874214,0.134165366614665,1,0.9625,0.963636363636364,0.12111801242236,0.135135135135135,0.966929133858268,0.9616,0.968051118210863,0.131987577639752,0.969135802469136,0.138755980861244,0.149136577708006,0.565950920245399,0.96177370030581,0.856259659969088,0.846504559270517,0.12779552715655,0.890625,0.43338683788122,0.9,0.141252006420546,0.390822784810127,0.128930817610063,0.960815047021944,0.96141975308642,0.182677165354331,0.140030441400304,0.217054263565891,0.965189873417722,0.962558502340094,0.413416536661466,0.969105691056911,0.901929260450161,0.964831804281346,0.122065727699531,0.117283950617284,0.150078988941548,0.551505546751189,0.14218009478673,0.96551724137931,0.125776397515528,0.144376899696049,0.13302034428795,0.381410256410256,0.97196261682243,0.883683360258481,0.962025316455696,0.167721518987342,0.15625,0.370820668693009,0.965732087227414,0.963665086887836,0.987096774193548,0.424336973478939,0.962732919254658,0.411214953271028,0.168992248062016,0.135725429017161,0.367127496159754,1,0.131868131868132,0.31306990881459,0.974723538704581,0.130708661417323,0.131121642969984,0.996840442338073,0.880191693290735,0.920731707317073,0.126348228043143,0.964451313755796,0.139605462822458,0.967084639498433,0.867394695787831,0.971742543171115,0.138364779874214,0.833855799373041,0.14488188976378,0.963020030816641,0.132716049382716,0.128038897893031,0.963358778625954,0.975688816855754
"164",0.0959752321981424,0.100156494522692,0.0945736434108527,0.0881889763779528,0,0,0,0,0,0,0,0,0,0,0,0,0,0,0,0,0,0,0,0,0,0,0,0,0,0,0,0,0,0,0,0,0,0,0,0,0,0,0,0,0,0,0,0.0889570552147239,0.102009273570325,0.0963081861958267,0.0925039872408294,0,0.00473186119873817,0.0015625,0,0,0,0,0,0,0,0,0,0,0,0,0,0,0,0,0,0,0,0,0,0,0,0,0,0,0,0,0,0,0,0,0,0,0,0,0,0,0,0,0,0,0.101823708206687,0.925644916540212,0.995275590551181,1,0.998454404945904,0.190095846645367,0.114779874213836,0.10223642172524,0.94,0.212765957446809,0.998489425981873,0.956937799043062,0.343307086614173,0.375,0.0959752321981424,0.780674846625767,1,0.963020030816641,0.973561430793157,0.0996932515337423,0.11128526645768,1,0.836666666666667,0.111642743221691,0.998439937597504,0.10061919504644,1,0.104669887278583,0.986024844720497,0.911111111111111,0.995348837209302,0.0919175911251981,0.992307692307692,0.872340425531915,0.115873015873016,0.824324324324324,0.201863354037267,1,0.103937007874016,1,0.935285053929122,0.217391304347826,0.836702954898911,0.856466876971609,0.0978260869565217,0.104938271604938,1,0.904912836767036,0.916006339144215,0.991974317817014,1,0.0969230769230769,0.852534562211982,0.115625,1,0.0981012658227848,0.119083969465649,0.998417721518987,0.952086553323029,0.104776579352851,0.986003110419907,0.323899371069182,0.913385826771654,0.998417721518987,0.1,0.105095541401274,0.9625,1,1,0.0950155763239875,0.109375,1,1,0.998435054773083,0.104454685099846,1,0.100470957613815,0.1184,0.522273425499232,1,0.818461538461538,0.853211009174312,0.0927672955974843,0.893915756630265,0.393890675241158,0.882262996941896,0.107936507936508,0.353218210361067,0.09375,1,1,0.142414860681115,0.10381679389313,0.172573189522342,1,1,0.386895475819033,1,0.917851500789889,1,0.103125,0.0814132104454685,0.119122257053292,0.569182389937107,0.102040816326531,0.989113530326594,0.0993788819875776,0.114329268292683,0.100946372239748,0.343949044585987,0.996923076923077,0.905901116427432,1,0.130168453292496,0.128125,0.34375,1,0.998449612403101,0.985270049099836,0.383540372670807,0.998463901689708,0.374608150470219,0.12888198757764,0.103448275862069,0.343939393939394,0.964506172839506,0.0956112852664577,0.26355421686747,0.926267281105991,0.100946372239748,0.10207336523126,0.959119496855346,0.858974358974359,0.914373088685015,0.0895295902883156,1,0.105182926829268,1,0.853125,0.996918335901387,0.0942812982998454,0.81875,0.116719242902208,0.998459167950693,0.100154083204931,0.0939490445859873,1,0.9872
"165",0.0903522205206738,0.102446483180428,0.0937019969278034,0.0916149068322981,0,0,0,0,0,0,0,0,0,0,0,0,0,0,0,0,0,0,0,0,0,0,0,0,0,0,0,0,0,0,0,0,0,0,0,0,0,0,0,0,0,0,0,0.0950226244343891,0.103448275862069,0.0989010989010989,0.10077519379845,0,0.0031055900621118,0.0015552099533437,0,0,0,0,0,0,0,0,0,0,0,0,0,0,0,0,0,0,0,0,0,0,0,0,0,0,0,0,0,0,0,0,0,0,0,0,0,0,0,0,0,0,0.101361573373676,0.907185628742515,0.995384615384615,1,0.998452012383901,0.197160883280757,0.111455108359133,0.101538461538462,0.938650306748466,0.208144796380091,0.998507462686567,0.954758190327613,0.33695652173913,0.367601246105919,0.0961832061068702,0.782477341389728,1,0.964669738863287,0.967084639498433,0.104947526236882,0.111951588502269,1,0.830917874396135,0.106918238993711,0.998435054773083,0.101515151515152,1,0.103875968992248,0.983180428134557,0.903576982892691,0.995426829268293,0.089644513137558,0.991004497751124,0.87910447761194,0.1140625,0.830609212481426,0.197852760736196,1,0.100946372239748,1,0.926756352765321,0.210122699386503,0.848024316109423,0.841945288753799,0.104072398190045,0.104229607250755,1,0.900466562986003,0.911214953271028,0.987519500780031,1,0.0929535232383808,0.847533632286996,0.111280487804878,1,0.0965732087227414,0.114803625377644,0.998452012383901,0.953101361573374,0.105504587155963,0.98468606431853,0.323076923076923,0.910631741140216,0.998466257668712,0.0984615384615385,0.101382488479263,0.963636363636364,1,1,0.0939393939393939,0.112307692307692,1,1,0.996860282574568,0.104615384615385,1,0.0975232198142415,0.113178294573643,0.526717557251908,1,0.817236255572065,0.84077380952381,0.0984375,0.895800933125972,0.376543209876543,0.886328725038402,0.0998389694041868,0.344186046511628,0.0937019969278034,1,1,0.14525993883792,0.102831594634873,0.173652694610778,1,1,0.374810318664643,1,0.902021772939347,1,0.101538461538462,0.0910470409711684,0.119266055045872,0.554012345679012,0.100931677018634,0.987748851454824,0.0963302752293578,0.106128550074738,0.098159509202454,0.337423312883436,0.996996996996997,0.884375,1,0.126696832579186,0.125567322239032,0.341829085457271,1,0.998470948012232,0.984152139461173,0.389312977099237,0.998487140695915,0.368421052631579,0.125748502994012,0.103076923076923,0.329359165424739,0.967016491754123,0.093167701863354,0.276119402985075,0.930340557275542,0.0998463901689708,0.0965732087227414,0.96048632218845,0.869496855345912,0.914156626506024,0.091044776119403,1,0.104633781763827,1,0.86322188449848,0.996960486322188,0.0977099236641221,0.825347758887172,0.125193199381762,0.998493975903614,0.0986342943854325,0.0989010989010989,1,0.982677165354331
"166",1,1,1,1,0,0,0,0,0,0,0,0,0,0,0,0,0,0,0,0,0,0,0,0,0,0,0,0,0,0,0,0,0,0,0,0,0,0,0,0,0,0,0,0,0,0,0,1,1,1,1,0,0,0,0,0,0,0,0,0,0,0,0,0,0,0,0,0,0,0,0,0,0,0,0,0,0,0,0,0,0,0,0,0,0,0,0,0,0,0,0,0,0,0,0,0,1,0.172782874617737,0.0987261146496815,0.0838607594936709,0.0913385826771654,0.896166134185304,0.993730407523511,0.998405103668262,0.155905511811024,0.905864197530864,0.102009273570325,0.134493670886076,0.772870662460568,0.730031948881789,1,0.304012345679012,0.0819165378670788,0.125195618153365,0.120500782472613,1,0.986301369863014,0.0953125,0.249169435215947,0.995230524642289,0.0998415213946117,1,0.0913621262458472,1,0.107255520504732,0.186795491143317,0.0942249240121581,1,0.095679012345679,0.210122699386503,0.988673139158576,0.261329305135952,0.90282131661442,0.0949464012251149,1,0.0851735015772871,0.151840490797546,0.898148148148148,0.245053272450533,0.246894409937888,1,0.993798449612403,0.0904977375565611,0.174959871589085,0.187898089171975,0.107936507936508,0.107476635514019,1,0.242703533026114,0.989197530864197,0.0793650793650794,1,0.990740740740741,0.0942492012779553,0.137770897832817,1,0.109546165884194,0.771293375394322,0.18312101910828,0.0936507936507937,1,1,0.12111801242236,0.0950155763239875,0.0939393939393939,1,0.996840442338073,0.0832049306625578,0.0936507936507937,0.0965189873417722,1,0.0855365474339036,0.998435054773083,0.998402555910543,0.583333333333333,0.0837209302325581,0.268292682926829,0.27175572519084,1,0.216216216216216,0.709984152139461,0.201538461538462,1,0.746056782334385,1,0.0996835443037975,0.0929133858267717,0.963836477987421,0.998475609756098,0.924846625766871,0.0870917573872473,0.0921875,0.720247295208655,0.0938511326860841,0.184834123222749,0.088145896656535,1,1,0.987460815047022,0.52112676056338,1,0.102484472049689,1,0.987616099071207,0.996845425867508,0.752396166134185,0.0933125972006221,0.189490445859873,0.0897637795275591,0.977029096477795,0.97339593114241,0.772727272727273,0.0875,0.0839936608557845,0.104575163398693,0.719047619047619,0.0808709175738725,0.730529595015576,0.9734375,1,0.764795144157815,0.127725856697819,1,0.836115326251897,0.162460567823344,1,1,0.127760252365931,0.216129032258065,0.171875,1,0.0844854070660522,0.998484848484849,0.0921658986175115,0.235668789808917,0.0921875,1,0.26813880126183,0.987421383647799,0.0927672955974843,1,1,0.0937019969278034,0.103833865814696
"167",0.996840442338073,0.996784565916399,0.996784565916399,1,0,0,0,0,0,0,0,0,0,0,0,0,0,0,0,0,0,0,0,0,0,0,0,0,0,0,0,0,0,0,0,0,0,0,0,0,0,0,0,0,0,0,0,0.996875,0.996889580093313,0.998355263157895,0.996768982229402,0,0,0,0,0,0,0,0,0,0,0,0,0,0,0,0,0,0,0,0,0,0,0,0,0,0,0,0,0,0,0,0,0,0,0,0,0,0,0,0,0,0,0,0,0,0.996941896024465,0.2,0.110584518167457,0.105348460291734,0.106518282988871,0.900489396411093,0.998425196850394,0.998387096774194,0.167192429022082,0.885448916408669,0.116459627329193,0.146341463414634,0.765923566878981,0.722852512155592,0.996825396825397,0.327639751552795,0.10126582278481,0.142857142857143,0.134615384615385,0.996850393700787,0.987281399046105,0.10459587955626,0.280612244897959,0.998384491114701,0.116504854368932,0.998442367601246,0.106312292358804,0.996779388083736,0.120578778135048,0.206730769230769,0.101721439749609,0.998381877022654,0.114285714285714,0.22884012539185,0.98389694041868,0.294392523364486,0.903691813804173,0.112519809825674,0.993377483443709,0.0941558441558442,0.181114551083591,0.897959183673469,0.265402843601896,0.273449920508744,0.996879875195008,0.998430141287284,0.10260336906585,0.210696920583468,0.20097244732577,0.113673805601318,0.119162640901771,0.998444790046656,0.262992125984252,0.985530546623794,0.0940032414910859,0.996774193548387,0.988888888888889,0.107371794871795,0.152996845425868,0.9984375,0.126582278481013,0.756137479541735,0.213375796178344,0.107371794871795,0.998402555910543,0.998407643312102,0.135135135135135,0.109375,0.112307692307692,0.996840442338073,1,0.103448275862069,0.11038961038961,0.116316639741519,0.995275590551181,0.100313479623824,0.99512987012987,0.995169082125604,0.589147286821705,0.102848101265823,0.287925696594427,0.270015698587127,0.996726677577741,0.229903536977492,0.714518760195759,0.223270440251572,0.99341021416804,0.75,0.996789727126806,0.110223642172524,0.111111111111111,0.9648,0.992248062015504,0.925117004680187,0.101748807631161,0.110584518167457,0.71451355661882,0.102819237147595,0.2064,0.107692307692308,0.996805111821086,0.996825396825397,0.982456140350877,0.561996779388084,0.996830427892235,0.105177993527508,0.996884735202492,0.984301412872841,0.995161290322581,0.750413223140496,0.111635220125786,0.207578253706755,0.106518282988871,0.971830985915493,0.96969696969697,0.773584905660377,0.106451612903226,0.104928457869634,0.120200333889816,0.714511041009464,0.10031847133758,0.718110236220472,0.971337579617834,0.996825396825397,0.767228177641654,0.1453125,0.996805111821086,0.820276497695853,0.179650238473768,0.996805111821086,0.996747967479675,0.1488,0.237704918032787,0.195685670261941,0.996894409937888,0.100313479623824,0.995356037151703,0.103610675039246,0.270569620253165,0.117834394904459,0.996860282574568,0.301261829652997,0.983974358974359,0.11216429699842,1,0.996677740863787,0.108864696734059,0.118506493506494
"168",0.0902140672782875,0.0902021772939347,0.0861538461538462,0.080188679245283,0,0,0,0,0,0,0,0,0,0,0,0,0,0,0,0,0,0,0,0,0,0,0,0,0,0,0,0,0,0,0,0,0,0,0,0,0,0,0,0,0,0,0,0.0848484848484849,0.0921450151057402,0.0842787682333874,0.0856697819314642,0,0.00469483568075117,0.00157977883096367,0,0,0,0,0,0,0,0,0,0,0,0,0,0,0,0,0,0,0,0,0,0,0,0,0,0,0,0,0,0,0,0,0,0,0,0,0,0,0,0,0,0,0.0927051671732523,0.910334346504559,0.995245641838352,1,0.998463901689708,0.189655172413793,0.102803738317757,0.0930599369085174,0.935837245696401,0.195454545454545,0.998484848484849,0.963258785942492,0.327073552425665,0.368088467614534,0.0889570552147239,0.771956856702619,1,0.964669738863287,0.970769230769231,0.0910470409711684,0.10077519379845,1,0.836065573770492,0.0988835725677831,1,0.0939393939393939,1,0.0933544303797468,0.983076923076923,0.909090909090909,0.995433789954338,0.0845070422535211,0.993939393939394,0.878461538461539,0.0987460815047022,0.809815950920245,0.188736681887367,1,0.0847723704866562,1,0.927051671732523,0.203076923076923,0.829721362229102,0.843014128728414,0.0952380952380952,0.0907692307692308,1,0.898089171974522,0.905511811023622,0.988958990536278,1,0.0871559633027523,0.853252647503782,0.0949367088607595,1,0.0893416927899686,0.112633181126332,0.998420221169036,0.955315870570108,0.0970724191063174,0.990536277602524,0.319620253164557,0.911949685534591,0.9984375,0.0966257668711656,0.0904836193447738,0.966929133858268,1,1,0.0832049306625578,0.103448275862069,1,1,0.996815286624204,0.095679012345679,1,0.0864197530864197,0.102362204724409,0.526636225266362,1,0.8125,0.843609022556391,0.0804416403785489,0.890995260663507,0.387755102040816,0.88208269525268,0.0882825040128411,0.348297213622291,0.0852713178294574,1,1,0.130434782608696,0.0980392156862745,0.168453292496172,1,1,0.377880184331797,1,0.90809968847352,1,0.0885093167701863,0.0775193798449612,0.101088646967341,0.547987616099071,0.0917573872472784,0.987635239567233,0.0848765432098765,0.0972644376899696,0.0906298003072197,0.342229199372057,0.996951219512195,0.893819334389857,1,0.116666666666667,0.113496932515337,0.327160493827161,1,0.998461538461539,0.988691437802908,0.380216383307573,0.998456790123457,0.370769230769231,0.11402157164869,0.0904907975460123,0.32781954887218,0.972434915773354,0.078125,0.260211800302572,0.93613707165109,0.0853080568720379,0.0894568690095847,0.96594427244582,0.862341772151899,0.915254237288136,0.0852359208523592,1,0.091324200913242,1,0.842679127725857,0.996904024767802,0.0928792569659443,0.814241486068111,0.108191653786708,0.998442367601246,0.0933125972006221,0.0810810810810811,1,0.9859375
"169",0.0888888888888889,0.0940032414910859,0.0862619808306709,0.0848,0,0,0,0,0,0,0,0,0,0,0,0,0,0,0,0,0,0,0,0,0,0,0,0,0,0,0,0,0,0,0,0,0,0,0,0,0,0,0,0,0,0,0,0.0941358024691358,0.0998415213946117,0.090311986863711,0.0967213114754098,0,0.00320512820512821,0.00159744408945687,0,0,0,0,0,0,0,0,0,0,0,0,0,0,0,0,0,0,0,0,0,0,0,0,0,0,0,0,0,0,0,0,0,0,0,0,0,0,0,0,0,0,0.0993788819875776,0.918110236220472,0.9968,1,0.9984,0.194888178913738,0.1056,0.100977198697068,0.942857142857143,0.202808112324493,0.998439937597504,0.956661316211878,0.336569579288026,0.360655737704918,0.094488188976378,0.773584905660377,1,0.960629921259842,0.96969696969697,0.0982839313572543,0.109177215189873,1,0.839255499153976,0.106796116504854,0.998376623376623,0.1,1,0.101160862354892,0.982456140350877,0.905750798722045,0.996894409937888,0.086038961038961,0.988924050632911,0.869565217391304,0.100961538461538,0.825347758887172,0.197411003236246,1,0.0947712418300654,1,0.934782608695652,0.212698412698413,0.844051446945338,0.846875,0.0976377952755905,0.0962732919254658,1,0.904132231404959,0.915605095541401,0.991803278688525,1,0.0946372239747634,0.854430379746835,0.104761904761905,1,0.0947030497592295,0.11214953271028,0.998394863563403,0.952305246422893,0.0977564102564103,0.984,0.310289389067524,0.914012738853503,0.998394863563403,0.105431309904153,0.0971337579617834,0.9616,1,1,0.0936507936507937,0.11038961038961,1,1,1,0.105263157894737,1,0.0932475884244373,0.108626198083067,0.514866979655712,1,0.815625,0.837461300309598,0.0931372549019608,0.890145395799677,0.382495948136143,0.891547049441786,0.0981996726677578,0.339171974522293,0.0935023771790808,1,1,0.142857142857143,0.0970724191063174,0.179968701095462,1,1,0.375196232339089,1,0.907915993537964,1,0.0925039872408294,0.0864779874213836,0.1088,0.553772070626003,0.0958466453674121,0.988924050632911,0.0922098569157393,0.105015673981191,0.0958466453674121,0.330618892508143,0.998417721518987,0.891547049441786,1,0.120253164556962,0.12540192926045,0.331775700934579,1,0.998407643312102,0.985245901639344,0.370429252782194,0.998405103668262,0.360374414976599,0.122448979591837,0.0977564102564103,0.328725038402458,0.962323390894819,0.0849358974358974,0.264840182648402,0.927302100161551,0.0932475884244373,0.0962479608482871,0.956521739130435,0.865573770491803,0.91679748822606,0.0873634945397816,1,0.0973724884080371,1,0.856466876971609,0.996805111821086,0.095389507154213,0.819488817891374,0.113924050632911,0.998427672955975,0.10126582278481,0.0960912052117264,1,0.982113821138211
"170",0.100961538461538,0.104669887278583,0.0963665086887836,0.0953150242326333,0,0,0,0,0,0,0,0,0,0,0,0,0,0,0,0,0,0,0,0,0,0,0,0,0,0,0,0,0,0,0,0,0,0,0,0,0,0,0,0,0,0,0,0.0976744186046512,0.105919003115265,0.101307189542484,0.102941176470588,0,0.00159489633173844,0,0,0,0,0,0,0,0,0,0,0,0,0,0,0,0,0,0,0,0,0,0,0,0,0,0,0,0,0,0,0,0,0,0,0,0,0,0,0,0,0,0,0,0.109375,0.920122887864823,0.996815286624204,0.998347107438017,0.995245641838352,0.1939586645469,0.115141955835962,0.107317073170732,0.946372239747634,0.207109737248841,0.998466257668712,0.964458804523425,0.333870967741935,0.395534290271132,0.102685624012638,0.795631825273011,0.996860282574568,0.969648562300319,0.980861244019139,0.109697933227345,0.108320251177394,0.996815286624204,0.847571189279732,0.115689381933439,0.996753246753247,0.106583072100313,0.996710526315789,0.106312292358804,0.985645933014354,0.918433931484502,0.996889580093313,0.0892857142857143,0.990551181102362,0.881987577639752,0.115569823434992,0.836671802773498,0.189274447949527,0.996884735202492,0.105177993527508,0.996815286624204,0.940625,0.212460063897764,0.8544,0.864649681528662,0.10828025477707,0.113003095975232,0.998449612403101,0.915584415584416,0.921348314606742,0.987012987012987,0.998402555910543,0.10641627543036,0.864696734059098,0.108490566037736,0.998366013071895,0.105008077544426,0.123244929797192,0.995215311004785,0.958990536277603,0.10952380952381,0.988817891373802,0.344444444444444,0.928571428571429,0.996835443037975,0.10952380952381,0.107424960505529,0.968051118210863,0.998435054773083,0.996860282574568,0.0965189873417722,0.116316639741519,0.996815286624204,1,1,0.108832807570978,1,0.106280193236715,0.119162640901771,0.55868544600939,0.996870109546166,0.833333333333333,0.857361963190184,0.098546042003231,0.901929260450161,0.417197452229299,0.907086614173228,0.109090909090909,0.374603174603175,0.100638977635783,0.9967585089141,0.996830427892235,0.143540669856459,0.108695652173913,0.166402535657686,1,0.998417721518987,0.395569620253165,0.996683250414594,0.918789808917197,0.996879875195008,0.100649350649351,0.0954616588419405,0.129032258064516,0.56,0.10952380952381,0.990476190476191,0.0990415335463259,0.118110236220472,0.101105845181675,0.353896103896104,0.998402555910543,0.89792663476874,0.996805111821086,0.131329113924051,0.126782884310618,0.337007874015748,0.996820349761526,0.9952,0.988543371522095,0.395931142410016,0.995207667731629,0.39622641509434,0.137876386687797,0.108064516129032,0.353395061728395,0.967441860465116,0.0969305331179321,0.275,0.934817170111288,0.104265402843602,0.103960396039604,0.970540098199673,0.882644628099174,0.926100628930818,0.0955315870570108,0.996840442338073,0.106481481481481,0.996870109546166,0.871589085072231,0.998407643312102,0.106084243369735,0.830940988835726,0.126198083067093,0.996845425867508,0.115805946791862,0.10327868852459,0.998432601880878,0.988486842105263
"171",1,0.998454404945904,0.998447204968944,0.998405103668262,0,0,0,0,0,0,0,0,0,0,0,0,0,0,0,0,0,0,0,0,0,0,0,0,0,0,0,0,0,0,0,0,0,0,0,0,0,0,0,0,0,0,0,0.998468606431853,0.998493975903614,0.998381877022654,0.998387096774194,0,0,0,0,0,0,0,0,0,0,0,0,0,0,0,0,0,0,0,0,0,0,0,0,0,0,0,0,0,0,0,0,0,0,0,0,0,0,0,0,0,0,0,0,0,0.998461538461539,0.188449848024316,0.10702875399361,0.0955414012738854,0.0975232198142415,0.903785488958991,0.992272024729521,0.99837925445705,0.167449139280125,0.890577507598784,0.112275449101796,0.138535031847134,0.766192733017378,0.713385826771654,0.998442367601246,0.328125,0.0950155763239875,0.134883720930233,0.125195618153365,0.998447204968944,0.989010989010989,0.0996884735202492,0.271828665568369,0.993558776167472,0.104761904761905,0.998435054773083,0.105348460291734,0.998387096774194,0.115085536547434,0.1939586645469,0.100609756097561,0.998420221169036,0.103125,0.229007633587786,0.989045383411581,0.278787878787879,0.904173106646059,0.0995405819295559,0.998407643312102,0.0950155763239875,0.164634146341463,0.893353941267388,0.258620689655172,0.257142857142857,1,0.992295839753467,0.0983358547655068,0.19281045751634,0.195892575039494,0.112877583465819,0.113385826771654,0.998452012383901,0.25585023400936,0.987538940809969,0.088,0.998422712933754,0.992389649923896,0.1008,0.146189735614308,0.998449612403101,0.119122257053292,0.751166407465008,0.196567862714509,0.102803738317757,0.998439937597504,0.998444790046656,0.131987577639752,0.104454685099846,0.104615384615385,1,0.995275590551181,0.095679012345679,0.105263157894737,0.108832807570978,1,0.0990712074303406,0.996870109546166,0.996840442338073,0.590634441087613,0.0992248062015504,0.281626506024096,0.251524390243902,1,0.213953488372093,0.711598746081505,0.217457886676876,0.998387096774194,0.736760124610592,0.998447204968944,0.105345911949686,0.104524180967239,0.962962962962963,0.996960486322188,0.923430321592649,0.0975232198142415,0.104938271604938,0.704225352112676,0.0956937799043062,0.1953125,0.104938271604938,0.998452012383901,0.998449612403101,0.987361769352291,0.571205007824726,0.998442367601246,0.110260336906585,0.998447204968944,0.98780487804878,0.995260663507109,0.740384615384615,0.106153846153846,0.196513470681458,0.096875,0.978227060653188,0.973312401883831,0.775193798449612,0.0966257668711656,0.094488188976378,0.105610561056106,0.70735524256651,0.0920436817472699,0.711598746081505,0.974723538704581,0.998427672955975,0.752279635258359,0.133435582822086,0.998402555910543,0.825227963525836,0.170278637770898,0.998444790046656,0.998422712933754,0.140096618357488,0.232744783306581,0.180555555555556,1,0.0941358024691358,0.996960486322188,0.103875968992248,0.25077399380805,0.109737248840804,0.998439937597504,0.273993808049536,0.985871271585557,0.105754276827372,0.998422712933754,0.998397435897436,0.106707317073171,0.10828025477707
"172",0.0893416927899686,0.0925925925925926,0.088785046728972,0.0852713178294574,0,0,0,0,0,0,0,0,0,0,0,0,0,0,0,0,0,0,0,0,0,0,0,0,0,0,0,0,0,0,0,0,0,0,0,0,0,0,0,0,0,0,0,0.0928462709284627,0.0958904109589041,0.0963665086887836,0.093167701863354,0,0.0046583850931677,0.0015527950310559,0,0,0,0,0,0,0,0,0,0,0,0,0,0,0,0,0,0,0,0,0,0,0,0,0,0,0,0,0,0,0,0,0,0,0,0,0,0,0,0,0,0,0.0987841945288754,0.914893617021277,0.995275590551181,1,0.998449612403101,0.183673469387755,0.0989180834621329,0.09375,0.938080495356037,0.205748865355522,0.998489425981873,0.959438377535101,0.327613104524181,0.365354330708661,0.0910493827160494,0.78,1,0.966049382716049,0.96583850931677,0.0964230171073095,0.102803738317757,1,0.829103214890017,0.102201257861635,0.998425196850394,0.098613251155624,1,0.0971337579617834,0.981538461538462,0.905132192846034,0.995433789954338,0.0817610062893082,0.990783410138249,0.872372372372372,0.104851330203443,0.82078313253012,0.189147286821705,1,0.0955414012738854,1,0.925869894099849,0.203732503888025,0.831007751937984,0.837209302325581,0.0928792569659443,0.0972222222222222,1,0.898251192368839,0.9125,0.992223950233281,1,0.0945121951219512,0.853168469860896,0.106811145510836,1,0.0932069510268562,0.112291350531108,0.998407643312102,0.951713395638629,0.100470957613815,0.986024844720497,0.314641744548287,0.914330218068536,0.998425196850394,0.0959119496855346,0.0940438871473354,0.969135802469136,1,1,0.0855365474339036,0.100313479623824,1,1,1,0.0990712074303406,1,0.100313479623824,0.110410094637224,0.501533742331288,1,0.815829528158295,0.835329341317365,0.0929133858267717,0.894899536321484,0.385964912280702,0.886535552193646,0.0969305331179321,0.342313787638669,0.086687306501548,1,1,0.135384615384615,0.0948795180722892,0.164383561643836,1,1,0.380655226209048,1,0.903481012658228,1,0.0916271721958926,0.0798771121351766,0.113178294573643,0.548489666136725,0.0982839313572543,0.986046511627907,0.0832049306625578,0.103658536585366,0.100609756097561,0.337539432176656,0.996894409937888,0.891547049441786,1,0.122137404580153,0.1203125,0.338414634146341,1,0.998430141287284,0.9872,0.386996904024768,0.998473282442748,0.363354037267081,0.12037037037037,0.0959119496855346,0.332326283987915,0.966717095310136,0.0920436817472699,0.267563527653214,0.93125,0.0958268933539413,0.0950871632329636,0.964573268921095,0.867954911433172,0.914110429447853,0.0833333333333333,1,0.0948795180722892,1,0.850699844479005,0.996923076923077,0.0918836140888208,0.815336463223787,0.110419906687403,0.998452012383901,0.0993788819875776,0.090032154340836,1,0.982371794871795
"173",0.996840442338073,0.996815286624204,0.996845425867508,0.996774193548387,0,0,0,0,0,0,0,0,0,0,0,0,0,0,0,0,0,0,0,0,0,0,0,0,0,0,0,0,0,0,0,0,0,0,0,0,0,0,0,0,0,0,0,0.998449612403101,0.998459167950693,0.996747967479675,0.996794871794872,0,0,0,0,0,0,0,0,0,0,0,0,0,0,0,0,0,0,0,0,0,0,0,0,0,0,0,0,0,0,0,0,0,0,0,0,0,0,0,0,0,0,0,0,0,0.996894409937888,0.192955589586524,0.102564102564103,0.0953150242326333,0.0920634920634921,0.910112359550562,0.995260663507109,0.998392282958199,0.168769716088328,0.904173106646059,0.106976744186047,0.144246353322528,0.77831715210356,0.735247208931419,0.996835443037975,0.329704510108865,0.0892018779342723,0.136150234741784,0.125,0.996908809891808,0.988853503184713,0.0942492012779553,0.276094276094276,0.993610223642173,0.1,0.996875,0.0971993410214168,0.996732026143791,0.106918238993711,0.194847020933977,0.0940438871473354,0.998405103668262,0.10077519379845,0.229329173166927,0.988782051282051,0.283763277693475,0.903328050713154,0.101088646967341,1,0.0883280757097792,0.166407465007776,0.891509433962264,0.264752791068581,0.251192368839428,0.996830427892235,0.993779160186625,0.0895295902883156,0.190938511326861,0.192,0.106280193236715,0.109004739336493,0.99685534591195,0.259316770186335,0.990521327014218,0.0926829268292683,0.996820349761526,0.989028213166144,0.1,0.14785373608903,0.99685534591195,0.110223642172524,0.772435897435897,0.190851735015773,0.0974842767295598,0.998397435897436,0.996879875195008,0.138755980861244,0.100470957613815,0.0975232198142415,0.998435054773083,0.99512987012987,0.0864197530864197,0.0932475884244373,0.106280193236715,0.996870109546166,0.100313479623824,1,1,0.580996884735203,0.0923317683881064,0.28816199376947,0.264525993883792,0.996768982229402,0.211538461538462,0.72275641025641,0.219047619047619,0.998360655737705,0.753554502369668,0.998410174880763,0.102685624012638,0.0932475884244373,0.965732087227414,1,0.923197492163009,0.0897637795275591,0.102685624012638,0.724569640062598,0.0963455149501661,0.184713375796178,0.0964230171073095,0.996830427892235,0.996850393700787,0.9858934169279,0.55448717948718,0.996815286624204,0.104265402843602,1,0.986089644513138,0.996830427892235,0.76537216828479,0.097331240188383,0.193861066235864,0.0868878357030016,0.979623824451411,0.975922953451043,0.773993808049536,0.0943396226415094,0.0893141945773525,0.107843137254902,0.72397476340694,0.0932069510268562,0.730529595015576,0.974643423137876,0.996789727126806,0.770769230769231,0.13968253968254,0.996774193548387,0.844615384615385,0.174803149606299,0.996825396825397,0.9967585089141,0.142628205128205,0.234710743801653,0.186520376175549,0.996918335901387,0.0885093167701863,0.996904024767802,0.0979782270606532,0.256735340729002,0.0998415213946117,0.998415213946117,0.288709677419355,0.98740157480315,0.097331240188383,0.998412698412698,0.996779388083736,0.0920436817472699,0.110754414125201
"174",0.996825396825397,0.995222929936306,0.995305164319249,0.995161290322581,0,0,0,0,0,0,0,0,0,0,0,0,0,0,0,0,0,0,0,0,0,0,0,0,0,0,0,0,0,0,0,0,0,0,0,0,0,0,0,0,0,0,0,0.996913580246914,0.996889580093313,0.995090016366612,0.995121951219512,0,0,0,0,0,0,0,0,0,0,0,0,0,0,0,0,0,0,0,0,0,0,0,0,0,0,0,0,0,0,0,0,0,0,0,0,0,0,0,0,0,0,0,0,0,0.995384615384615,0.200927357032458,0.114832535885167,0.108064516129032,0.104166666666667,0.911290322580645,0.99198717948718,0.996789727126806,0.167731629392971,0.900928792569659,0.118721461187215,0.153846153846154,0.776527331189711,0.740322580645161,0.995275590551181,0.3328125,0.108661417322835,0.154446177847114,0.136655948553055,0.995297805642633,0.988888888888889,0.112698412698413,0.291181364392679,0.993517017828201,0.117363344051447,0.995348837209302,0.109090909090909,0.995121951219512,0.129133858267717,0.201923076923077,0.111627906976744,0.996825396825397,0.114728682170543,0.236677115987461,0.987281399046105,0.319018404907975,0.909667194928685,0.110591900311526,1,0.10223642172524,0.192546583850932,0.906940063091483,0.29746835443038,0.26580226904376,0.996815286624204,0.992211838006231,0.106811145510836,0.220588235294118,0.202945990180033,0.121951219512195,0.125198098256735,0.995363214837713,0.275541795665635,0.990430622009569,0.0996784565916399,0.995114006514658,0.990712074303406,0.113782051282051,0.157392686804452,0.995260663507109,0.125396825396825,0.7776,0.212460063897764,0.108832807570978,0.996825396825397,0.9952,0.149136577708006,0.1184,0.113178294573643,0.998402555910543,0.995169082125604,0.102362204724409,0.108626198083067,0.119162640901771,0.996840442338073,0.110410094637224,1,1,0.596899224806202,0.106811145510836,0.302180685358255,0.272307692307692,0.996747967479675,0.231378763866878,0.725677830940989,0.232198142414861,0.998355263157895,0.770800627943485,0.996805111821086,0.118589743589744,0.112341772151899,0.969453376205788,1,0.930015552099533,0.109375,0.1201248049922,0.740506329113924,0.110927152317881,0.198387096774194,0.111111111111111,0.995222929936306,0.9953125,0.98546042003231,0.564102564102564,0.995222929936306,0.124213836477987,0.998407643312102,0.987635239567233,0.995230524642289,0.766612641815235,0.118483412322275,0.2032,0.107843137254902,0.978090766823161,0.976,0.783410138248848,0.106583072100313,0.105095541401274,0.120717781402936,0.735433070866142,0.107086614173228,0.731132075471698,0.97339593114241,0.995253164556962,0.771822358346095,0.148031496062992,0.995238095238095,0.832572298325723,0.186119873817035,0.995238095238095,0.995184590690209,0.156050955414013,0.242671009771987,0.194006309148265,0.996870109546166,0.105180533751962,0.993865030674847,0.111821086261981,0.287974683544304,0.116427432216906,0.996875,0.3234375,0.987179487179487,0.110764430577223,0.996845425867508,0.995090016366612,0.109034267912773,0.122349102773246
"175",0.579754601226994,0.581395348837209,0.591251885369532,0.583333333333333,0,0,0,0,0,0,0,0,0,0,0,0,0,0,0,0,0,0,0,0,0,0,0,0,0,0,0,0,0,0,0,0,0,0,0,0,0,0,0,0,0,0,0,0.581464872944694,0.596676737160121,0.595611285266458,0.572100313479624,0,0.00305810397553517,0.00153846153846154,0,0,0,0,0,0,0,0,0,0,0,0,0,0,0,0,0,0,0,0,0,0,0,0,0,0,0,0,0,0,0,0,0,0,0,0,0,0,0,0,0,0,0.587706146926537,0.562594268476621,0.530139103554869,0.510077519379845,0.536321483771252,0.641653905053599,0.594180704441041,0.590189873417722,0.590909090909091,0.633233532934132,0.522962962962963,0.536661466458658,0.679127725856698,0.644654088050314,0.588325652841782,0.596651445966514,0.523006134969325,0.556732223903177,0.542944785276074,0.575153374233129,0.606656580937973,0.494623655913978,0.578688524590164,0.571879936808847,0.525316455696203,0.587443946188341,0.532154340836013,0.584251968503937,0.533639143730887,0.634222919937206,0.517037037037037,0.581903276131045,0.527522935779816,0.56865671641791,0.600946372239748,0.629080118694362,0.738390092879257,0.512781954887218,0.583596214511041,0.508580343213729,0.567119155354449,0.81733746130031,0.624808575803982,0.65511811023622,0.577743902439024,0.592760180995475,0.516176470588235,0.605769230769231,0.613601236476043,0.517996870109546,0.528125,0.579908675799087,0.574468085106383,0.574534161490683,0.491392801251956,0.583463338533541,0.594879518072289,0.532407407407407,0.580693815987934,0.591331269349845,0.532710280373832,0.636785162287481,0.596875,0.529862174578867,0.588235294117647,0.588597842835131,0.565950920245399,0.522273425499232,0.526717557251908,0.583333333333333,0.589147286821705,0.526636225266362,0.514866979655712,0.55868544600939,0.590634441087613,0.501533742331288,0.580996884735203,0.596899224806202,1,0.525993883792049,0.584592145015106,0.579494799405646,0.578025477707006,0.577399380804954,0.632558139534884,0.595419847328244,0.573926868044515,0.64451313755796,0.585173501577287,0.530046224961479,0.528682170542636,0.654961832061069,0.589820359281437,0.700152207001522,0.502269288956127,0.538931297709924,0.63013698630137,0.520700636942675,0.611197511664075,0.518072289156627,0.586626139817629,0.594553706505295,0.598784194528875,0.570769230769231,0.582554517133956,0.52887537993921,0.590214067278288,0.596385542168675,0.578461538461538,0.642745709828393,0.525114155251142,0.589861751152074,0.50390015600624,0.651515151515151,0.627725856697819,0.657142857142857,0.510769230769231,0.528505392912173,0.521943573667712,0.634969325153374,0.515197568389058,0.653846153846154,0.607963246554365,0.576271186440678,0.637181409295352,0.546282245827011,0.583975346687211,0.657185628742515,0.571209800918836,0.583850931677019,0.597523219814242,0.562204724409449,0.536277602523659,0.581183611532625,0.586626139817629,0.522455089820359,0.570359281437126,0.532625189681335,0.615030674846626,0.525757575757576,0.58179012345679,0.625382262996942,0.609375,0.531587057010786,0.581288343558282,0.572542901716069,0.521804511278195,0.537124802527646
"176",0.0889235569422777,0.0916149068322981,0.0903522205206738,0.0822981366459627,0,0,0,0,0,0,0,0,0,0,0,0,0,0,0,0,0,0,0,0,0,0,0,0,0,0,0,0,0,0,0,0,0,0,0,0,0,0,0,0,0,0,0,0.0922844175491679,0.0941358024691358,0.0930979133226324,0.0909090909090909,0,0.00154798761609907,0.00154083204930663,0,0,0,0,0,0,0,0,0,0,0,0,0,0,0,0,0,0,0,0,0,0,0,0,0,0,0,0,0,0,0,0,0,0,0,0,0,0,0,0,0,0,0.0932721712538226,0.912202380952381,0.995297805642633,1,0.998432601880878,0.195583596214511,0.109204368174727,0.0971786833855799,0.939628482972136,0.204580152671756,0.998477929984779,0.959311424100156,0.330203442879499,0.384976525821596,0.0914728682170543,0.786482334869432,1,0.961656441717791,0.96875,0.0990566037735849,0.101851851851852,1,0.83993399339934,0.1056,0.998410174880763,0.0952380952380952,1,0.0963081861958267,0.982866043613707,0.908227848101266,0.995440729483283,0.0783699059561129,0.990769230769231,0.877272727272727,0.102803738317757,0.822388059701493,0.189522342064715,1,0.0980707395498392,1,0.928571428571429,0.207055214723926,0.838509316770186,0.838006230529595,0.0975609756097561,0.0987841945288754,1,0.898573692551506,0.916271721958926,0.988853503184713,1,0.0875576036866359,0.850903614457831,0.104361370716511,1,0.0887480190174326,0.10790273556231,0.998417721518987,0.954268292682927,0.0967238689547582,0.984301412872841,0.331240188383046,0.91679748822606,0.998463901689708,0.097331240188383,0.089644513137558,0.96177370030581,1,1,0.0837209302325581,0.102848101265823,1,1,0.996870109546166,0.0992248062015504,1,0.0923317683881064,0.106811145510836,0.525993883792049,1,0.824242424242424,0.836858006042296,0.0951612903225806,0.890092879256966,0.399686520376176,0.890577507598784,0.1,0.362654320987654,0.0825688073394495,1,1,0.138198757763975,0.0986547085201794,0.164133738601824,1,1,0.399688958009331,1,0.911811023622047,1,0.0910493827160494,0.0821705426356589,0.111111111111111,0.554502369668246,0.0952380952380952,0.987616099071207,0.0890937019969278,0.103975535168196,0.0939907550077042,0.353697749196141,0.996923076923077,0.891509433962264,1,0.114678899082569,0.122448979591837,0.338461538461538,1,0.998454404945904,0.9872,0.393939393939394,0.998439937597504,0.391304347826087,0.124615384615385,0.0937019969278034,0.349013657056146,0.964777947932619,0.0892018779342723,0.268476621417798,0.93343653250774,0.0943396226415094,0.0981012658227848,0.960815047021944,0.866129032258064,0.918586789554531,0.0823353293413174,1,0.0936555891238671,1,0.85824345146379,0.996865203761755,0.0927357032457496,0.82701062215478,0.113564668769716,0.998454404945904,0.095679012345679,0.0957613814756672,1,0.985781990521327
"177",0.285496183206107,0.293394777265745,0.28149300155521,0.263910969793323,0,0,0,0,0,0,0,0,0,0,0,0,0,0,0,0,0,0,0,0,0,0,0,0,0,0,0,0,0,0,0,0,0,0,0,0,0,0,0,0,0,0,0,0.286786786786787,0.285074626865672,0.296062992125984,0.287066246056782,0,0.00307692307692308,0.0015220700152207,0,0,0,0,0,0,0,0,0,0,0,0,0,0,0,0,0,0,0,0,0,0,0,0,0,0,0,0,0,0,0,0,0,0,0,0,0,0,0,0,0,0,0.293313069908815,0.793510324483776,0.828967642526965,0.80824088748019,0.826687116564417,0.362363919129082,0.295384615384615,0.287267080745342,0.797839506172839,0.403030303030303,0.825633383010432,0.861586314152411,0.525502318392581,0.551401869158878,0.28030303030303,0.978625954198473,0.807987711213518,0.864741641337386,0.828967642526965,0.287671232876712,0.297090352220521,0.816232771822358,1,0.285493827160494,0.821428571428571,0.297904191616766,0.815286624203822,0.293375394321767,0.820710973724884,0.811616954474097,0.81859756097561,0.29320987654321,0.825563909774436,0.977477477477477,0.303265940902022,0.789156626506024,0.381240544629349,0.821270310192024,0.280564263322884,0.812213740458015,0.815361890694239,0.392036753445636,0.787009063444109,0.787925696594427,0.291021671826625,0.294294294294294,0.82934131736527,0.82018927444795,0.80030959752322,0.816074188562597,0.81441717791411,0.278115501519757,1,0.29483282674772,0.804012345679012,0.287037037037037,0.314759036144578,0.809597523219814,0.872699386503067,0.285276073619632,0.835889570552147,0.50462962962963,0.837245696400626,0.826086956521739,0.284615384615385,0.280674846625767,0.856259659969088,0.818461538461538,0.817236255572065,0.268292682926829,0.287925696594427,0.8125,0.815625,0.833333333333333,0.281626506024096,0.815829528158295,0.28816199376947,0.302180685358255,0.584592145015106,0.824242424242424,1,0.802395209580838,0.279251170046802,0.81733746130031,0.5671875,0.92412746585736,0.288461538461538,0.53953488372093,0.28310502283105,0.808510638297872,0.805471124620061,0.32370820668693,0.279001468428781,0.353030303030303,0.81859756097561,0.821646341463415,0.564220183486238,0.821939586645469,0.810264385692068,0.808383233532934,0.288109756097561,0.26355421686747,0.289877300613497,0.563664596273292,0.276758409785933,0.822995461422088,0.285053929121726,0.304347826086957,0.277089783281734,0.521259842519685,0.831562974203338,0.79320987654321,0.816074188562597,0.321646341463415,0.313455657492355,0.462574850299401,0.824345146379045,0.81570996978852,0.827258320126783,0.574045801526718,0.817905918057663,0.560606060606061,0.326219512195122,0.279752704791345,0.515789473684211,0.865761689291101,0.277691107644306,0.457652303120357,0.885496183206107,0.277519379844961,0.28006329113924,0.871069182389937,0.956386292834891,0.911854103343465,0.281203007518797,0.817496229260935,0.282089552238806,0.818873668188737,0.806748466257669,0.821100917431193,0.277089783281734,0.800608828006088,0.303951367781155,0.822804314329738,0.285280728376328,0.278301886792453,0.814199395770393,0.820919175911252
"178",0.25748502994012,0.264750378214826,0.251497005988024,0.248854961832061,0,0,0,0,0,0,0,0,0,0,0,0,0,0,0,0,0,0,0,0,0,0,0,0,0,0,0,0,0,0,0,0,0,0,0,0,0,0,0,0,0,0,0,0.261834319526627,0.262536873156342,0.259433962264151,0.263803680981595,0,0.0030441400304414,0.00153374233128834,0,0,0,0,0,0,0,0,0,0,0,0,0,0,0,0,0,0,0,0,0,0,0,0,0,0,0,0,0,0,0,0,0,0,0,0,0,0,0,0,0,0,0.264880952380952,0.838945827232797,0.854740061162079,0.841368584758942,0.856925418569254,0.386748844375963,0.266968325791855,0.269645608628659,0.856707317073171,0.363235294117647,0.838565022421525,0.854714064914992,0.469325153374233,0.488549618320611,0.264036418816388,0.766816143497758,0.832592592592593,0.865067466266867,0.853168469860896,0.262048192771084,0.284210526315789,0.842814371257485,0.808373590982287,0.270928462709285,0.844854070660522,0.271641791044776,0.850793650793651,0.269767441860465,0.858015267175573,0.873456790123457,0.836581709145427,0.25920245398773,0.863976083707025,0.814814814814815,0.28419452887538,0.842105263157895,0.359090909090909,0.834564254062038,0.266355140186916,0.837386018237082,0.865497076023392,0.360902255639098,0.86535552193646,0.834862385321101,0.256134969325153,0.261976047904192,0.84070796460177,0.89873417721519,0.851289833080425,0.829493087557604,0.83763277693475,0.266263237518911,0.823442136498516,0.273148148148148,0.835384615384615,0.260670731707317,0.284005979073244,0.842507645259939,0.884955752212389,0.269984917043741,0.869172932330827,0.472477064220183,0.889393939393939,0.857142857142857,0.265060240963855,0.265060240963855,0.846504559270517,0.853211009174312,0.84077380952381,0.27175572519084,0.270015698587127,0.843609022556391,0.837461300309598,0.857361963190184,0.251524390243902,0.835329341317365,0.264525993883792,0.272307692307692,0.579494799405646,0.836858006042296,0.802395209580838,1,0.254658385093168,1,0.516666666666667,0.86962962962963,0.261146496815287,0.486322188449848,0.254518072289157,0.827217125382263,0.851908396946565,0.311550151975684,0.276720351390922,0.317365269461078,0.844776119402985,0.849315068493151,0.493233082706767,0.842857142857143,0.869230769230769,0.845577211394303,0.257621951219512,0.255192878338279,0.291603053435115,0.589230769230769,0.266968325791855,0.86036036036036,0.25948406676783,0.277198211624441,0.253799392097264,0.478260869565217,0.862121212121212,0.865740740740741,0.834355828220859,0.288690476190476,0.291350531107739,0.475555555555556,0.834597875569044,0.841221374045802,0.86053882725832,0.514200298953662,0.829528158295282,0.49478390461997,0.3,0.258805513016845,0.472592592592593,0.852459016393443,0.254237288135593,0.44640234948605,0.831306990881459,0.254901960784314,0.25314465408805,0.85099846390169,0.85511811023622,0.86377245508982,0.26401179941003,0.841317365269461,0.270588235294118,0.844879518072289,0.865761689291101,0.848348348348348,0.251885369532428,0.876132930513595,0.284839203675345,0.844311377245509,0.26355421686747,0.253543307086614,0.831610044313146,0.859133126934985
"179",1,1,1,1,0,0,0,0,0,0,0,0,0,0,0,0,0,0,0,0,0,0,0,0,0,0,0,0,0,0,0,0,0,0,0,0,0,0,0,0,0,0,0,0,0,0,0,1,1,1,1,0,0,0,0,0,0,0,0,0,0,0,0,0,0,0,0,0,0,0,0,0,0,0,0,0,0,0,0,0,0,0,0,0,0,0,0,0,0,0,0,0,0,0,0,0,1,0.183925811437403,0.104928457869634,0.0844155844155844,0.0950080515297907,0.90359477124183,0.993610223642173,0.99837925445705,0.15814696485623,0.885625965996909,0.0998439937597504,0.135048231511254,0.763578274760383,0.718954248366013,1,0.309148264984227,0.0838607594936709,0.136012364760433,0.126198083067093,1,0.987220447284345,0.0984126984126984,0.263422818791946,0.99512987012987,0.0985691573926868,1,0.0933333333333333,1,0.1104,0.182410423452769,0.0947867298578199,1,0.0974842767295598,0.214397496087637,0.987075928917609,0.278125,0.896661367249603,0.0962732919254658,0.998371335504886,0.0821256038647343,0.167974882260597,0.886075949367089,0.257503949447077,0.242765273311897,1,0.993700787401575,0.0907692307692308,0.197346600331675,0.192245557350565,0.110749185667752,0.109324758842444,1,0.24294670846395,0.987240829346092,0.0798045602605863,1,0.992050874403816,0.0967741935483871,0.140096618357488,1,0.107890499194847,0.748407643312102,0.194928684627575,0.0950080515297907,1,1,0.12779552715655,0.0927672955974843,0.0984375,1,0.996726677577741,0.0804416403785489,0.0931372549019608,0.098546042003231,1,0.0929133858267717,0.996768982229402,0.996747967479675,0.578025477707006,0.0951612903225806,0.279251170046802,0.254658385093168,1,0.217179902755267,0.69672131147541,0.213716108452951,0.998338870431894,0.740740740740741,1,0.100813008130081,0.0932069510268562,0.957278481012658,0.996884735202492,0.912225705329154,0.0855784469096672,0.0912,0.709779179810726,0.0884808013355593,0.1872,0.09375,1,1,0.985714285714286,0.54140127388535,1,0.103011093502377,1,0.987361769352291,0.998394863563403,0.748776508972268,0.0936507936507937,0.196774193548387,0.0884676145339652,0.978056426332288,0.974358974358974,0.749611197511664,0.0873015873015873,0.0887480190174326,0.102693602693603,0.707006369426752,0.0887480190174326,0.70846394984326,0.972536348949919,1,0.749615975422427,0.124409448818898,1,0.827639751552795,0.171383647798742,1,1,0.133223684210526,0.240066225165563,0.178683385579937,1,0.0914728682170543,0.998449612403101,0.0923566878980892,0.249201277955272,0.107936507936508,1,0.283653846153846,0.987220447284345,0.0968253968253968,1,1,0.0940438871473354,0.10327868852459
"180",0.215070643642072,0.210610932475884,0.203149606299213,0.191247974068071,0,0,0,0,0,0,0,0,0,0,0,0,0,0,0,0,0,0,0,0,0,0,0,0,0,0,0,0,0,0,0,0,0,0,0,0,0,0,0,0,0,0,0,0.212074303405573,0.212538226299694,0.214052287581699,0.213703099510604,0,0.00475435816164818,0.00158227848101266,0,0,0,0,0,0,0,0,0,0,0,0,0,0,0,0,0,0,0,0,0,0,0,0,0,0,0,0,0,0,0,0,0,0,0,0,0,0,0,0,0,0,0.213953488372093,0.878504672897196,0.903328050713154,0.898876404494382,0.899529042386185,0.32794830371567,0.216640502354788,0.22275641025641,0.894154818325434,0.293663060278207,0.888208269525268,0.894230769230769,0.40829346092504,0.450479233226837,0.211598746081505,0.78806907378336,0.887675507020281,0.90625,0.904,0.214733542319749,0.235387045813586,0.889400921658986,0.833892617449664,0.222585924713584,0.90224358974359,0.221362229102167,0.898360655737705,0.219155844155844,0.90894819466248,0.903381642512077,0.897035881435257,0.211290322580645,0.915492957746479,0.848200312989045,0.227642276422764,0.852534562211982,0.32484076433121,0.896124031007752,0.215334420880914,0.893312101910828,0.898773006134969,0.322429906542056,0.863636363636364,0.847266881028939,0.205087440381558,0.217391304347826,0.896284829721362,0.916530278232406,0.87758346581876,0.87459807073955,0.8928,0.214285714285714,0.839258114374034,0.2288,0.886547811993517,0.211783439490446,0.230293663060278,0.894822006472492,0.919303797468354,0.225196850393701,0.917445482866044,0.416139240506329,0.93900481540931,0.904,0.218298555377207,0.215625,0.890625,0.893915756630265,0.895800933125972,0.216216216216216,0.229903536977492,0.890995260663507,0.890145395799677,0.901929260450161,0.213953488372093,0.894899536321484,0.211538461538462,0.231378763866878,0.577399380804954,0.890092879256966,0.81733746130031,1,0.217179902755267,1,0.483818770226537,0.890453834115806,0.214168039538715,0.439935064935065,0.210691823899371,0.890822784810127,0.894654088050314,0.265625,0.230293663060278,0.278890600924499,0.88785046728972,0.901273885350318,0.458860759493671,0.897520661157025,0.900974025974026,0.899686520376176,0.210776545166403,0.203442879499218,0.237096774193548,0.570063694267516,0.220634920634921,0.898119122257053,0.203442879499218,0.220839813374806,0.205974842767296,0.440705128205128,0.90809968847352,0.880837359098229,0.887658227848101,0.239263803680982,0.245641838351823,0.451162790697674,0.8828125,0.88801261829653,0.913398692810457,0.467084639498433,0.882260596546311,0.465189873417722,0.249206349206349,0.215408805031447,0.431464174454829,0.897798742138365,0.210691823899371,0.403053435114504,0.878740157480315,0.21283255086072,0.211538461538462,0.895330112721417,0.865912762520194,0.893416927899687,0.206422018348624,0.895475819032761,0.21583850931677,0.89540412044374,0.878357030015798,0.891304347826087,0.209448818897638,0.873217115689382,0.234349919743178,0.890795631825273,0.216772151898734,0.208130081300813,0.881435257410296,0.901294498381877
"181",0.71496062992126,0.717011128775835,0.7264,0.704545454545455,0,0,0,0,0,0,0,0,0,0,0,0,0,0,0,0,0,0,0,0,0,0,0,0,0,0,0,0,0,0,0,0,0,0,0,0,0,0,0,0,0,0,0,0.705882352941177,0.713607594936709,0.711475409836066,0.728314238952537,0,0,0,0,0,0,0,0,0,0,0,0,0,0,0,0,0,0,0,0,0,0,0,0,0,0,0,0,0,0,0,0,0,0,0,0,0,0,0,0,0,0,0,0,0,0.708006279434851,0.458786936236392,0.388349514563107,0.394779771615008,0.401587301587302,0.755700325732899,0.725118483412322,0.721951219512195,0.445497630331754,0.76625386996904,0.404580152671756,0.423202614379085,0.748387096774194,0.9984,0.711568938193344,0.633956386292835,0.376766091051805,0.433070866141732,0.409677419354839,0.728571428571429,0.723704866562009,0.3872,0.573604060913706,0.711755233494364,0.392857142857143,0.722480620155039,0.390365448504983,0.721044045676998,0.401898734177215,0.451298701298701,0.38785046728972,0.717990275526742,0.404120443740095,0.521943573667712,0.717285945072698,0.510835913312694,0.741214057507987,0.3963133640553,0.727707006369427,0.382022471910112,0.451713395638629,0.730891719745223,0.499210110584518,0.495921696574225,0.721951219512195,0.722929936305732,0.402777777777778,0.489184692179701,0.453507340946166,0.420361247947455,0.392914653784219,0.725118483412322,0.566978193146417,0.700159489633174,0.374384236453202,0.715890850722311,0.716744913928013,0.378421900161031,0.440251572327044,0.72827804107425,0.39652448657188,0.993620414673046,0.477346278317152,0.394863563402889,0.719242902208202,0.69701726844584,0.43338683788122,0.393890675241158,0.376543209876543,0.709984152139461,0.714518760195759,0.387755102040816,0.382495948136143,0.417197452229299,0.711598746081505,0.385964912280702,0.72275641025641,0.725677830940989,0.632558139534884,0.399686520376176,0.5671875,0.516666666666667,0.69672131147541,0.483818770226537,1,0.526729559748428,0.710310965630115,1,0.724522292993631,0.392,0.382539682539683,0.744444444444444,0.725038402457757,0.729984301412873,0.393364928909953,0.396196513470681,1,0.378194207836457,0.459677419354839,0.400311526479751,0.723642172523962,0.705314009661836,0.74313408723748,0.554471544715447,0.711538461538462,0.388625592417062,0.718354430379747,0.726134585289515,0.727416798732171,0.996732026143791,0.408805031446541,0.442307692307692,0.400958466453674,0.7328125,0.737678855325914,0.698907956318253,0.389857369255151,0.381180223285486,0.372549019607843,0.998407643312102,0.384735202492212,0.998417721518987,0.771428571428571,0.712025316455696,0.976923076923077,0.433070866141732,0.710144927536232,0.792569659442725,0.485668789808917,0.706730769230769,0.746388443017656,0.413961038961039,0.504091653027823,0.462382445141066,0.716510903426791,0.38801261829653,0.712556732223903,0.384493670886076,0.493610223642172,0.39171974522293,0.71405750798722,0.513385826771654,0.750798722044728,0.394944707740916,0.724358974358974,0.715210355987055,0.388544891640867,0.402640264026403
"182",0.212962962962963,0.222049689440994,0.217729393468118,0.194006309148265,0,0,0,0,0,0,0,0,0,0,0,0,0,0,0,0,0,0,0,0,0,0,0,0,0,0,0,0,0,0,0,0,0,0,0,0,0,0,0,0,0,0,0,0.211800302571861,0.212990936555891,0.224842767295597,0.223809523809524,0,0.00309597523219814,0.0015552099533437,0,0,0,0,0,0,0,0,0,0,0,0,0,0,0,0,0,0,0,0,0,0,0,0,0,0,0,0,0,0,0,0,0,0,0,0,0,0,0,0,0,0,0.233433734939759,0.881024096385542,0.898119122257053,0.888540031397174,0.894409937888199,0.311111111111111,0.223255813953488,0.21978021978022,0.898305084745763,0.346385542168675,0.894419306184012,0.894819466248038,0.47887323943662,0.509433962264151,0.215384615384615,0.878603945371775,0.876352395672334,0.898617511520737,0.894984326018809,0.224458204334365,0.235920852359209,0.885448916408669,0.931484502446982,0.224842767295597,0.891679748822606,0.231578947368421,0.882067851373183,0.221350078492936,0.889751552795031,0.909233176838811,0.882621951219512,0.215654952076677,0.897239263803681,0.928462709284627,0.226059654631083,0.845577211394303,0.315707620528771,0.889393939393939,0.220985691573927,0.882352941176471,0.889393939393939,0.322033898305085,0.850234009360374,0.867298578199052,0.208398133748056,0.220183486238532,0.897125567322239,0.900158478605388,0.899843505477308,0.893353941267388,0.885802469135803,0.217522658610272,0.924585218702866,0.21996879875195,0.872274143302181,0.217322834645669,0.240121580547112,0.877329192546584,0.954128440366973,0.217257318952234,0.906976744186046,0.460815047021944,0.940532081377152,0.896875,0.216049382716049,0.221183800623053,0.9,0.882262996941896,0.886328725038402,0.201538461538462,0.223270440251572,0.88208269525268,0.891547049441786,0.907086614173228,0.217457886676876,0.886535552193646,0.219047619047619,0.232198142414861,0.595419847328244,0.890577507598784,0.92412746585736,0.86962962962963,0.213716108452951,0.890453834115806,0.526729559748428,1,0.223832528180354,0.486068111455108,0.223765432098765,0.881064162754304,0.885145482388974,0.270642201834862,0.226726726726727,0.288315629742033,0.892802450229709,0.891640866873065,0.517611026033691,0.885852090032154,0.912974683544304,0.889728096676737,0.214175654853621,0.199692780337942,0.233542319749216,0.58528951486698,0.218798151001541,0.895962732919255,0.209302325581395,0.237082066869301,0.2125,0.482594936708861,0.896284829721362,0.889763779527559,0.883359253499222,0.247720364741641,0.236391912908243,0.426626323751891,0.888372093023256,0.889751552795031,0.889789303079417,0.533026113671275,0.881804043545879,0.523148148148148,0.255451713395639,0.219284603421462,0.476550680786687,0.897239263803681,0.217391304347826,0.413793103448276,0.888024883359253,0.221183800623053,0.2112,0.899053627760252,0.987220447284345,0.986003110419907,0.212349397590361,0.885670731707317,0.220543806646526,0.8921875,0.864992150706436,0.883720930232558,0.212403100775194,0.846273291925466,0.242236024844721,0.889922480620155,0.226993865030675,0.211690363349131,0.884969325153374,0.890127388535032
"183",0.998376623376623,0.996779388083736,0.996742671009772,0.996694214876033,0,0,0,0,0,0,0,0,0,0,0,0,0,0,0,0,0,0,0,0,0,0,0,0,0,0,0,0,0,0,0,0,0,0,0,0,0,0,0,0,0,0,0,0.996860282574568,0.998407643312102,0.996610169491525,0.99673735725938,0,0,0,0,0,0,0,0,0,0,0,0,0,0,0,0,0,0,0,0,0,0,0,0,0,0,0,0,0,0,0,0,0,0,0,0,0,0,0,0,0,0,0,0,0,0.996835443037975,0.190174326465927,0.102893890675241,0.0913621262458472,0.1008,0.914191419141914,0.99009900990099,0.996644295302013,0.158576051779935,0.885714285714286,0.106583072100313,0.142148760330579,0.756978653530378,0.726510067114094,0.996763754045307,0.331730769230769,0.0928,0.142625607779579,0.129084967320261,0.996805111821086,0.985365853658537,0.104404567699837,0.273809523809524,0.991694352159468,0.111111111111111,0.996805111821086,0.101010101010101,0.996715927750411,0.102819237147595,0.197092084006462,0.0988835725677831,0.99835255354201,0.101449275362319,0.232744783306581,0.99184339314845,0.284126984126984,0.90032154340836,0.0955414012738854,1,0.0954692556634304,0.161648177496038,0.893030794165316,0.258481421647819,0.241830065359477,0.99837925445705,0.990476190476191,0.0949464012251149,0.196638655462185,0.196399345335516,0.108153078202995,0.11400651465798,0.9967585089141,0.266347687400319,0.990196078431373,0.0858085808580858,0.99673735725938,0.993589743589744,0.107843137254902,0.146103896103896,0.996710526315789,0.116693679092382,0.752052545155993,0.194762684124386,0.0941558441558442,0.996753246753247,0.996774193548387,0.141252006420546,0.107936507936508,0.0998389694041868,1,0.99341021416804,0.0882825040128411,0.0981996726677578,0.109090909090909,0.998387096774194,0.0969305331179321,0.998360655737705,0.998355263157895,0.573926868044515,0.1,0.288461538461538,0.261146496815287,0.998338870431894,0.214168039538715,0.710310965630115,0.223832528180354,1,0.745033112582781,0.99836867862969,0.100660066006601,0.104065040650407,0.956026058631922,0.9984375,0.91283676703645,0.0957792207792208,0.106180665610143,0.720634920634921,0.0941176470588235,0.1875,0.0995260663507109,0.996768982229402,0.99672131147541,0.990196078431373,0.552980132450331,0.99673735725938,0.103392568659128,0.998387096774194,0.990491283676704,0.993464052287582,0.749585406301824,0.111290322580645,0.199341021416804,0.0945273631840796,0.977848101265823,0.972447325769854,0.780096308186196,0.0935483870967742,0.0903225806451613,0.107202680067002,0.715210355987055,0.089171974522293,0.717741935483871,0.97557003257329,0.996779388083736,0.760252365930599,0.138263665594855,0.996688741721854,0.828885400313972,0.185185185185185,0.996753246753247,0.996715927750411,0.138888888888889,0.232323232323232,0.190705128205128,0.998417721518987,0.090032154340836,0.995290423861852,0.1024,0.256821829855538,0.103559870550162,0.998376623376623,0.276143790849673,0.988448844884488,0.0992,0.996747967479675,0.996726677577741,0.093603744149766,0.103852596314908
"184",0.75314465408805,0.74685534591195,0.757387247278383,0.737678855325914,0,0,0,0,0,0,0,0,0,0,0,0,0,0,0,0,0,0,0,0,0,0,0,0,0,0,0,0,0,0,0,0,0,0,0,0,0,0,0,0,0,0,0,0.747747747747748,0.753869969040248,0.744336569579288,0.761290322580645,0,0,0,0,0,0,0,0,0,0,0,0,0,0,0,0,0,0,0,0,0,0,0,0,0,0,0,0,0,0,0,0,0,0,0,0,0,0,0,0,0,0,0,0,0,0.746153846153846,0.420574886535552,0.348982785602504,0.3552,0.362204724409449,0.777424483306836,0.744582043343653,0.758675078864353,0.4,0.807153965785381,0.356164383561644,0.383012820512821,0.777070063694268,0.998420221169036,0.747252747252747,0.617784711388456,0.345146379044684,0.397832817337461,0.360501567398119,0.759811616954474,0.769953051643192,0.347619047619048,0.542087542087542,0.7536,0.352472089314195,0.757942511346445,0.344827586206897,0.759289176090469,0.364353312302839,0.409677419354839,0.345565749235474,0.753577106518283,0.363777089783282,0.496923076923077,0.751572327044025,0.485451761102603,0.772511848341232,0.356269113149847,0.752791068580542,0.338607594936709,0.414860681114551,0.7671875,0.469387755102041,0.449139280125196,0.752351097178683,0.760252365930599,0.362385321100917,0.453525641025641,0.415873015873016,0.368506493506494,0.357927786499215,0.754573170731707,0.52276295133438,0.737007874015748,0.329073482428115,0.7484375,0.759512937595129,0.337078651685393,0.39937106918239,0.758942457231726,0.361904761904762,0.9936,0.438485804416404,0.355590062111801,0.7546875,0.731319554848967,0.390822784810127,0.353218210361067,0.344186046511628,0.746056782334385,0.75,0.348297213622291,0.339171974522293,0.374603174603175,0.736760124610592,0.342313787638669,0.753554502369668,0.770800627943485,0.64451313755796,0.362654320987654,0.53953488372093,0.486322188449848,0.740740740740741,0.439935064935065,1,0.486068111455108,0.745033112582781,1,0.754746835443038,0.359055118110236,0.341653666146646,0.770569620253165,0.753383458646616,0.754946727549467,0.339035769828927,0.363919129082426,0.998444790046656,0.342062193126023,0.416,0.350230414746544,0.759811616954474,0.746835443037975,0.781150159744409,0.552215189873418,0.745283018867924,0.35981308411215,0.756289308176101,0.769230769230769,0.747235387045814,0.993569131832797,0.36150234741784,0.401273885350318,0.348982785602504,0.76138147566719,0.769953051643192,0.708527131782946,0.342146189735614,0.342857142857143,0.33387358184765,0.995348837209302,0.353218210361067,0.99537037037037,0.808176100628931,0.743390357698289,0.96793893129771,0.400625978090767,0.739403453689168,0.813559322033898,0.446372239747634,0.744479495268139,0.781150159744409,0.385350318471338,0.473170731707317,0.43167701863354,0.756880733944954,0.334883720930233,0.737404580152672,0.348297213622291,0.470866141732283,0.350877192982456,0.745709828393136,0.489795918367347,0.781645569620253,0.359375,0.746500777604977,0.743178170144462,0.348982785602504,0.353503184713376
"185",1,1,1,1,0,0,0,0,0,0,0,0,0,0,0,0,0,0,0,0,0,0,0,0,0,0,0,0,0,0,0,0,0,0,0,0,0,0,0,0,0,0,0,0,0,0,0,1,1,1,1,0,0,0,0,0,0,0,0,0,0,0,0,0,0,0,0,0,0,0,0,0,0,0,0,0,0,0,0,0,0,0,0,0,0,0,0,0,0,0,0,0,0,0,0,0,1,0.18348623853211,0.0979133226324237,0.0898876404494382,0.0888888888888889,0.915064102564103,0.993700787401575,0.998402555910543,0.153724247226624,0.893292682926829,0.105828220858896,0.135566188197767,0.770800627943485,0.739747634069401,1,0.318252730109204,0.0895061728395062,0.132921174652241,0.125,1,0.987538940809969,0.0979782270606532,0.276666666666667,0.996805111821086,0.0979462875197472,1,0.0975609756097561,1,0.112519809825674,0.186602870813397,0.0903426791277259,1,0.0987654320987654,0.223765432098765,0.988817891373802,0.276176024279211,0.910658307210031,0.0913312693498452,0.998394863563403,0.0845070422535211,0.162037037037037,0.907232704402516,0.2601246105919,0.247634069400631,1,0.993798449612403,0.0854961832061069,0.192245557350565,0.185897435897436,0.104838709677419,0.106750392464678,1,0.256134969325153,0.9890625,0.0839936608557845,1,0.989079563182527,0.0920840064620355,0.141744548286604,1,0.107765451664025,0.7696,0.193650793650794,0.0913461538461538,1,1,0.128930817610063,0.09375,0.0937019969278034,1,0.996789727126806,0.0852713178294574,0.0935023771790808,0.100638977635783,0.998447204968944,0.086687306501548,0.998410174880763,0.996805111821086,0.585173501577287,0.0825688073394495,0.28310502283105,0.254518072289157,1,0.210691823899371,0.724522292993631,0.223765432098765,0.99836867862969,0.754746835443038,1,0.0990415335463259,0.0900621118012422,0.960876369327074,0.996969696969697,0.930769230769231,0.0919003115264797,0.102362204724409,0.726283048211509,0.0929853181076672,0.183962264150943,0.0920245398773006,1,1,0.985507246376812,0.547318611987382,1,0.100931677018634,1,0.987841945288754,0.996835443037975,0.762987012987013,0.0982839313572543,0.195161290322581,0.0947204968944099,0.982919254658385,0.977848101265823,0.77639751552795,0.0917721518987342,0.0830670926517572,0.105691056910569,0.728706624605678,0.080952380952381,0.73094867807154,0.97339593114241,1,0.771121351766513,0.129429892141757,1,0.839258114374034,0.172093023255814,1,1,0.134706814580032,0.239482200647249,0.1828125,1,0.089922480620155,0.998480243161094,0.0921875,0.257097791798107,0.102201257861635,1,0.276898734177215,0.987361769352291,0.0926216640502355,1,1,0.0917573872472784,0.103668261562998
"186",0.0966183574879227,0.100946372239748,0.0990566037735849,0.092948717948718,0,0,0,0,0,0,0,0,0,0,0,0,0,0,0,0,0,0,0,0,0,0,0,0,0,0,0,0,0,0,0,0,0,0,0,0,0,0,0,0,0,0,0,0.0952380952380952,0.103286384976526,0.099025974025974,0.0961538461538462,0,0.004739336492891,0.00160513643659711,0,0,0,0,0,0,0,0,0,0,0,0,0,0,0,0,0,0,0,0,0,0,0,0,0,0,0,0,0,0,0,0,0,0,0,0,0,0,0,0,0,0,0.102134146341463,0.904615384615385,0.995253164556962,1,0.998407643312102,0.204582651391162,0.115625,0.106518282988871,0.929356357927786,0.216923076923077,0.998466257668712,0.957723577235772,0.339805825242718,0.385964912280702,0.0957613814756672,0.780864197530864,1,0.960629921259842,0.968454258675079,0.109546165884194,0.113207547169811,1,0.830845771144279,0.113964686998395,0.9984,0.106481481481481,1,0.108589951377634,0.9828125,0.894480519480519,0.995384615384615,0.0888888888888889,0.992260061919505,0.870170015455951,0.113782051282051,0.808801213960546,0.202808112324493,1,0.10586319218241,1,0.927018633540373,0.215873015873016,0.825273010920437,0.826224328593997,0.109350237717908,0.115085536547434,1,0.894651539708266,0.899361022364217,0.990415335463259,1,0.100313479623824,0.84447900466563,0.114374034003091,1,0.103011093502377,0.119195046439628,0.998410174880763,0.944707740916272,0.105511811023622,0.98740157480315,0.330658105939005,0.904153354632588,0.998405103668262,0.105845181674566,0.101748807631161,0.960815047021944,1,1,0.0996835443037975,0.110223642172524,1,1,0.9967585089141,0.105345911949686,1,0.102685624012638,0.118589743589744,0.530046224961479,1,0.808510638297872,0.827217125382263,0.100813008130081,0.890822784810127,0.392,0.881064162754304,0.100660066006601,0.359055118110236,0.0990415335463259,1,1,0.14797507788162,0.104387291981846,0.174652241112828,1,1,0.390822784810127,1,0.897106109324759,1,0.101404056162246,0.0899053627760252,0.122611464968153,0.540031397174254,0.10702875399361,0.985714285714286,0.0988835725677831,0.112852664576803,0.10126582278481,0.348460291734198,0.996850393700787,0.876823338735819,1,0.124416796267496,0.130365659777424,0.337423312883436,1,0.998425196850394,0.987012987012987,0.391849529780564,0.998430141287284,0.381761978361669,0.129746835443038,0.107544141252006,0.347352024922118,0.962732919254658,0.0977564102564103,0.279752704791345,0.931746031746032,0.10377358490566,0.102564102564103,0.963549920760697,0.855500821018062,0.910216718266254,0.0871559633027523,1,0.1109375,1,0.843014128728414,0.996820349761526,0.103668261562998,0.808777429467085,0.1265625,0.998442367601246,0.105180533751962,0.102773246329527,1,0.983739837398374
"187",0.0944272445820433,0.0978260869565217,0.0963665086887836,0.0859872611464968,0,0,0,0,0,0,0,0,0,0,0,0,0,0,0,0,0,0,0,0,0,0,0,0,0,0,0,0,0,0,0,0,0,0,0,0,0,0,0,0,0,0,0,0.0955993930197269,0.103975535168196,0.102106969205835,0.0976,0,0.00153374233128834,0,0,0,0,0,0,0,0,0,0,0,0,0,0,0,0,0,0,0,0,0,0,0,0,0,0,0,0,0,0,0,0,0,0,0,0,0,0,0,0,0,0,0,0.101226993865031,0.907294832826748,0.995341614906832,1,0.998439937597504,0.193236714975845,0.113029827315542,0.1,0.930817610062893,0.215267175572519,0.998468606431853,0.955555555555556,0.338582677165354,0.366826156299841,0.093167701863354,0.768273716951788,1,0.96,0.969040247678019,0.0990566037735849,0.1112828438949,1,0.830592105263158,0.106687898089172,1,0.0990853658536585,1,0.103727714748784,0.982945736434109,0.904153354632588,0.995398773006135,0.0846645367412141,0.990811638591118,0.87308868501529,0.113385826771654,0.819548872180451,0.192488262910798,1,0.0935023771790808,1,0.926267281105991,0.207221350078493,0.836448598130841,0.84748427672956,0.0971786833855799,0.0975232198142415,1,0.894904458598726,0.90952380952381,0.987341772151899,1,0.0957446808510638,0.846153846153846,0.110236220472441,1,0.0996835443037975,0.113707165109034,0.998412698412698,0.946153846153846,0.106317411402157,0.986024844720497,0.320695102685624,0.90726429675425,0.998412698412698,0.10031847133758,0.0987460815047022,0.96141975308642,1,1,0.0929133858267717,0.111111111111111,1,1,0.996830427892235,0.104524180967239,1,0.0932475884244373,0.112341772151899,0.528682170542636,1,0.805471124620061,0.851908396946565,0.0932069510268562,0.894654088050314,0.382539682539683,0.885145482388974,0.104065040650407,0.341653666146646,0.0900621118012422,1,1,0.143962848297214,0.102409638554217,0.17629179331307,1,1,0.368827160493827,1,0.899841017488076,1,0.10062893081761,0.0775193798449612,0.121451104100946,0.55993690851735,0.100313479623824,0.985826771653543,0.0938967136150235,0.104863221884498,0.105180533751962,0.3408,0.996894409937888,0.892282958199357,1,0.122291021671827,0.12480252764613,0.339421613394216,1,0.998449612403101,0.985507246376812,0.376344086021505,0.998417721518987,0.368501529051988,0.125588697017268,0.0998439937597504,0.336363636363636,0.964285714285714,0.0943396226415094,0.26969696969697,0.927244582043344,0.0990566037735849,0.0977917981072555,0.958664546899841,0.855048859934853,0.91271056661562,0.0900763358778626,1,0.105343511450382,1,0.85179407176287,0.996904024767802,0.0975232198142415,0.816326530612245,0.113029827315542,0.998454404945904,0.10641627543036,0.10031847133758,1,0.984076433121019
"188",0.959876543209877,0.958730158730159,0.959438377535101,0.966453674121406,0,0,0,0,0,0,0,0,0,0,0,0,0,0,0,0,0,0,0,0,0,0,0,0,0,0,0,0,0,0,0,0,0,0,0,0,0,0,0,0,0,0,0,0.959627329192547,0.966257668711656,0.961290322580645,0.955766192733017,0,0.00155038759689922,0.00158730158730159,0,0,0,0,0,0,0,0,0,0,0,0,0,0,0,0,0,0,0,0,0,0,0,0,0,0,0,0,0,0,0,0,0,0,0,0,0,0,0,0,0,0,0.956589147286822,0.229483282674772,0.146456692913386,0.1408,0.140127388535032,0.894736842105263,0.971337579617834,0.971786833855799,0.216300940438871,0.88855421686747,0.151975683890578,0.181240063593005,0.778649921507064,0.752738654147105,0.959183673469388,0.361801242236025,0.135384615384615,0.189522342064715,0.169781931464174,0.962674961119751,1,0.138147566718995,0.31,0.9712,0.1484375,0.969325153374233,0.138157894736842,0.963375796178344,0.158059467918623,0.238546603475513,0.140888208269525,0.966876971608833,0.145085803432137,0.269938650306748,0.952076677316294,0.335347432024169,0.950387596899225,0.139605462822458,0.960127591706539,0.135725429017161,0.21141975308642,0.934681181959565,0.309262166405024,0.287051482059282,0.954545454545455,0.972222222222222,0.13767019667171,0.244698205546493,0.247663551401869,0.155448717948718,0.156398104265403,0.96319018404908,0.302147239263804,0.951181102362205,0.128410914927769,0.9568,0.965785381026439,0.150706436420722,0.1890625,0.965571205007825,0.1578125,0.775510204081633,0.240506329113924,0.14873417721519,0.965189873417722,0.962025316455696,0.182677165354331,0.142414860681115,0.14525993883792,0.963836477987421,0.9648,0.130434782608696,0.142857142857143,0.143540669856459,0.962962962962963,0.135384615384615,0.965732087227414,0.969453376205788,0.654961832061069,0.138198757763975,0.32370820668693,0.311550151975684,0.957278481012658,0.265625,0.744444444444444,0.270642201834862,0.956026058631922,0.770569620253165,0.960876369327074,0.14797507788162,0.143962848297214,1,0.967692307692308,0.966101694915254,0.137931034482759,0.139904610492846,0.73851030110935,0.134868421052632,0.242375601926164,0.146379044684129,0.957680250783699,0.96141975308642,0.95260663507109,0.547169811320755,0.958860759493671,0.142410015649452,0.962732919254658,0.95800933125972,0.958064516129032,0.773675762439807,0.146379044684129,0.229199372056515,0.134375,0.955246913580247,0.967340590979782,0.801223241590214,0.14375,0.132192846034215,0.151960784313725,0.740625,0.141304347826087,0.746543778801843,0.954330708661417,0.957943925233645,0.768996960486322,0.184331797235023,0.952681388012618,0.842662632375189,0.216640502354788,0.958730158730159,0.959935897435897,0.183254344391785,0.274636510500808,0.224299065420561,0.958333333333333,0.138461538461538,0.966463414634146,0.142635658914729,0.305295950155763,0.153846153846154,0.9625,0.334375,0.957680250783699,0.144409937888199,0.966153846153846,0.959871589085072,0.138508371385084,0.159677419354839
"189",0.996951219512195,0.995419847328244,0.995475113122172,0.995384615384615,0,0,0,0,0,0,0,0,0,0,0,0,0,0,0,0,0,0,0,0,0,0,0,0,0,0,0,0,0,0,0,0,0,0,0,0,0,0,0,0,0,0,0,0.997041420118343,0.997005988023952,0.99537750385208,0.99537750385208,0,0,0,0,0,0,0,0,0,0,0,0,0,0,0,0,0,0,0,0,0,0,0,0,0,0,0,0,0,0,0,0,0,0,0,0,0,0,0,0,0,0,0,0,0,0.995535714285714,0.195230998509687,0.106766917293233,0.0920436817472699,0.100303951367781,0.909509202453988,0.98936170212766,0.996951219512195,0.165898617511521,0.905688622754491,0.106983655274889,0.14567526555387,0.776416539050536,0.734567901234568,0.995454545454545,0.326923076923077,0.0921248142644874,0.144817073170732,0.134556574923547,0.995495495495496,0.989505247376312,0.103915662650602,0.283870967741935,0.990769230769231,0.108191653786708,0.995515695067265,0.10016155088853,0.995283018867924,0.114854517611026,0.197852760736196,0.099112426035503,0.996913580246914,0.104011887072808,0.224368499257058,0.990839694656489,0.304154302670623,0.90381679389313,0.0995475113122172,1,0.0958904109589041,0.174887892376682,0.897280966767372,0.280542986425339,0.250386398763524,0.996965098634294,0.989425981873112,0.0926470588235294,0.205246913580247,0.197852760736196,0.109567901234568,0.11791730474732,0.99554234769688,0.260677466863034,0.990909090909091,0.0938967136150235,0.995391705069124,0.99251497005988,0.10355486862442,0.153731343283582,0.995454545454545,0.114803625377644,0.768759571209801,0.200913242009132,0.101515151515152,0.996951219512195,0.995419847328244,0.140030441400304,0.10381679389313,0.102831594634873,0.998475609756098,0.992248062015504,0.0980392156862745,0.0970724191063174,0.108695652173913,0.996960486322188,0.0948795180722892,1,1,0.589820359281437,0.0986547085201794,0.279001468428781,0.276720351390922,0.996884735202492,0.230293663060278,0.725038402457757,0.226726726726727,0.9984375,0.753383458646616,0.996969696969697,0.104387291981846,0.102409638554217,0.967692307692308,1,0.926756352765321,0.0961832061068702,0.107250755287009,0.727409638554217,0.0984126984126984,0.185471406491499,0.101470588235294,0.995384615384615,0.995433789954338,0.989296636085627,0.561622464898596,0.995468277945619,0.110606060606061,0.998493975903614,0.988235294117647,0.993930197268589,0.763803680981595,0.108108108108108,0.19634703196347,0.10260336906585,0.978915662650602,0.97583081570997,0.778434268833087,0.0974124809741248,0.0957446808510638,0.107424960505529,0.730941704035874,0.095166163141994,0.728358208955224,0.976923076923077,0.995419847328244,0.777614138438881,0.138345864661654,0.995461422087746,0.84077380952381,0.178517397881997,0.995412844036697,0.99537750385208,0.145061728395062,0.227564102564103,0.181409295352324,0.997019374068554,0.0952380952380952,0.994108983799705,0.102255639097744,0.270958083832335,0.103293413173653,0.996969696969697,0.304545454545455,0.989441930618401,0.101949025487256,0.996978851963746,0.99537037037037,0.099702380952381,0.113003095975232
"190",0.922839506172839,0.927244582043344,0.924961715160796,0.929577464788732,0,0,0,0,0,0,0,0,0,0,0,0,0,0,0,0,0,0,0,0,0,0,0,0,0,0,0,0,0,0,0,0,0,0,0,0,0,0,0,0,0,0,0,0.918918918918919,0.923076923076923,0.932601880877743,0.913793103448276,0,0.00154320987654321,0.0015748031496063,0,0,0,0,0,0,0,0,0,0,0,0,0,0,0,0,0,0,0,0,0,0,0,0,0,0,0,0,0,0,0,0,0,0,0,0,0,0,0,0,0,0,0.918796992481203,0.242199108469539,0.173166926677067,0.169517884914463,0.176651305683564,0.868954758190328,0.933125972006221,0.927131782945736,0.24079754601227,0.881481481481482,0.178947368421053,0.210443037974684,0.8015625,0.751173708920188,0.924924924924925,0.380809595202399,0.167673716012085,0.217194570135747,0.195956454121306,0.923780487804878,0.963076923076923,0.175193798449612,0.320063694267516,0.920684292379471,0.192789968652038,0.924242424242424,0.165861513687601,0.9216,0.185758513931889,0.267605633802817,0.165905631659056,0.933333333333333,0.18030303030303,0.298192771084337,0.92093023255814,0.339393939393939,1,0.170953101361573,0.920127795527157,0.158461538461538,0.230075187969925,1,0.323170731707317,0.338533541341654,0.924846625766871,0.931818181818182,0.175257731958763,0.262243285939968,0.277519379844961,0.18025078369906,0.181114551083591,0.922844175491679,0.31981981981982,0.918586789554531,0.155802861685215,0.91692789968652,0.928895612708018,0.180124223602484,0.211332312404288,0.920367534456355,0.18558282208589,0.766768292682927,0.270642201834862,0.178018575851393,0.925696594427245,0.916923076923077,0.217054263565891,0.172573189522342,0.173652694610778,0.924846625766871,0.925117004680187,0.168453292496172,0.179968701095462,0.166402535657686,0.923430321592649,0.164383561643836,0.923197492163009,0.930015552099533,0.700152207001522,0.164133738601824,0.353030303030303,0.317365269461078,0.912225705329154,0.278890600924499,0.729984301412873,0.288315629742033,0.91283676703645,0.754946727549467,0.930769230769231,0.174652241112828,0.17629179331307,0.966101694915254,0.926756352765321,1,0.166414523449319,0.171212121212121,0.73374613003096,0.179365079365079,0.263406940063092,0.167164179104478,0.920367534456355,0.922844175491679,0.920610687022901,0.542768273716952,0.925190839694657,0.181679389312977,0.920610687022901,0.928895612708018,0.924764890282132,0.757861635220126,0.180030257186082,0.26,0.167682926829268,0.931818181818182,0.966205837173579,0.831578947368421,0.170245398773006,0.177914110429448,0.184713375796178,0.73030303030303,0.170953101361573,0.745454545454545,0.921658986175115,0.917573872472784,0.750741839762611,0.209895052473763,0.921174652241113,0.829046898638427,0.245775729646697,0.921658986175115,0.924148606811146,0.20094191522763,0.297427652733119,0.254573170731707,0.925705794947994,0.169465648854962,0.925925925925926,0.17298937784522,0.312217194570136,0.181679389312977,0.923664122137405,0.345201238390093,0.921779141104294,0.175925925925926,0.926040061633282,0.918238993710692,0.173453996983409,0.1890625
"191",0.0830769230769231,0.0914826498422713,0.0889235569422777,0.0760697305863708,0,0,0,0,0,0,0,0,0,0,0,0,0,0,0,0,0,0,0,0,0,0,0,0,0,0,0,0,0,0,0,0,0,0,0,0,0,0,0,0,0,0,0,0.0898021308980213,0.0974512743628186,0.090032154340836,0.0937996820349762,0,0.00471698113207547,0.00155038759689922,0,0,0,0,0,0,0,0,0,0,0,0,0,0,0,0,0,0,0,0,0,0,0,0,0,0,0,0,0,0,0,0,0,0,0,0,0,0,0,0,0,0,0.0940819423368741,0.912254160363086,0.998442367601246,1,0.998447204968944,0.192125984251969,0.101404056162246,0.0911949685534591,0.940625,0.206373292867982,0.998480243161094,0.95748031496063,0.341269841269841,0.37258064516129,0.0865533230293663,0.782071097372488,1,0.966153846153846,0.967441860465116,0.0982839313572543,0.0998463901689708,1,0.840604026845638,0.102106969205835,0.998410174880763,0.0952380952380952,1,0.095389507154213,0.981651376146789,0.909375,0.996992481203008,0.080188679245283,0.989312977099237,0.882621951219512,0.101426307448494,0.816793893129771,0.190625,1,0.0916271721958926,1,0.932618683001531,0.201834862385321,0.837962962962963,0.850077279752705,0.0930232558139535,0.0967741935483871,1,0.906451612903226,0.909952606635071,0.988993710691824,1,0.0870229007633588,0.856049004594181,0.104524180967239,1,0.0878594249201278,0.111791730474732,0.9984,0.950540958268934,0.100313479623824,0.984227129337539,0.326498422712934,0.913522012578616,0.998430141287284,0.0985915492957746,0.093603744149766,0.965189873417722,1,1,0.0870917573872473,0.101748807631161,1,1,1,0.0975232198142415,1,0.0897637795275591,0.109375,0.502269288956127,1,0.81859756097561,0.844776119402985,0.0855784469096672,0.88785046728972,0.393364928909953,0.892802450229709,0.0957792207792208,0.339035769828927,0.0919003115264797,1,1,0.137931034482759,0.0961832061068702,0.166414523449319,1,1,0.384259259259259,1,0.907232704402516,1,0.0914728682170543,0.0764525993883792,0.107142857142857,0.551829268292683,0.0962145110410095,0.989113530326594,0.0923317683881064,0.103186646433991,0.0880503144654088,0.347266881028939,0.998463901689708,0.894321766561514,1,0.117283950617284,0.1203125,0.339969372128637,1,0.998463901689708,0.986991869918699,0.393798449612403,0.998452012383901,0.372163388804841,0.125581395348837,0.0959119496855346,0.344879518072289,0.966205837173579,0.0925925925925926,0.273001508295626,0.930599369085173,0.0906298003072197,0.0926517571884984,0.965023847376789,0.876602564102564,0.919504643962848,0.0806697108066971,1,0.0945121951219512,1,0.847589424572317,0.99685534591195,0.0928792569659443,0.819314641744548,0.116352201257862,0.998463901689708,0.0975232198142415,0.0937996820349762,1,0.984051036682616
"192",0.093167701863354,0.103448275862069,0.0946372239747634,0.0883280757097792,0,0,0,0,0,0,0,0,0,0,0,0,0,0,0,0,0,0,0,0,0,0,0,0,0,0,0,0,0,0,0,0,0,0,0,0,0,0,0,0,0,0,0,0.0949464012251149,0.10061919504644,0.101286173633441,0.103610675039246,0,0.00313971742543171,0,0,0,0,0,0,0,0,0,0,0,0,0,0,0,0,0,0,0,0,0,0,0,0,0,0,0,0,0,0,0,0,0,0,0,0,0,0,0,0,0,0,0,0.0989345509893455,0.919876733436055,0.995268138801262,1,0.998449612403101,0.208530805687204,0.112852664576803,0.103059581320451,0.939393939393939,0.213960546282246,0.998480243161094,0.963317384370016,0.339089481946625,0.380952380952381,0.0917573872472784,0.787596899224806,1,0.964341085271318,0.967032967032967,0.102009273570325,0.105015673981191,1,0.838333333333333,0.115805946791862,0.998427672955975,0.103875968992248,1,0.100946372239748,0.984276729559748,0.9109375,0.995391705069124,0.0853080568720379,0.990783410138249,0.880184331797235,0.110759493670886,0.844854070660522,0.202492211838006,1,0.101286173633441,1,0.942771084337349,0.215070643642072,0.862068965517241,0.847962382445141,0.110236220472441,0.105426356589147,1,0.9168,0.908082408874802,0.993630573248408,1,0.0946564885496183,0.854714064914992,0.103937007874016,1,0.0956937799043062,0.113122171945701,0.998427672955975,0.954258675078864,0.102362204724409,0.984350547730829,0.333333333333333,0.915360501567398,0.9984375,0.1078125,0.10062893081761,0.962558502340094,1,1,0.0921875,0.110584518167457,1,1,0.998417721518987,0.104938271604938,1,0.102685624012638,0.1201248049922,0.538931297709924,1,0.821646341463415,0.849315068493151,0.0912,0.901273885350318,0.396196513470681,0.891640866873065,0.106180665610143,0.363919129082426,0.102362204724409,1,1,0.139904610492846,0.107250755287009,0.171212121212121,1,1,0.389324960753532,1,0.912280701754386,1,0.0956112852664577,0.0851393188854489,0.121642969984202,0.553990610328638,0.100787401574803,0.98755832037325,0.0933125972006221,0.111963190184049,0.100946372239748,0.353503184713376,0.996937212863706,0.889589905362776,1,0.127329192546584,0.124018838304553,0.350308641975309,1,0.998442367601246,0.987034035656402,0.390505359877489,0.998439937597504,0.376160990712074,0.127692307692308,0.103125,0.346969696969697,0.972477064220184,0.0909090909090909,0.277272727272727,0.936630602782071,0.100313479623824,0.104501607717042,0.964856230031949,0.87075928917609,0.91499227202473,0.0949464012251149,1,0.101949025487256,1,0.882995319812793,0.996860282574568,0.102167182662539,0.844339622641509,0.118110236220472,0.998432601880878,0.0985915492957746,0.0998415213946117,1,0.985507246376812
"193",0.717391304347826,0.716772151898734,0.733858267716535,0.710191082802548,0,0,0,0,0,0,0,0,0,0,0,0,0,0,0,0,0,0,0,0,0,0,0,0,0,0,0,0,0,0,0,0,0,0,0,0,0,0,0,0,0,0,0,0.711684370257967,0.721109399075501,0.715890850722311,0.736176935229068,0,0.00155038759689922,0.00155763239875389,0,0,0,0,0,0,0,0,0,0,0,0,0,0,0,0,0,0,0,0,0,0,0,0,0,0,0,0,0,0,0,0,0,0,0,0,0,0,0,0,0,0,0.713846153846154,0.455950540958269,0.378670788253478,0.386581469648562,0.391785150078989,0.757575757575758,0.723704866562009,0.720379146919431,0.432859399684044,0.784403669724771,0.392966360856269,0.403815580286169,0.767772511848341,1,0.718461538461538,0.621329211746522,0.374233128834356,0.425076452599388,0.4015625,0.726153846153846,0.737577639751553,0.378294573643411,0.564860426929392,0.710651828298887,0.380281690140845,0.73071104387292,0.380327868852459,0.723577235772358,0.387147335423198,0.43968253968254,0.374807987711214,0.727126805778491,0.389649923896499,0.513097072419106,0.71830985915493,0.50076103500761,0.745283018867924,0.386503067484663,0.732171156893819,0.372274143302181,0.434049079754601,0.730529595015576,0.482280431432974,0.479813664596273,0.728682170542636,0.723502304147465,0.390909090909091,0.47411003236246,0.445324881141046,0.406451612903226,0.379471228615863,0.731066460587326,0.547692307692308,0.705701078582434,0.360576923076923,0.733644859813084,0.722480620155039,0.373065015479876,0.432721712538226,0.729393468118196,0.402190923317684,0.995230524642289,0.458914728682171,0.385692068429238,0.724299065420561,0.692068429237947,0.413416536661466,0.386895475819033,0.374810318664643,0.720247295208655,0.71451355661882,0.377880184331797,0.375196232339089,0.395569620253165,0.704225352112676,0.380655226209048,0.724569640062598,0.740506329113924,0.63013698630137,0.399688958009331,0.564220183486238,0.493233082706767,0.709779179810726,0.458860759493671,1,0.517611026033691,0.720634920634921,0.998444790046656,0.726283048211509,0.390822784810127,0.368827160493827,0.73851030110935,0.727409638554217,0.73374613003096,0.384259259259259,0.389324960753532,1,0.377813504823151,0.445497630331754,0.389649923896499,0.722480620155039,0.720430107526882,0.751962323390895,0.576138147566719,0.71830985915493,0.381987577639752,0.724191063174114,0.741538461538462,0.728125,0.998415213946117,0.402157164869029,0.434083601286174,0.384976525821596,0.737909516380655,0.742990654205608,0.695121951219512,0.374213836477987,0.378504672897196,0.362179487179487,1,0.38390092879257,1,0.78125,0.721792890262751,0.971168437025797,0.41304347826087,0.724727838258165,0.803981623277182,0.469673405909798,0.71583850931677,0.751188589540412,0.411392405063291,0.496784565916399,0.459541984732824,0.721633888048411,0.375384615384615,0.710644677661169,0.384969325153374,0.479813664596273,0.386895475819033,0.719135802469136,0.50390015600624,0.750392464678179,0.396024464831804,0.728395061728395,0.7216,0.379727685325265,0.392344497607655
"194",0.0885668276972625,0.099009900990099,0.0929853181076672,0.0870279146141215,0,0,0,0,0,0,0,0,0,0,0,0,0,0,0,0,0,0,0,0,0,0,0,0,0,0,0,0,0,0,0,0,0,0,0,0,0,0,0,0,0,0,0,0.0888529886914378,0.0976,0.0998307952622673,0.09688013136289,0,0.00492610837438424,0.00163398692810458,0,0,0,0,0,0,0,0,0,0,0,0,0,0,0,0,0,0,0,0,0,0,0,0,0,0,0,0,0,0,0,0,0,0,0,0,0,0,0,0,0,0,0.1024,0.915470494417863,0.996699669966997,1,0.99835255354201,0.197693574958814,0.102941176470588,0.0949263502454992,0.944078947368421,0.199036918138042,0.998410174880763,0.966442953020134,0.328968903436989,0.372964169381107,0.0901639344262295,0.776167471819646,1,0.969305331179321,0.975767366720517,0.0967741935483871,0.106109324758842,1,0.834752981260647,0.105351170568562,0.998349834983498,0.0976,1,0.100334448160535,0.98371335504886,0.910277324632953,0.996805111821086,0.084297520661157,0.993589743589744,0.886914378029079,0.10655737704918,0.825878594249201,0.201626016260163,1,0.0907590759075908,1,0.928,0.208469055374593,0.84072249589491,0.855263157894737,0.099025974025974,0.0969793322734499,1,0.902479338842975,0.9185667752443,0.988372093023256,1,0.0923566878980892,0.854812398042414,0.105090311986864,1,0.0932896890343699,0.114331723027375,0.998322147651007,0.953074433656958,0.10586319218241,0.99016393442623,0.327922077922078,0.916129032258065,0.99835255354201,0.100813008130081,0.0957095709570957,0.969105691056911,1,1,0.0938511326860841,0.102819237147595,1,1,0.996683250414594,0.0956937799043062,1,0.0963455149501661,0.110927152317881,0.520700636942675,1,0.821939586645469,0.842857142857143,0.0884808013355593,0.897520661157025,0.378194207836457,0.885852090032154,0.0941176470588235,0.342062193126023,0.0929853181076672,1,1,0.134868421052632,0.0984126984126984,0.179365079365079,1,1,0.377813504823151,1,0.90311986863711,1,0.0917874396135266,0.0821256038647343,0.113114754098361,0.54726368159204,0.0967213114754098,0.990415335463259,0.0912,0.10223642172524,0.0956239870340357,0.349258649093904,0.998389694041868,0.893092105263158,1,0.119617224880383,0.113486842105263,0.3278955954323,1,0.998360655737705,0.989864864864865,0.385245901639344,0.998381877022654,0.364069952305246,0.119547657512116,0.0981996726677578,0.340288924558588,0.969404186795491,0.0891089108910891,0.269413629160063,0.935379644588045,0.0983606557377049,0.107438016528926,0.966832504145937,0.868552412645591,0.9185303514377,0.0849056603773585,1,0.100470957613815,1,0.8578352180937,0.996768982229402,0.0932475884244373,0.824590163934426,0.109324758842444,0.998387096774194,0.0979133226324237,0.0979381443298969,1,0.986798679867987
"195",0.181388012618297,0.192063492063492,0.197160883280757,0.176375404530744,0,0,0,0,0,0,0,0,0,0,0,0,0,0,0,0,0,0,0,0,0,0,0,0,0,0,0,0,0,0,0,0,0,0,0,0,0,0,0,0,0,0,0,0.188473520249221,0.188180404354588,0.188834154351396,0.185667752442997,0,0.004739336492891,0.00160513643659711,0,0,0,0,0,0,0,0,0,0,0,0,0,0,0,0,0,0,0,0,0,0,0,0,0,0,0,0,0,0,0,0,0,0,0,0,0,0,0,0,0,0,0.197204968944099,0.949152542372881,0.916932907348243,0.908945686900958,0.914653784219002,0.278955954323002,0.20820189274448,0.190938511326861,0.966666666666667,0.284848484848485,0.909230769230769,0.897271268057785,0.421974522292994,0.4464,0.192846034214619,0.777089783281734,0.896875,0.900621118012422,0.938095238095238,0.190923317683881,0.199362041467305,0.902362204724409,0.821247892074199,0.185185185185185,0.920967741935484,0.197836166924266,0.903654485049834,0.201938610662359,0.917609046849758,1,0.906832298136646,0.182258064516129,0.917316692667707,0.853810264385692,0.208,0.845916795069337,0.303937007874016,0.905864197530864,0.191935483870968,0.901430842607313,0.924409448818898,0.308917197452229,0.861685214626391,0.948470209339775,0.192368839427663,0.196261682242991,0.913846153846154,0.929392446633826,0.979166666666667,0.908196721311475,0.89968152866242,0.178403755868545,0.833592534992224,0.191455696202532,0.892682926829268,0.179650238473768,0.207430340557276,0.909822866344606,0.952681388012618,0.197160883280757,0.910798122065728,0.397415185783522,0.969404186795491,0.908653846153846,0.188976377952756,0.204472843450479,0.901929260450161,0.917851500789889,0.902021772939347,0.184834123222749,0.2064,0.90809968847352,0.907915993537964,0.918789808917197,0.1953125,0.903481012658228,0.184713375796178,0.198387096774194,0.611197511664075,0.911811023622047,0.810264385692068,0.869230769230769,0.1872,0.900974025974026,0.459677419354839,0.912974683544304,0.1875,0.416,0.183962264150943,0.897106109324759,0.899841017488076,0.242375601926164,0.185471406491499,0.263406940063092,0.907232704402516,0.912280701754386,0.445497630331754,0.90311986863711,1,0.913446676970634,0.191153238546603,0.177496038034865,0.202551834130782,0.615873015873016,0.19422150882825,0.920382165605096,0.184542586750789,0.197472353870458,0.1872,0.420195439739414,0.914149443561208,0.9872,0.898222940226171,0.214849921011058,0.215780998389694,0.4453125,0.906050955414013,0.913461538461538,0.913764510779436,0.455555555555556,0.904088050314465,0.452119309262166,0.213946117274168,0.193548387096774,0.408736349453978,0.903276131045242,0.186195826645265,0.35981308411215,0.880573248407643,0.186195826645265,0.188617886178862,0.900813008130081,0.868078175895766,0.915094339622642,0.191131498470948,0.918367346938776,0.197802197802198,0.907668231611894,0.867924528301887,0.911353032659409,0.182108626198083,0.851735015772871,0.199044585987261,0.907523510971787,0.18312101910828,0.174267100977199,0.903875968992248,0.923948220064725
"196",0.0876923076923077,0.0948012232415902,0.0938461538461538,0.0903426791277259,0,0,0,0,0,0,0,0,0,0,0,0,0,0,0,0,0,0,0,0,0,0,0,0,0,0,0,0,0,0,0,0,0,0,0,0,0,0,0,0,0,0,0,0.095952023988006,0.0980392156862745,0.100470957613815,0.0970724191063174,0,0.00307692307692308,0,0,0,0,0,0,0,0,0,0,0,0,0,0,0,0,0,0,0,0,0,0,0,0,0,0,0,0,0,0,0,0,0,0,0,0,0,0,0,0,0,0,0,0.102102102102102,0.918918918918919,0.996951219512195,1,0.998468606431853,0.199687987519501,0.111801242236025,0.0977917981072555,0.943251533742331,0.201820940819423,1,0.964230171073095,0.332814930015552,0.373626373626374,0.0955315870570108,0.780451127819549,1,0.967889908256881,0.970679012345679,0.10260336906585,0.10790273556231,1,0.838499184339315,0.10989010989011,0.998442367601246,0.0984848484848485,1,0.101880877742947,0.986363636363636,0.911353032659409,0.998509687034277,0.0805687203791469,0.990909090909091,0.874251497005988,0.102803738317757,0.82089552238806,0.184615384615385,1,0.093167701863354,1,0.93134328358209,0.199386503067485,0.844410876132931,0.854489164086687,0.0990853658536585,0.1,1,0.90795631825273,0.921875,0.993650793650794,1,0.0927051671732523,0.849028400597907,0.0980091883614089,1,0.0951638065522621,0.108562691131498,0.998456790123457,0.954545454545455,0.103715170278638,0.987673343605547,0.326530612244898,0.919629057187017,0.998473282442748,0.101851851851852,0.0975232198142415,0.964831804281346,1,1,0.088145896656535,0.107692307692308,1,1,0.996879875195008,0.104938271604938,1,0.0964230171073095,0.111111111111111,0.518072289156627,1,0.808383233532934,0.845577211394303,0.09375,0.899686520376176,0.400311526479751,0.889728096676737,0.0995260663507109,0.350230414746544,0.0920245398773006,1,1,0.146379044684129,0.101470588235294,0.167164179104478,1,1,0.389649923896499,1,0.913446676970634,1,0.093167701863354,0.0829493087557604,0.109567901234568,0.557453416149068,0.101669195751138,0.990853658536585,0.0909090909090909,0.106060606060606,0.0934579439252336,0.351648351648352,1,0.9,1,0.126911314984709,0.125382262996942,0.337837837837838,1,0.998489425981873,0.985804416403785,0.394777265745008,0.998480243161094,0.386466165413534,0.123664122137405,0.0990853658536585,0.335843373493976,0.969512195121951,0.095679012345679,0.276946107784431,0.931087289433384,0.0967741935483871,0.0998415213946117,0.962674961119751,0.868044515103339,0.915279878971256,0.0849478390461997,1,0.100299401197605,1,0.849544072948328,0.998468606431853,0.0972644376899696,0.819548872180451,0.113149847094801,0.998484848484849,0.100308641975309,0.0903328050713154,1,0.982731554160126
"197",1,1,1,1,0,0,0,0,0,0,0,0,0,0,0,0,0,0,0,0,0,0,0,0,0,0,0,0,0,0,0,0,0,0,0,0,0,0,0,0,0,0,0,0,0,0,0,1,1,1,1,0,0,0,0,0,0,0,0,0,0,0,0,0,0,0,0,0,0,0,0,0,0,0,0,0,0,0,0,0,0,0,0,0,0,0,0,0,0,0,0,0,0,0,0,0,1,0.193009118541033,0.106918238993711,0.0828025477707006,0.0928792569659443,0.910828025477707,0.993740219092332,0.998381877022654,0.155905511811024,0.889057750759878,0.106060606060606,0.135350318471338,0.769706336939722,0.73968253968254,1,0.328660436137072,0.0953846153846154,0.130769230769231,0.119751166407465,1,0.984227129337539,0.101721439749609,0.261513157894737,0.995192307692308,0.103503184713376,1,0.0913539967373573,1,0.110419906687403,0.186195826645265,0.0966257668711656,1,0.0959119496855346,0.224458204334365,0.988691437802908,0.276176024279211,0.900787401574803,0.0941358024691358,0.996810207336523,0.0834645669291339,0.171993911719939,0.892018779342723,0.25,0.254716981132075,1,0.995334370139969,0.0918836140888208,0.189189189189189,0.195892575039494,0.110236220472441,0.108626198083067,1,0.25,0.988958990536278,0.0814696485623003,1,0.989130434782609,0.0913461538461538,0.145569620253165,1,0.114420062695925,0.762204724409449,0.188679245283019,0.0963665086887836,1,1,0.122065727699531,0.103125,0.101538461538462,1,0.996805111821086,0.0885093167701863,0.0925039872408294,0.100649350649351,0.998452012383901,0.0916271721958926,0.996830427892235,0.995222929936306,0.586626139817629,0.0910493827160494,0.288109756097561,0.257621951219512,1,0.210776545166403,0.723642172523962,0.214175654853621,0.996768982229402,0.759811616954474,1,0.101404056162246,0.10062893081761,0.957680250783699,0.995384615384615,0.920367534456355,0.0914728682170543,0.0956112852664577,0.722480620155039,0.0917874396135266,0.191153238546603,0.093167701863354,1,1,0.985804416403785,0.552795031055901,1,0.0993788819875776,1,0.987692307692308,0.996850393700787,0.759170653907496,0.0990712074303406,0.2016,0.0857605177993527,0.975384615384615,0.96998420221169,0.774193548387097,0.0936507936507937,0.0887480190174326,0.108239095315024,0.725856697819315,0.0883720930232558,0.736923076923077,0.971608832807571,1,0.772519083969466,0.125581395348837,1,0.839393939393939,0.166666666666667,1,1,0.126198083067093,0.229032258064516,0.181538461538462,1,0.086687306501548,0.998482549317147,0.0927672955974843,0.247278382581649,0.107692307692308,1,0.274570982839314,0.987635239567233,0.1,1,1,0.0918836140888208,0.102773246329527
"198",1,1,1,1,0,0,0,0,0,0,0,0,0,0,0,0,0,0,0,0,0,0,0,0,0,0,0,0,0,0,0,0,0,0,0,0,0,0,0,0,0,0,0,0,0,0,0,1,1,1,1,0,0,0,0,0,0,0,0,0,0,0,0,0,0,0,0,0,0,0,0,0,0,0,0,0,0,0,0,0,0,0,0,0,0,0,0,0,0,0,0,0,0,0,0,0,1,0.180866965620329,0.0897637795275591,0.0776545166402536,0.0838509316770186,0.90795631825273,0.993759750390016,0.998422712933754,0.157492354740061,0.897553516819572,0.0932330827067669,0.122222222222222,0.765354330708661,0.727848101265823,1,0.298165137614679,0.0835866261398176,0.128834355828221,0.113707165109034,1,0.98468606431853,0.0895061728395062,0.247135842880524,0.995268138801262,0.0926517571884984,1,0.0894308943089431,1,0.0975232198142415,0.183144246353323,0.0817901234567901,1,0.0844854070660522,0.206422018348624,0.988924050632911,0.280359820089955,0.906832298136646,0.0842105263157895,0.996815286624204,0.0735524256651017,0.153729071537291,0.901840490797546,0.24922600619195,0.247648902821317,1,0.993874425727412,0.0843373493975904,0.186495176848875,0.183835182250396,0.0947867298578199,0.0921875,1,0.231467473524962,0.989028213166144,0.0772870662460568,1,0.99075500770416,0.0899053627760252,0.137345679012346,1,0.100156494522692,0.75968992248062,0.187017001545595,0.0894819466248038,1,1,0.117283950617284,0.0814132104454685,0.0910470409711684,1,0.996825396825397,0.0775193798449612,0.0864779874213836,0.0954616588419405,0.998449612403101,0.0798771121351766,0.996850393700787,0.9953125,0.594553706505295,0.0821705426356589,0.26355421686747,0.255192878338279,1,0.203442879499218,0.705314009661836,0.199692780337942,0.99672131147541,0.746835443037975,1,0.0899053627760252,0.0775193798449612,0.96141975308642,0.995433789954338,0.922844175491679,0.0764525993883792,0.0851393188854489,0.720430107526882,0.0821256038647343,0.177496038034865,0.0829493087557604,1,1,0.989113530326594,0.53448275862069,1,0.0946564885496183,1,0.989312977099237,1,0.750397456279809,0.0850077279752705,0.191153238546603,0.08,0.975232198142415,0.971786833855799,0.764437689969605,0.083969465648855,0.0839813374805599,0.0951612903225806,0.714728682170543,0.0793893129770992,0.725460122699387,0.975384615384615,1,0.762996941896025,0.122913505311077,1,0.834609494640122,0.156739811912226,1,1,0.125391849529781,0.209003215434084,0.171212121212121,1,0.0845921450151057,0.998480243161094,0.08125,0.239130434782609,0.0909090909090909,1,0.277519379844961,0.98740157480315,0.0903522205206738,1,1,0.086890243902439,0.0992125984251968
"199",0.987341772151899,0.988906497622821,0.985759493670886,0.986970684039088,0,0,0,0,0,0,0,0,0,0,0,0,0,0,0,0,0,0,0,0,0,0,0,0,0,0,0,0,0,0,0,0,0,0,0,0,0,0,0,0,0,0,0,0.989147286821705,0.986153846153846,0.985197368421053,0.984152139461173,0,0,0,0,0,0,0,0,0,0,0,0,0,0,0,0,0,0,0,0,0,0,0,0,0,0,0,0,0,0,0,0,0,0,0,0,0,0,0,0,0,0,0,0,0,0.987767584097859,0.209553158705701,0.120689655172414,0.106732348111658,0.110236220472441,0.908212560386473,0.982758620689655,0.985691573926868,0.181959564541213,0.902627511591963,0.125,0.159235668789809,0.7744,0.762439807383628,0.987361769352291,0.339144215530903,0.108864696734059,0.158631415241058,0.142633228840125,0.987730061349693,0.977883096366509,0.118564742589704,0.280265339966833,0.982113821138211,0.122549019607843,0.985849056603774,0.110924369747899,0.98538961038961,0.127962085308057,0.205834683954619,0.115085536547434,0.988782051282051,0.118012422360248,0.234398782343988,0.998415213946117,0.311649016641452,0.906832298136646,0.115919629057187,0.990506329113924,0.103059581320451,0.176651305683564,0.901430842607313,0.286604361370716,0.267090620031797,0.986068111455108,0.985871271585557,0.113981762917933,0.216828478964401,0.212361331220285,0.131410256410256,0.128325508607199,0.987654320987654,0.263482280431433,0.998420221169036,0.108589951377634,0.985530546623794,0.998439937597504,0.12280701754386,0.15600624024961,0.988941548183254,0.128571428571429,0.79073482428115,0.213946117274168,0.116719242902208,0.987301587301587,0.988871224165342,0.150078988941548,0.119122257053292,0.119266055045872,0.987460815047022,0.982456140350877,0.101088646967341,0.1088,0.129032258064516,0.987361769352291,0.113178294573643,0.9858934169279,0.98546042003231,0.598784194528875,0.111111111111111,0.289877300613497,0.291603053435115,0.985714285714286,0.237096774193548,0.74313408723748,0.233542319749216,0.990196078431373,0.781150159744409,0.985507246376812,0.122611464968153,0.121451104100946,0.95260663507109,0.989296636085627,0.920610687022901,0.107142857142857,0.121642969984202,0.751962323390895,0.113114754098361,0.202551834130782,0.109567901234568,0.985804416403785,0.989113530326594,1,0.553054662379421,0.988924050632911,0.125,0.987538940809969,1,0.982866043613707,0.7872,0.123647604327666,0.211446740858506,0.112519809825674,0.968895800933126,0.963722397476341,0.773846153846154,0.109717868338558,0.105263157894737,0.125205930807249,0.751181102362205,0.107644305772231,0.753894080996885,1,0.987341772151899,0.78516228748068,0.150234741784038,0.98389694041868,0.840425531914894,0.181818181818182,0.987261146496815,0.983766233766234,0.152623211446741,0.243156199677939,0.2015625,0.987748851454824,0.104938271604938,0.987596899224806,0.114599686028257,0.280564263322884,0.124018838304553,0.987361769352291,0.312796208530806,1,0.118564742589704,0.985759493670886,0.985365853658537,0.113671274961598,0.12241653418124
"200",0.525316455696203,0.57345971563981,0.548895899053628,0.549593495934959,0,0,0,0,0,0,0,0,0,0,0,0,0,0,0,0,0,0,0,0,0,0,0,0,0,0,0,0,0,0,0,0,0,0,0,0,0,0,0,0,0,0,0,0.54,0.541085271317829,0.546341463414634,0.537720706260032,0,0,0,0,0,0,0,0,0,0,0,0,0,0,0,0,0,0,0,0,0,0,0,0,0,0,0,0,0,0,0,0,0,0,0,0,0,0,0,0,0,0,0,0,0,0.548536209553159,0.738724727838258,0.536392405063291,0.547657512116317,0.544881889763779,0.555555555555556,0.562893081761006,0.531645569620253,0.661490683229814,0.564341085271318,0.55895865237366,0.561174551386623,0.570063694267516,0.558028616852146,0.547286821705426,0.553822152886115,0.565217391304348,0.575471698113208,0.573228346456693,0.554330708661417,0.537007874015748,0.552922590837283,0.579901153212521,0.5616,0.561904761904762,0.546875,0.562706270627063,0.549432739059968,0.571428571428571,0.607717041800643,0.560371517027864,0.523961661341853,0.545878693623639,0.568535825545171,0.558966074313409,0.598765432098765,0.546603475513428,0.55054432348367,0.559485530546624,0.546178343949045,0.58411214953271,0.561514195583596,0.602184087363494,0.646496815286624,0.539808917197452,0.549689440993789,0.558823529411765,0.6,0.610845295055821,0.5392,0.5968,0.541795665634675,0.574303405572755,0.534810126582278,0.548440065681445,0.542264752791069,0.549844236760125,0.5568,0.599369085173502,0.536392405063291,0.575516693163752,0.541666666666667,0.590837282780411,0.54559748427673,0.561093247588424,0.569377990430622,0.551505546751189,0.569182389937107,0.554012345679012,0.52112676056338,0.561996779388084,0.547987616099071,0.553772070626003,0.56,0.571205007824726,0.548489666136725,0.55448717948718,0.564102564102564,0.570769230769231,0.554502369668246,0.563664596273292,0.589230769230769,0.54140127388535,0.570063694267516,0.554471544715447,0.58528951486698,0.552980132450331,0.552215189873418,0.547318611987382,0.540031397174254,0.55993690851735,0.547169811320755,0.561622464898596,0.542768273716952,0.551829268292683,0.553990610328638,0.576138147566719,0.54726368159204,0.615873015873016,0.557453416149068,0.552795031055901,0.53448275862069,0.553054662379421,1,0.57051282051282,0.552795031055901,0.538216560509554,0.554531490015361,0.546178343949045,0.556438791732909,0.550239234449761,0.617263843648209,0.53968253968254,0.559055118110236,0.552504038772213,0.596273291925466,0.5484375,0.554848966613672,0.5625,0.566455696202532,0.559748427672956,0.5640625,0.541864139020537,0.530254777070064,0.564142194744977,0.575427682737169,0.552715654952077,0.567484662576687,0.562009419152276,0.549295774647887,0.538087520259319,0.565217391304348,0.571661237785016,0.582434514637905,0.551242236024845,0.56043956043956,0.552099533437014,0.590342679127726,0.598736176935229,0.575949367088608,0.552380952380952,0.60731319554849,0.557692307692308,0.558869701726845,0.540412044374009,0.52572347266881,0.54531490015361,0.568881685575365
"201",1,1,1,1,0,0,0,0,0,0,0,0,0,0,0,0,0,0,0,0,0,0,0,0,0,0,0,0,0,0,0,0,0,0,0,0,0,0,0,0,0,0,0,0,0,0,0,1,1,1,1,0,0,0,0,0,0,0,0,0,0,0,0,0,0,0,0,0,0,0,0,0,0,0,0,0,0,0,0,0,0,0,0,0,0,0,0,0,0,0,0,0,0,0,0,0,1,0.197549770290965,0.104265402843602,0.0897435897435897,0.0950871632329636,0.904153354632588,0.996865203761755,1,0.164319248826291,0.886503067484663,0.110599078341014,0.141945773524721,0.759873617693523,0.730462519936204,1,0.314553990610329,0.0947204968944099,0.141744548286604,0.130708661417323,1,0.987381703470032,0.1,0.259868421052632,0.995230524642289,0.108452950558214,1,0.102941176470588,1,0.111459968602826,0.200642054574639,0.10077519379845,1,0.101226993865031,0.224085365853659,0.9936,0.274809160305344,0.911490683229814,0.0975232198142415,0.996805111821086,0.0890625,0.164110429447853,0.90251572327044,0.254746835443038,0.255591054313099,1,0.996879875195008,0.0910493827160494,0.193861066235864,0.197452229299363,0.112721417069243,0.116352201257862,1,0.252293577981651,0.992125984251969,0.0910543130990415,1,0.992295839753467,0.0998415213946117,0.14937106918239,1,0.112852664576803,0.760629921259843,0.2,0.102523659305994,1,1,0.14218009478673,0.102040816326531,0.100931677018634,1,0.996830427892235,0.0917573872472784,0.0958466453674121,0.10952380952381,0.998442367601246,0.0982839313572543,0.996815286624204,0.995222929936306,0.582554517133956,0.0952380952380952,0.276758409785933,0.266968325791855,1,0.220634920634921,0.711538461538462,0.218798151001541,0.99673735725938,0.745283018867924,1,0.10702875399361,0.100313479623824,0.958860759493671,0.995468277945619,0.925190839694657,0.0962145110410095,0.100787401574803,0.71830985915493,0.0967213114754098,0.19422150882825,0.101669195751138,1,1,0.988924050632911,0.57051282051282,1,0.110591900311526,1,0.992260061919505,0.996850393700787,0.754414125200642,0.103125,0.199367088607595,0.0916149068322981,0.976635514018692,0.97239263803681,0.794478527607362,0.0943396226415094,0.0938967136150235,0.108552631578947,0.722570532915361,0.09375,0.719814241486068,0.978193146417445,1,0.763888888888889,0.137984496124031,1,0.833846153846154,0.173228346456693,1,1,0.139423076923077,0.228525121555916,0.184952978056426,1,0.0914728682170543,1,0.0962145110410095,0.258267716535433,0.105180533751962,1,0.280314960629921,0.990491283676704,0.0959752321981424,1,1,0.0986342943854325,0.116903633491311
"202",0.0913312693498452,0.1078125,0.0948678071539658,0.0942492012779553,0,0,0,0,0,0,0,0,0,0,0,0,0,0,0,0,0,0,0,0,0,0,0,0,0,0,0,0,0,0,0,0,0,0,0,0,0,0,0,0,0,0,0,0.0987654320987654,0.104294478527607,0.106280193236715,0.107424960505529,0,0.00464396284829721,0.0015600624024961,0,0,0,0,0,0,0,0,0,0,0,0,0,0,0,0,0,0,0,0,0,0,0,0,0,0,0,0,0,0,0,0,0,0,0,0,0,0,0,0,0,0,0.108231707317073,0.916413373860182,1,0.987301587301587,0.993730407523511,0.196232339089482,0.12037037037037,0.108695652173913,0.944444444444444,0.203363914373089,0.990867579908676,0.962025316455696,0.334920634920635,0.371069182389937,0.1,0.781733746130031,0.989280245022971,0.96875,0.982649842271293,0.104938271604938,0.113671274961598,0.987519500780031,0.831423895253682,0.11198738170347,0.987301587301587,0.102134146341463,0.991974317817014,0.107890499194847,0.993720565149137,0.919303797468354,0.990825688073395,0.0942492012779553,0.983050847457627,0.879019908116386,0.116613418530351,0.835098335854766,0.200617283950617,0.989329268292683,0.104501607717042,0.990566037735849,0.92921686746988,0.215503875968992,0.851097178683386,0.8608,0.106583072100313,0.111111111111111,0.987987987987988,0.91304347826087,0.920508744038156,0.979099678456592,0.988924050632911,0.104037267080745,0.857142857142857,0.114420062695925,0.985871271585557,0.109546165884194,0.121396054628225,0.985826771653543,0.956856702619414,0.109546165884194,0.9828125,0.33175355450237,0.933021806853583,0.989247311827957,0.109546165884194,0.104265402843602,0.96551724137931,0.989113530326594,0.987748851454824,0.102484472049689,0.105177993527508,0.987635239567233,0.988924050632911,0.990476190476191,0.110260336906585,0.986046511627907,0.104265402843602,0.124213836477987,0.52887537993921,0.987616099071207,0.822995461422088,0.86036036036036,0.103011093502377,0.898119122257053,0.388625592417062,0.895962732919255,0.103392568659128,0.35981308411215,0.100931677018634,0.985714285714286,0.985826771653543,0.142410015649452,0.110606060606061,0.181679389312977,0.989113530326594,0.98755832037325,0.381987577639752,0.990415335463259,0.920382165605096,0.990853658536585,0.0993788819875776,0.0946564885496183,0.125,0.552795031055901,0.110591900311526,1,0.102523659305994,0.117199391171994,0.102643856920684,0.342995169082126,0.990712074303406,0.899686520376176,0.987301587301587,0.133540372670807,0.131746031746032,0.340458015267176,0.986024844720497,0.984496124031008,0.982084690553746,0.386398763523957,0.986175115207373,0.373860182370821,0.136012364760433,0.105511811023622,0.341426403641882,0.967492260061919,0.0982839313572543,0.272590361445783,0.932707355242567,0.100313479623824,0.106518282988871,0.960443037974684,0.873376623376623,0.922137404580153,0.0969230769230769,0.987692307692308,0.106927710843373,0.990536277602524,0.859154929577465,0.985781990521327,0.101851851851852,0.830455259026688,0.117174959871589,0.987577639751553,0.104454685099846,0.104430379746835,0.987673343605547,0.99203821656051
"203",1,1,1,1,0,0,0,0,0,0,0,0,0,0,0,0,0,0,0,0,0,0,0,0,0,0,0,0,0,0,0,0,0,0,0,0,0,0,0,0,0,0,0,0,0,0,0,1,1,1,1,0,0,0,0,0,0,0,0,0,0,0,0,0,0,0,0,0,0,0,0,0,0,0,0,0,0,0,0,0,0,0,0,0,0,0,0,0,0,0,0,0,0,0,0,0,1,0.18429003021148,0.0988835725677831,0.0864,0.0940438871473354,0.905901116427432,0.995348837209302,0.998415213946117,0.151326053042122,0.894578313253012,0.103975535168196,0.133748055987558,0.769110764430577,0.733017377567141,1,0.314329738058552,0.0870229007633588,0.137071651090343,0.117924528301887,1,0.985959438377535,0.0910493827160494,0.273949579831933,0.995176848874598,0.097444089456869,1,0.0974025974025974,1,0.113564668769716,0.184952978056426,0.0906298003072197,1,0.0880989180834621,0.225075528700906,0.99203821656051,0.278033794162826,0.901408450704225,0.0914728682170543,0.998405103668262,0.0860719874804382,0.156202143950995,0.893682588597843,0.257763975155279,0.23861852433281,1,0.993817619783617,0.0902140672782875,0.186991869918699,0.181528662420382,0.109854604200323,0.105100463678516,1,0.25077399380805,0.993660855784469,0.0829346092503987,1,0.990639625585023,0.0956937799043062,0.136923076923077,1,0.110591900311526,0.770932069510269,0.1875,0.0894819466248038,1,1,0.125776397515528,0.0993788819875776,0.0963302752293578,1,0.996884735202492,0.0848765432098765,0.0922098569157393,0.0990415335463259,0.998447204968944,0.0832049306625578,1,0.998407643312102,0.590214067278288,0.0890937019969278,0.285053929121726,0.25948406676783,1,0.203442879499218,0.718354430379747,0.209302325581395,0.998387096774194,0.756289308176101,1,0.0988835725677831,0.0938967136150235,0.962732919254658,0.998493975903614,0.920610687022901,0.0923317683881064,0.0933125972006221,0.724191063174114,0.0912,0.184542586750789,0.0909090909090909,1,1,0.987538940809969,0.538216560509554,1,0.102523659305994,1,0.990881458966565,1,0.758346581875994,0.101226993865031,0.184126984126984,0.0951638065522621,0.976993865030675,0.971875,0.770290964777948,0.0862068965517241,0.089622641509434,0.0964630225080386,0.726989079563182,0.0841121495327103,0.733024691358025,0.978125,1,0.768292682926829,0.129770992366412,1,0.827692307692308,0.171383647798742,1,1,0.139280125195618,0.224165341812401,0.177195685670262,1,0.0874233128834356,0.998509687034277,0.0919003115264797,0.247663551401869,0.0981308411214953,1,0.28062015503876,0.992088607594937,0.0979782270606532,1,1,0.0938461538461538,0.0992125984251968
"204",0.987933634992459,0.98780487804878,0.987711213517665,0.990683229813665,0,0,0,0,0,0,0,0,0,0,0,0,0,0,0,0,0,0,0,0,0,0,0,0,0,0,0,0,0,0,0,0,0,0,0,0,0,0,0,0,0,0,0,0.989489489489489,0.987951807228916,0.987158908507223,0.988958990536278,0,0,0,0,0,0,0,0,0,0,0,0,0,0,0,0,0,0,0,0,0,0,0,0,0,0,0,0,0,0,0,0,0,0,0,0,0,0,0,0,0,0,0,0,0,0.990922844175492,0.199095022624434,0.112852664576803,0.102040816326531,0.0976377952755905,0.913657770800628,0.984544049459042,0.989028213166144,0.165634674922601,0.91044776119403,0.118181818181818,0.154088050314465,0.785602503912363,0.748031496062992,0.989263803680982,0.335866261398176,0.107738998482549,0.152905198776758,0.134052388289676,0.990839694656489,0.980243161094225,0.1112828438949,0.298531810766721,0.981308411214953,0.114197530864198,0.987915407854985,0.107371794871795,0.985871271585557,0.123076923076923,0.206201550387597,0.103186646433991,0.992272024729521,0.110606060606061,0.237593984962406,1,0.296520423600605,0.912363067292645,0.105970149253731,0.989028213166144,0.0979782270606532,0.172256097560976,0.898148148148148,0.274268104776579,0.258164852255054,0.987786259541985,0.984871406959153,0.104477611940299,0.195859872611465,0.196232339089482,0.115873015873016,0.115085536547434,0.988023952095808,0.269578313253012,1,0.0982839313572543,0.987421383647799,1,0.110764430577223,0.157012195121951,0.989329268292683,0.125776397515528,0.779342723004695,0.194444444444444,0.106153846153846,0.987635239567233,0.98936170212766,0.144376899696049,0.114329268292683,0.106128550074738,0.987616099071207,0.984301412872841,0.0972644376899696,0.105015673981191,0.118110236220472,0.98780487804878,0.103658536585366,0.986089644513138,0.987635239567233,0.596385542168675,0.103975535168196,0.304347826086957,0.277198211624441,0.987361769352291,0.220839813374806,0.726134585289515,0.237082066869301,0.990491283676704,0.769230769230769,0.987841945288754,0.112852664576803,0.104863221884498,0.95800933125972,0.988235294117647,0.928895612708018,0.103186646433991,0.111963190184049,0.741538461538462,0.10223642172524,0.197472353870458,0.106060606060606,0.987692307692308,0.989312977099237,1,0.554531490015361,0.992260061919505,0.117199391171994,0.990881458966565,1,0.986259541984733,0.768987341772152,0.114977307110439,0.205607476635514,0.104615384615385,0.972602739726027,0.966049382716049,0.770491803278688,0.10355486862442,0.101246105919003,0.117460317460317,0.739263803680982,0.0946564885496183,0.745068285280728,0.99388379204893,0.990783410138249,0.783783783783784,0.141122913505311,0.987480438184664,0.84272997032641,0.178461538461538,0.989247311827957,0.986024844720497,0.146919431279621,0.245222929936306,0.197268588770865,0.988041853512706,0.0936555891238671,0.988112927191679,0.10260336906585,0.265527950310559,0.113808801213961,0.990825688073395,0.294117647058824,1,0.103875968992248,0.990783410138249,0.985804416403785,0.105580693815988,0.115141955835962
"205",0.996860282574568,0.998410174880763,0.996879875195008,0.996789727126806,0,0,0,0,0,0,0,0,0,0,0,0,0,0,0,0,0,0,0,0,0,0,0,0,0,0,0,0,0,0,0,0,0,0,0,0,0,0,0,0,0,0,0,0.998463901689708,0.998454404945904,0.998394863563403,0.996805111821086,0,0,0,0,0,0,0,0,0,0,0,0,0,0,0,0,0,0,0,0,0,0,0,0,0,0,0,0,0,0,0,0,0,0,0,0,0,0,0,0,0,0,0,0,0,0.996904024767802,0.192846034214619,0.102848101265823,0.0932475884244373,0.0935023771790808,0.90224358974359,0.992199687987519,0.998394863563403,0.155172413793103,0.897990726429675,0.103875968992248,0.142172523961661,0.766505636070853,0.736334405144695,0.996845425867508,0.314152410575428,0.087962962962963,0.136942675159236,0.126582278481013,0.996845425867508,0.985849056603774,0.0960629921259843,0.267213114754098,0.995121951219512,0.102564102564103,0.996884735202492,0.0952380952380952,1,0.115141955835962,0.197767145135566,0.0914826498422713,0.996794871794872,0.0970724191063174,0.214953271028037,0.985691573926868,0.291540785498489,0.902973395931142,0.0958268933539413,0.993610223642173,0.089622641509434,0.165378670788253,0.8984375,0.263803680981595,0.263157894736842,0.996875,0.993788819875776,0.0893939393939394,0.2032,0.196141479099678,0.11470113085622,0.10952380952381,0.998449612403101,0.251908396946565,0.985781990521327,0.0862619808306709,0.998407643312102,0.989045383411581,0.0977917981072555,0.147335423197492,0.998425196850394,0.110935023771791,0.765822784810127,0.199683042789223,0.0966719492868463,0.996810207336523,0.996820349761526,0.13302034428795,0.100946372239748,0.098159509202454,0.996845425867508,0.995161290322581,0.0906298003072197,0.0958466453674121,0.101105845181675,0.995260663507109,0.100609756097561,0.996830427892235,0.995230524642289,0.578461538461538,0.0939907550077042,0.277089783281734,0.253799392097264,0.998394863563403,0.205974842767296,0.727416798732171,0.2125,0.993464052287582,0.747235387045814,0.996835443037975,0.10126582278481,0.105180533751962,0.958064516129032,0.993930197268589,0.924764890282132,0.0880503144654088,0.100946372239748,0.728125,0.0956239870340357,0.1872,0.0934579439252336,0.996850393700787,1,0.982866043613707,0.546178343949045,0.996850393700787,0.102643856920684,1,0.986259541984733,1,0.7632,0.0982839313572543,0.204113924050633,0.0896,0.975039001560062,0.970031545741325,0.777258566978193,0.0859375,0.0897637795275591,0.107317073170732,0.731132075471698,0.0882352941176471,0.737909516380655,0.976489028213166,0.99685534591195,0.769938650306748,0.131782945736434,0.996825396825397,0.838905775075988,0.173228346456693,1,1,0.13258785942492,0.229617304492512,0.182380216383308,0.996969696969697,0.089622641509434,0.998473282442748,0.09375,0.256735340729002,0.102848101265823,0.996865203761755,0.282843894899536,0.985826771653543,0.0909090909090909,1,0.998376623376623,0.10061919504644,0.110210696920583
"206",0.754807692307692,0.757527733755943,0.766666666666667,0.748760330578512,0,0,0,0,0,0,0,0,0,0,0,0,0,0,0,0,0,0,0,0,0,0,0,0,0,0,0,0,0,0,0,0,0,0,0,0,0,0,0,0,0,0,0,0.75625,0.753918495297806,0.755813953488372,0.766721044045677,0,0.00160513643659711,0.00161550888529887,0,0,0,0,0,0,0,0,0,0,0,0,0,0,0,0,0,0,0,0,0,0,0,0,0,0,0,0,0,0,0,0,0,0,0,0,0,0,0,0,0,0,0.748815165876777,0.423255813953488,0.347334410339257,0.353896103896104,0.363782051282051,0.780936454849498,0.758899676375405,0.759677419354839,0.40829346092504,0.795886075949367,0.355905511811024,0.362459546925566,0.761047463175123,1,0.741679873217116,0.57345971563981,0.335974643423138,0.383147853736089,0.363636363636364,0.759554140127389,0.765650080256822,0.3456,0.522998296422487,0.748792270531401,0.34584013050571,0.764430577223089,0.346733668341709,0.759803921568627,0.360446570972887,0.413008130081301,0.337007874015748,0.758169934640523,0.35423197492163,0.478193146417445,0.75767366720517,0.486780715396579,0.7776,0.342857142857143,0.767213114754098,0.333333333333333,0.406995230524642,0.767515923566879,0.474683544303797,0.456310679611651,0.756888168557536,0.760765550239234,0.357361963190184,0.446457990115321,0.420711974110032,0.365853658536585,0.348314606741573,0.760629921259843,0.504761904761905,0.744372990353698,0.32516339869281,0.761827079934747,0.750394944707741,0.337152209492635,0.3984,0.7616,0.351735015772871,1,0.442122186495177,0.352380952380952,0.753577106518283,0.731825525040388,0.381410256410256,0.343949044585987,0.337423312883436,0.752396166134185,0.750413223140496,0.342229199372057,0.330618892508143,0.353896103896104,0.740384615384615,0.337539432176656,0.76537216828479,0.766612641815235,0.642745709828393,0.353697749196141,0.521259842519685,0.478260869565217,0.748776508972268,0.440705128205128,0.996732026143791,0.482594936708861,0.749585406301824,0.993569131832797,0.762987012987013,0.348460291734198,0.3408,0.773675762439807,0.763803680981595,0.757861635220126,0.347266881028939,0.353503184713376,0.998415213946117,0.349258649093904,0.420195439739414,0.351648351648352,0.759170653907496,0.750397456279809,0.7872,0.556438791732909,0.754414125200642,0.342995169082126,0.758346581875994,0.768987341772152,0.7632,1,0.362068965517241,0.400326797385621,0.352180936995153,0.773082942097027,0.778501628664495,0.709779179810726,0.3424,0.344551282051282,0.316309719934102,1,0.349358974358974,1,0.802839116719243,0.743178170144462,0.976993865030675,0.378421900161031,0.753225806451613,0.813953488372093,0.437096774193548,0.751203852327448,0.788177339901478,0.371150729335494,0.449419568822554,0.424806201550388,0.756211180124224,0.341772151898734,0.744186046511628,0.331738437001595,0.46656050955414,0.353312302839117,0.750798722044728,0.495222929936306,0.795786061588331,0.346645367412141,0.767628205128205,0.752459016393443,0.34181240063593,0.356451612903226
"207",0.0965732087227414,0.103610675039246,0.0914728682170543,0.088,0,0,0,0,0,0,0,0,0,0,0,0,0,0,0,0,0,0,0,0,0,0,0,0,0,0,0,0,0,0,0,0,0,0,0,0,0,0,0,0,0,0,0,0.0978593272171254,0.0975975975975976,0.104333868378812,0.095389507154213,0,0.00462962962962963,0.00154798761609907,0,0,0,0,0,0,0,0,0,0,0,0,0,0,0,0,0,0,0,0,0,0,0,0,0,0,0,0,0,0,0,0,0,0,0,0,0,0,0,0,0,0,0.111450381679389,0.919207317073171,0.9984375,0.996815286624204,1,0.213946117274168,0.118827160493827,0.10459587955626,0.945226917057903,0.214939024390244,1,0.968652037617555,0.350793650793651,0.385103011093502,0.098613251155624,0.79160419790105,0.996927803379416,0.973966309341501,0.973312401883831,0.104454685099846,0.111455108359133,0.996879875195008,0.856443719412724,0.110935023771791,0.996835443037975,0.106976744186047,0.99673735725938,0.108452950558214,0.987538940809969,0.903937007874016,1,0.0922098569157393,0.987933634992459,0.885145482388974,0.115873015873016,0.829819277108434,0.197819314641745,0.998484848484849,0.103011093502377,0.99685534591195,0.938837920489297,0.208655332302937,0.854070660522273,0.857805255023184,0.10641627543036,0.105828220858896,0.996978851963746,0.912974683544304,0.92259083728278,0.988853503184713,0.996870109546166,0.0946564885496183,0.859327217125382,0.109375,0.996850393700787,0.0989010989010989,0.11864406779661,0.998425196850394,0.95968992248062,0.106084243369735,0.982731554160126,0.336990595611285,0.921996879875195,0.998444790046656,0.105100463678516,0.102040816326531,0.97196261682243,0.996923076923077,0.996996996996997,0.0933125972006221,0.111635220125786,0.996951219512195,0.998417721518987,0.998402555910543,0.106153846153846,0.996894409937888,0.097331240188383,0.118483412322275,0.525114155251142,0.996923076923077,0.831562974203338,0.862121212121212,0.0936507936507937,0.90809968847352,0.408805031446541,0.896284829721362,0.111290322580645,0.36150234741784,0.0982839313572543,0.996850393700787,0.996894409937888,0.146379044684129,0.108108108108108,0.180030257186082,0.998463901689708,0.996937212863706,0.402157164869029,0.998389694041868,0.914149443561208,1,0.0990712074303406,0.0850077279752705,0.123647604327666,0.550239234449761,0.103125,0.990712074303406,0.101226993865031,0.114977307110439,0.0982839313572543,0.362068965517241,1,0.900621118012422,0.998447204968944,0.133942161339422,0.1234375,0.350453172205438,0.996860282574568,0.996913580246914,0.990384615384615,0.405775075987842,0.996918335901387,0.378419452887538,0.133748055987558,0.102643856920684,0.354984894259819,0.976923076923077,0.0987460815047022,0.284839203675345,0.947286821705426,0.102362204724409,0.100478468899522,0.974842767295597,0.885350318471338,0.925869894099849,0.0945945945945946,0.998447204968944,0.112951807228916,0.998470948012232,0.865740740740741,0.998442367601246,0.10260336906585,0.836671802773498,0.116923076923077,0.998442367601246,0.103125,0.0987261146496815,0.996965098634294,0.985668789808917
"208",0.186009538950715,0.192063492063492,0.191455696202532,0.183574879227053,0,0,0,0,0,0,0,0,0,0,0,0,0,0,0,0,0,0,0,0,0,0,0,0,0,0,0,0,0,0,0,0,0,0,0,0,0,0,0,0,0,0,0,0.191950464396285,0.195924764890282,0.19281045751634,0.187396351575456,0,0.00316455696202532,0,0,0,0,0,0,0,0,0,0,0,0,0,0,0,0,0,0,0,0,0,0,0,0,0,0,0,0,0,0,0,0,0,0,0,0,0,0,0,0,0,0,0,0.202830188679245,0.940532081377152,0.901116427432217,0.890879478827362,0.896166134185304,0.290113452188006,0.20253164556962,0.1904,0.958860759493671,0.296466973886329,0.8859375,0.883116883116883,0.431561996779388,0.432475884244373,0.192,0.759433962264151,0.880434782608696,0.888712241653418,0.92332268370607,0.192368839427663,0.201550387596899,0.888364779874214,0.8107202680067,0.189233278955954,0.905996758508914,0.197767145135566,0.888888888888889,0.20495867768595,0.906349206349206,1,0.894573643410853,0.201298701298701,0.894488188976378,0.833850931677019,0.203947368421053,0.8234375,0.276190476190476,0.885579937304075,0.198067632850242,0.881789137380192,0.897798742138365,0.292452830188679,0.842443729903537,0.996726677577741,0.183835182250396,0.194312796208531,0.893846153846154,0.905996758508914,0.982343499197432,0.889967637540453,0.880913539967374,0.18025078369906,0.81259842519685,0.198412698412698,0.87987012987013,0.192616372391653,0.206572769953052,0.894991922455573,0.934504792332268,0.200647249190939,0.898412698412698,0.387820512820513,0.944444444444444,0.89589905362776,0.195859872611465,0.212460063897764,0.883683360258481,0.905901116427432,0.884375,0.189490445859873,0.207578253706755,0.893819334389857,0.891547049441786,0.89792663476874,0.196513470681458,0.891547049441786,0.193861066235864,0.2032,0.589861751152074,0.891509433962264,0.79320987654321,0.865740740740741,0.196774193548387,0.880837359098229,0.442307692307692,0.889763779527559,0.199341021416804,0.401273885350318,0.195161290322581,0.876823338735819,0.892282958199357,0.229199372056515,0.19634703196347,0.26,0.894321766561514,0.889589905362776,0.434083601286174,0.893092105263158,0.9872,0.9,0.2016,0.191153238546603,0.211446740858506,0.617263843648209,0.199367088607595,0.899686520376176,0.184126984126984,0.205607476635514,0.204113924050633,0.400326797385621,0.900621118012422,1,0.885668276972625,0.209048361934477,0.205246913580247,0.410852713178295,0.888535031847134,0.899212598425197,0.898527004909984,0.44794952681388,0.880952380952381,0.432,0.216772151898734,0.193650793650794,0.4,0.892690513219285,0.190016103059581,0.373660030627871,0.869774919614148,0.188498402555911,0.20259319286872,0.884244372990354,0.844517184942717,0.896062992125984,0.195348837209302,0.899053627760252,0.199687987519501,0.883572567783094,0.848966613672496,0.894154818325434,0.186795491143317,0.831496062992126,0.20253164556962,0.89297124600639,0.192982456140351,0.181518151815182,0.879499217527387,0.906300484652666
"209",0.0916271721958926,0.0928,0.0901898734177215,0.0817307692307692,0,0,0,0,0,0,0,0,0,0,0,0,0,0,0,0,0,0,0,0,0,0,0,0,0,0,0,0,0,0,0,0,0,0,0,0,0,0,0,0,0,0,0,0.0876923076923077,0.0992248062015504,0.0912,0.0958466453674121,0,0.00474683544303797,0.00157232704402516,0,0,0,0,0,0,0,0,0,0,0,0,0,0,0,0,0,0,0,0,0,0,0,0,0,0,0,0,0,0,0,0,0,0,0,0,0,0,0,0,0,0,0.0945736434108527,0.914503816793893,0.996845425867508,1,0.998412698412698,0.191318327974277,0.10459587955626,0.0993589743589744,0.933438985736926,0.206521739130435,0.998454404945904,0.955056179775281,0.334935897435897,0.372357723577236,0.0899053627760252,0.785060975609756,1,0.960753532182104,0.965625,0.0995260663507109,0.102201257861635,1,0.833610648918469,0.102106969205835,0.998407643312102,0.096875,1,0.103059581320451,0.982892690513219,0.901771336553945,0.996894409937888,0.0753205128205128,0.990654205607477,0.868098159509202,0.105095541401274,0.814984709480122,0.1828125,1,0.0920840064620355,1,0.926791277258567,0.199372056514914,0.8296875,0.834130781499203,0.0979462875197472,0.0967741935483871,1,0.892332789559543,0.91025641025641,0.990476190476191,1,0.0914728682170543,0.854489164086687,0.105263157894737,1,0.0893141945773525,0.109907120743034,0.998394863563403,0.946957878315133,0.101088646967341,0.985507246376812,0.323717948717949,0.911949685534591,0.998439937597504,0.0981308411214953,0.0947867298578199,0.962025316455696,1,1,0.0897637795275591,0.106518282988871,1,1,0.996805111821086,0.096875,1,0.0868878357030016,0.107843137254902,0.50390015600624,1,0.816074188562597,0.834355828220859,0.0884676145339652,0.887658227848101,0.400958466453674,0.883359253499222,0.0945273631840796,0.348982785602504,0.0947204968944099,1,1,0.134375,0.10260336906585,0.167682926829268,1,1,0.384976525821596,1,0.898222940226171,1,0.0857605177993527,0.08,0.112519809825674,0.53968253968254,0.0916149068322981,0.987301587301587,0.0951638065522621,0.104615384615385,0.0896,0.352180936995153,0.998447204968944,0.885668276972625,1,0.124610591900312,0.120879120879121,0.339969372128637,1,0.998427672955975,0.985365853658537,0.38801261829653,0.998435054773083,0.378335949764521,0.126348228043143,0.0964230171073095,0.341013824884793,0.964006259780908,0.0878594249201278,0.257668711656442,0.923556942277691,0.0937996820349762,0.0988654781199352,0.959871589085072,0.86709886547812,0.910658307210031,0.0848484848484849,1,0.100308641975309,1,0.841940532081377,0.996865203761755,0.0976377952755905,0.809968847352025,0.110223642172524,0.998432601880878,0.0920436817472699,0.0944,1,0.982343499197432
"210",0.978494623655914,0.98,0.980030721966206,0.975,0,0,0,0,0,0,0,0,0,0,0,0,0,0,0,0,0,0,0,0,0,0,0,0,0,0,0,0,0,0,0,0,0,0,0,0,0,0,0,0,0,0,0,0.974358974358974,0.977238239757208,0.982371794871795,0.978294573643411,0,0,0,0,0,0,0,0,0,0,0,0,0,0,0,0,0,0,0,0,0,0,0,0,0,0,0,0,0,0,0,0,0,0,0,0,0,0,0,0,0,0,0,0,0,0.975794251134644,0.213855421686747,0.125948406676783,0.121069182389937,0.120184899845917,0.913928012519562,0.973846153846154,0.979750778816199,0.194744976816074,0.902255639097744,0.133535660091047,0.171875,0.795031055900621,0.737756714060032,0.976599063962558,0.348228043143297,0.120743034055728,0.168437025796662,0.161240310077519,0.978560490045942,0.979938271604938,0.127692307692308,0.300324675324675,0.975,0.128980891719745,0.97593984962406,0.131493506493506,0.976076555023923,0.143076923076923,0.207874015748031,0.124809741248097,0.979655712050078,0.123853211009174,0.262121212121212,0.967084639498433,0.318318318318318,0.921296296296296,0.124624624624625,0.982539682539682,0.113884555382215,0.200607902735562,0.910769230769231,0.290715372907154,0.279365079365079,0.978193146417445,0.981651376146789,0.118694362017804,0.231746031746032,0.219435736677116,0.137876386687797,0.141304347826087,0.977099236641221,0.295107033639144,0.972049689440994,0.119122257053292,0.982731554160126,0.975609756097561,0.130503144654088,0.176651305683564,0.978428351309707,0.134585289514867,0.7765625,0.216589861751152,0.117465224111283,0.979750778816199,0.973846153846154,0.167721518987342,0.130168453292496,0.126696832579186,0.977029096477795,0.971830985915493,0.116666666666667,0.120253164556962,0.131329113924051,0.978227060653188,0.122137404580153,0.979623824451411,0.978090766823161,0.651515151515151,0.114678899082569,0.321646341463415,0.288690476190476,0.978056426332288,0.239263803680982,0.7328125,0.247720364741641,0.977848101265823,0.76138147566719,0.982919254658385,0.124416796267496,0.122291021671827,0.955246913580247,0.978915662650602,0.931818181818182,0.117283950617284,0.127329192546584,0.737909516380655,0.119617224880383,0.214849921011058,0.126911314984709,0.975384615384615,0.975232198142415,0.968895800933126,0.559055118110236,0.976635514018692,0.133540372670807,0.976993865030675,0.972602739726027,0.975039001560062,0.773082942097027,0.133942161339422,0.209048361934477,0.124610591900312,1,1,0.788605697151424,0.123456790123457,0.119010819165379,0.136217948717949,0.732928679817906,0.123076923076923,0.745426829268293,0.967492260061919,0.973724884080371,0.772455089820359,0.165137614678899,0.976303317535545,0.851351351351351,0.19969040247678,0.973724884080371,0.977883096366509,0.169278996865204,0.266773162939297,0.204301075268817,0.980421686746988,0.118181818181818,0.975903614457831,0.12111801242236,0.285714285714286,0.132307692307692,0.976993865030675,0.322033898305085,0.975039001560062,0.131699846860643,0.978260869565217,0.974481658692185,0.124042879019908,0.135860979462875
"211",0.973643410852713,0.976415094339623,0.974723538704581,0.969889064976228,0,0,0,0,0,0,0,0,0,0,0,0,0,0,0,0,0,0,0,0,0,0,0,0,0,0,0,0,0,0,0,0,0,0,0,0,0,0,0,0,0,0,0,0.969278033794163,0.972519083969466,0.980676328502415,0.972624798711755,0,0,0,0,0,0,0,0,0,0,0,0,0,0,0,0,0,0,0,0,0,0,0,0,0,0,0,0,0,0,0,0,0,0,0,0,0,0,0,0,0,0,0,0,0,0.97239263803681,0.212669683257919,0.123244929797192,0.12258064516129,0.118296529968454,0.899841017488076,0.971653543307087,0.977848101265823,0.188473520249221,0.901234567901235,0.126911314984709,0.162162162162162,0.785714285714286,0.754385964912281,0.972006220839813,0.34585289514867,0.112852664576803,0.157076205287714,0.161490683229814,0.973354231974922,0.979969183359014,0.122861586314152,0.284757118927973,0.972843450479233,0.122611464968153,0.970172684458399,0.130081300813008,0.97275641025641,0.139937106918239,0.204838709677419,0.118012422360248,0.977707006369427,0.12597200622084,0.257318952234206,0.966292134831461,0.309815950920245,0.964396284829721,0.121725731895223,0.977455716586151,0.11128526645768,0.196946564885496,0.948275862068966,0.28169014084507,0.270866141732283,0.975155279503106,0.979782270606532,0.120795107033639,0.220967741935484,0.214626391096979,0.131832797427653,0.133228840125392,0.973765432098765,0.276073619631902,0.971653543307087,0.115569823434992,0.979365079365079,0.973478939157566,0.121259842519685,0.163833075734158,0.973312401883831,0.135725429017161,0.776729559748428,0.220447284345048,0.121451104100946,0.975116640746501,0.970031545741325,0.15625,0.128125,0.125567322239032,0.97339593114241,0.96969696969697,0.113496932515337,0.12540192926045,0.126782884310618,0.973312401883831,0.1203125,0.975922953451043,0.976,0.627725856697819,0.122448979591837,0.313455657492355,0.291350531107739,0.974358974358974,0.245641838351823,0.737678855325914,0.236391912908243,0.972447325769854,0.769953051643192,0.977848101265823,0.130365659777424,0.12480252764613,0.967340590979782,0.97583081570997,0.966205837173579,0.1203125,0.124018838304553,0.742990654205608,0.113486842105263,0.215780998389694,0.125382262996942,0.96998420221169,0.971786833855799,0.963722397476341,0.552504038772213,0.97239263803681,0.131746031746032,0.971875,0.966049382716049,0.970031545741325,0.778501628664495,0.1234375,0.205246913580247,0.120879120879121,1,1,0.878461538461539,0.120253164556962,0.11937984496124,0.133440514469453,0.748031496062992,0.118483412322275,0.752321981424149,0.964230171073095,0.970358814352574,0.780821917808219,0.152905198776758,0.972886762360447,0.842987804878049,0.198412698412698,0.968404423380727,0.97456279809221,0.159489633173844,0.254045307443366,0.198449612403101,0.978294573643411,0.1201248049922,0.972932330827068,0.127725856697819,0.273449920508744,0.126348228043143,0.97196261682243,0.315372424722662,0.971653543307087,0.12755905511811,0.975308641975309,0.9728,0.120743034055728,0.1376
"212",0.774343122102009,0.778979907264297,0.78234398782344,0.789638932496075,0,0,0,0,0,0,0,0,0,0,0,0,0,0,0,0,0,0,0,0,0,0,0,0,0,0,0,0,0,0,0,0,0,0,0,0,0,0,0,0,0,0,0,0.784638554216867,0.768768768768769,0.797147385103011,0.761006289308176,0,0.00309597523219814,0.00155038759689922,0,0,0,0,0,0,0,0,0,0,0,0,0,0,0,0,0,0,0,0,0,0,0,0,0,0,0,0,0,0,0,0,0,0,0,0,0,0,0,0,0,0,0.773899848254932,0.417168674698795,0.334876543209877,0.345541401273885,0.341194968553459,0.742635658914729,0.782407407407407,0.7765625,0.409861325115562,0.747761194029851,0.334814814814815,0.374213836477987,0.706336939721793,0.702194357366771,0.779816513761468,0.489296636085627,0.334355828220859,0.371212121212121,0.372488408037094,0.766153846153846,0.799694189602447,0.330769230769231,0.437194127243067,0.779365079365079,0.353488372093023,0.785498489425982,0.336507936507937,0.771293375394322,0.359133126934985,0.433489827856025,0.339939024390244,0.782472613458529,0.355283307810107,0.421450151057402,0.775193798449612,0.505263157894737,0.846737481031866,0.340840840840841,0.772012578616352,0.319875776397516,0.377073906485671,0.828483920367534,0.483128834355828,0.469767441860465,0.766975308641975,0.802731411229135,0.342771982116244,0.468152866242038,0.432646592709984,0.338557993730408,0.345736434108527,0.775075987841945,0.444610778443114,0.770416024653313,0.323943661971831,0.780373831775701,0.782874617737003,0.335403726708075,0.379727685325265,0.770516717325228,0.358461538461538,0.697247706422018,0.437403400309119,0.344236760124611,0.784615384615385,0.787925696594427,0.370820668693009,0.34375,0.341829085457271,0.772727272727273,0.773584905660377,0.327160493827161,0.331775700934579,0.337007874015748,0.775193798449612,0.338414634146341,0.773993808049536,0.783410138248848,0.657142857142857,0.338461538461538,0.462574850299401,0.475555555555556,0.749611197511664,0.451162790697674,0.698907956318253,0.426626323751891,0.780096308186196,0.708527131782946,0.77639751552795,0.337423312883436,0.339421613394216,0.801223241590214,0.778434268833087,0.831578947368421,0.339969372128637,0.350308641975309,0.695121951219512,0.3278955954323,0.4453125,0.337837837837838,0.774193548387097,0.764437689969605,0.773846153846154,0.596273291925466,0.794478527607362,0.340458015267176,0.770290964777948,0.770491803278688,0.777258566978193,0.709779179810726,0.350453172205438,0.410852713178295,0.339969372128637,0.788605697151424,0.878461538461539,1,0.336906584992343,0.326120556414219,0.340255591054313,0.697108066971081,0.332824427480916,0.702865761689291,0.776073619631902,0.769470404984424,0.695976154992548,0.360482654600302,0.776049766718507,0.744394618834081,0.395993836671803,0.78494623655914,0.76661514683153,0.35625,0.419457735247209,0.394894894894895,0.769230769230769,0.340909090909091,0.772455089820359,0.346625766871166,0.494590417310665,0.343122102009274,0.766871165644172,0.509230769230769,0.772307692307692,0.339506172839506,0.766768292682927,0.767295597484277,0.340675477239354,0.353503184713376
"213",0.0867507886435331,0.089644513137558,0.0858034321372855,0.0842607313195548,0,0,0,0,0,0,0,0,0,0,0,0,0,0,0,0,0,0,0,0,0,0,0,0,0,0,0,0,0,0,0,0,0,0,0,0,0,0,0,0,0,0,0,0.0853658536585366,0.089644513137558,0.0943089430894309,0.0896,0,0.00314465408805031,0.00158730158730159,0,0,0,0,0,0,0,0,0,0,0,0,0,0,0,0,0,0,0,0,0,0,0,0,0,0,0,0,0,0,0,0,0,0,0,0,0,0,0,0,0,0,0.0968229954614221,0.912977099236641,0.996830427892235,1,0.998417721518987,0.188976377952756,0.105678233438486,0.0968253968253968,0.933333333333333,0.195121951219512,0.998468606431853,0.956451612903226,0.31378763866878,0.3584,0.0892307692307692,0.778125,1,0.963020030816641,0.971291866028708,0.0985915492957746,0.103448275862069,1,0.842276422764228,0.100638977635783,0.998425196850394,0.0944272445820433,1,0.094488188976378,0.984399375975039,0.904610492845787,0.995426829268293,0.0855365474339036,0.990668740279938,0.871016691957511,0.102362204724409,0.814759036144578,0.189147286821705,1,0.088,1,0.93161094224924,0.204081632653061,0.828393135725429,0.84384858044164,0.0970266040688576,0.09375,1,0.902800658978583,0.908517350157729,0.990415335463259,1,0.0895061728395062,0.859327217125382,0.102167182662539,1,0.0919175911251981,0.102918586789555,0.998384491114701,0.951638065522621,0.0976744186046512,0.985645933014354,0.310236220472441,0.915625,0.998442367601246,0.0927672955974843,0.097331240188383,0.965732087227414,1,1,0.0875,0.106451612903226,1,1,0.996820349761526,0.0966257668711656,1,0.0943396226415094,0.106583072100313,0.510769230769231,1,0.824345146379045,0.834597875569044,0.0873015873015873,0.8828125,0.389857369255151,0.888372093023256,0.0935483870967742,0.342146189735614,0.0917721518987342,1,1,0.14375,0.0974124809741248,0.170245398773006,1,1,0.374213836477987,1,0.906050955414013,1,0.0936507936507937,0.083969465648855,0.109717868338558,0.5484375,0.0943396226415094,0.986024844720497,0.0862068965517241,0.10355486862442,0.0859375,0.3424,0.996860282574568,0.888535031847134,1,0.123456790123457,0.120253164556962,0.336906584992343,1,0.998425196850394,0.986906710310966,0.381538461538462,0.998470948012232,0.367851622874807,0.118827160493827,0.0948678071539658,0.328220858895706,0.9629057187017,0.0927672955974843,0.252663622526636,0.925465838509317,0.0933125972006221,0.0876369327073552,0.961904761904762,0.863636363636364,0.916923076923077,0.0845921450151057,1,0.0963855421686747,1,0.851162790697674,0.996865203761755,0.0877742946708464,0.810852713178295,0.108832807570978,0.998475609756098,0.0913385826771654,0.092948717948718,1,0.988727858293076
"214",0.0914728682170543,0.0916271721958926,0.0855784469096672,0.0839936608557845,0,0,0,0,0,0,0,0,0,0,0,0,0,0,0,0,0,0,0,0,0,0,0,0,0,0,0,0,0,0,0,0,0,0,0,0,0,0,0,0,0,0,0,0.0877458396369138,0.0918836140888208,0.0882825040128411,0.0903328050713154,0,0.00471698113207547,0.00160513643659711,0,0,0,0,0,0,0,0,0,0,0,0,0,0,0,0,0,0,0,0,0,0,0,0,0,0,0,0,0,0,0,0,0,0,0,0,0,0,0,0,0,0,0.0920245398773006,0.917177914110429,0.995290423861852,0.9984,1,0.195548489666137,0.103875968992248,0.0981012658227848,0.944444444444444,0.207109737248841,0.998475609756098,0.958664546899841,0.349282296650718,0.364779874213836,0.0939907550077042,0.777604976671851,0.998466257668712,0.962441314553991,0.968354430379747,0.0953846153846154,0.0973724884080371,0.998432601880878,0.833333333333333,0.0964630225080386,0.996860282574568,0.0975609756097561,0.998384491114701,0.0993589743589744,0.982866043613707,0.909090909090909,0.996932515337423,0.0837359098228663,0.987786259541985,0.87789799072643,0.0979462875197472,0.817073170731707,0.189735614307932,0.998463901689708,0.0888888888888889,0.998449612403101,0.932824427480916,0.207488299531981,0.839009287925697,0.85781990521327,0.0970266040688576,0.0900763358778626,0.998484848484849,0.903691813804173,0.917721518987342,0.990476190476191,0.998422712933754,0.0933125972006221,0.85099846390169,0.0990566037735849,0.998410174880763,0.0890625,0.103715170278638,1,0.952160493827161,0.100470957613815,0.984126984126984,0.319422150882825,0.906940063091483,1,0.100787401574803,0.0984375,0.963665086887836,0.998449612403101,0.998470948012232,0.0839936608557845,0.104928457869634,0.998461538461539,0.998407643312102,0.9952,0.094488188976378,0.998430141287284,0.0893141945773525,0.105095541401274,0.528505392912173,0.998454404945904,0.81570996978852,0.841221374045802,0.0887480190174326,0.88801261829653,0.381180223285486,0.889751552795031,0.0903225806451613,0.342857142857143,0.0830670926517572,0.998425196850394,0.998449612403101,0.132192846034215,0.0957446808510638,0.177914110429448,0.998463901689708,0.998442367601246,0.378504672897196,0.998360655737705,0.913461538461538,0.998489425981873,0.0887480190174326,0.0839813374805599,0.105263157894737,0.554848966613672,0.0938967136150235,0.984496124031008,0.089622641509434,0.101246105919003,0.0897637795275591,0.344551282051282,0.996913580246914,0.899212598425197,0.998427672955975,0.119010819165379,0.11937984496124,0.326120556414219,0.998425196850394,1,0.988562091503268,0.385093167701863,1,0.369565217391304,0.119751166407465,0.0932069510268562,0.32824427480916,0.9640625,0.087719298245614,0.273413897280967,0.927672955974843,0.0938967136150235,0.0897435897435897,0.96031746031746,0.861337683523654,0.915254237288136,0.0898021308980213,0.998452012383901,0.100151745068285,1,0.851330203442879,0.998439937597504,0.0956112852664577,0.820872274143302,0.110584518167457,1,0.0892018779342723,0.0869565217391304,0.998456790123457,0.984076433121019
"215",0.102773246329527,0.105519480519481,0.099025974025974,0.0927152317880795,0,0,0,0,0,0,0,0,0,0,0,0,0,0,0,0,0,0,0,0,0,0,0,0,0,0,0,0,0,0,0,0,0,0,0,0,0,0,0,0,0,0,0,0.10126582278481,0.107765451664025,0.10655737704918,0.107794361525705,0,0.00323101777059774,0,0,0,0,0,0,0,0,0,0,0,0,0,0,0,0,0,0,0,0,0,0,0,0,0,0,0,0,0,0,0,0,0,0,0,0,0,0,0,0,0,0,0,0.113085621970921,0.916666666666667,0.990291262135922,0.985148514851485,0.988505747126437,0.210180623973727,0.114942528735632,0.110569105691057,0.947967479674797,0.209048361934477,0.989045383411581,0.981937602627258,0.333333333333333,0.352459016393443,0.0986842105263158,0.784,0.983948635634029,0.980676328502415,0.975247524752475,0.101941747572816,0.114192495921697,0.985530546623794,0.84406779661017,0.120717781402936,0.991803278688525,0.111464968152866,0.983193277310924,0.116086235489221,0.985436893203884,0.91304347826087,0.993548387096774,0.0942148760330579,0.987158908507223,0.8912,0.122314049586777,0.832288401253918,0.207336523125997,0.985826771653543,0.107023411371237,0.986842105263158,0.935023771790808,0.220421393841167,0.854864433811802,0.860426929392447,0.111470113085622,0.110576923076923,0.984423676012461,0.910743801652893,0.919407894736842,0.980099502487562,0.988636363636364,0.101587301587302,0.859177215189873,0.118892508143322,0.983579638752053,0.104234527687296,0.121835443037975,0.98531810766721,0.957585644371941,0.107667210440457,0.99009900990099,0.314845024469821,0.925324675324675,0.987012987012987,0.113821138211382,0.10983606557377,0.987096774193548,0.985270049099836,0.984152139461173,0.104575163398693,0.120200333889816,0.988691437802908,0.985245901639344,0.988543371522095,0.105610561056106,0.9872,0.107843137254902,0.120717781402936,0.521943573667712,0.9872,0.827258320126783,0.86053882725832,0.102693602693603,0.913398692810457,0.372549019607843,0.889789303079417,0.107202680067002,0.33387358184765,0.105691056910569,0.987012987012987,0.985507246376812,0.151960784313725,0.107424960505529,0.184713375796178,0.986991869918699,0.987034035656402,0.362179487179487,0.989864864864865,0.913764510779436,0.985804416403785,0.108239095315024,0.0951612903225806,0.125205930807249,0.5625,0.108552631578947,0.982084690553746,0.0964630225080386,0.117460317460317,0.107317073170732,0.316309719934102,0.990384615384615,0.898527004909984,0.985365853658537,0.136217948717949,0.133440514469453,0.340255591054313,0.986906710310966,0.988562091503268,1,0.363492063492063,0.98538961038961,0.348171701112878,0.135265700483092,0.111111111111111,0.328682170542636,0.987117552334944,0.099025974025974,0.276827371695179,0.954323001631321,0.106969205834684,0.10655737704918,0.983660130718954,0.871666666666667,0.921824104234528,0.0952380952380952,0.983870967741935,0.115323854660348,0.988835725677831,0.869009584664537,0.990306946688207,0.113452188006483,0.844051446945338,0.129807692307692,0.988745980707395,0.110932475884244,0.110016420361248,0.984051036682616,0.98993288590604
"216",0.722308892355694,0.722650231124807,0.727554179566563,0.704581358609795,0,0,0,0,0,0,0,0,0,0,0,0,0,0,0,0,0,0,0,0,0,0,0,0,0,0,0,0,0,0,0,0,0,0,0,0,0,0,0,0,0,0,0,0.715994020926756,0.723146747352496,0.719354838709677,0.730586370839937,0,0.00155763239875389,0.00156494522691706,0,0,0,0,0,0,0,0,0,0,0,0,0,0,0,0,0,0,0,0,0,0,0,0,0,0,0,0,0,0,0,0,0,0,0,0,0,0,0,0,0,0,0.717325227963526,0.454545454545455,0.383540372670807,0.383886255924171,0.395604395604396,0.752365930599369,0.726851851851852,0.724727838258165,0.446009389671362,0.776934749620637,0.402420574886536,0.410377358490566,0.7625,1,0.716279069767442,0.642857142857143,0.370199692780338,0.429017160686427,0.395962732919255,0.728395061728395,0.732919254658385,0.383177570093458,0.568333333333333,0.717460317460317,0.386435331230284,0.726006191950464,0.386991869918699,0.718196457326892,0.402225755166932,0.453821656050955,0.378048780487805,0.725,0.395993836671803,0.531393568147014,0.721183800623053,0.515060240963855,0.751962323390895,0.386018237082067,0.731629392971246,0.379527559055118,0.441896024464832,0.736024844720497,0.508474576271186,0.488188976377953,0.724505327245053,0.724505327245053,0.399399399399399,0.485530546623794,0.456418383518225,0.414442700156986,0.38740157480315,0.728395061728395,0.558461538461538,0.705607476635514,0.365814696485623,0.725705329153605,0.723404255319149,0.374009508716323,0.4375,0.733017377567141,0.386895475819033,0.998410174880763,0.467592592592593,0.39652448657188,0.720565149136578,0.700934579439252,0.424336973478939,0.383540372670807,0.389312977099237,0.719047619047619,0.714511041009464,0.380216383307573,0.370429252782194,0.395931142410016,0.70735524256651,0.386996904024768,0.72397476340694,0.735433070866142,0.634969325153374,0.393939393939394,0.574045801526718,0.514200298953662,0.707006369426752,0.467084639498433,0.998407643312102,0.533026113671275,0.715210355987055,0.995348837209302,0.728706624605678,0.391849529780564,0.376344086021505,0.740625,0.730941704035874,0.73030303030303,0.393798449612403,0.390505359877489,1,0.385245901639344,0.455555555555556,0.394777265745008,0.725856697819315,0.714728682170543,0.751181102362205,0.566455696202532,0.722570532915361,0.386398763523957,0.726989079563182,0.739263803680982,0.731132075471698,1,0.405775075987842,0.44794952681388,0.38801261829653,0.732928679817906,0.748031496062992,0.697108066971081,0.381538461538462,0.385093167701863,0.363492063492063,1,0.391236306729264,1,0.779503105590062,0.717391304347826,0.978755690440061,0.427272727272727,0.71606864274571,0.795731707317073,0.46656298600311,0.715396578538103,0.75,0.410742496050553,0.50561797752809,0.46417445482866,0.714499252615845,0.378086419753086,0.714501510574018,0.380216383307573,0.496913580246914,0.390625,0.719814241486068,0.52,0.7515625,0.385321100917431,0.724458204334365,0.722488038277512,0.385208012326656,0.393650793650794
"217",0.0832025117739403,0.0960629921259843,0.0868217054263566,0.0771653543307087,0,0,0,0,0,0,0,0,0,0,0,0,0,0,0,0,0,0,0,0,0,0,0,0,0,0,0,0,0,0,0,0,0,0,0,0,0,0,0,0,0,0,0,0.0833333333333333,0.0966257668711656,0.0966719492868463,0.0904761904761905,0,0.0046656298600311,0.00156494522691706,0,0,0,0,0,0,0,0,0,0,0,0,0,0,0,0,0,0,0,0,0,0,0,0,0,0,0,0,0,0,0,0,0,0,0,0,0,0,0,0,0,0,0.0966257668711656,0.916286149162861,0.993670886075949,0.998412698412698,1,0.180379746835443,0.104524180967239,0.0930599369085174,0.934782608695652,0.197568389057751,0.998468606431853,0.964686998394864,0.322784810126582,0.378980891719745,0.0899390243902439,0.785714285714286,0.998480243161094,0.967391304347826,0.963375796178344,0.101071975497703,0.10126582278481,0.998439937597504,0.837704918032787,0.100961538461538,0.996820349761526,0.0942812982998454,0.998376623376623,0.0961538461538462,0.981481481481482,0.899038461538462,0.996937212863706,0.0832025117739403,0.989230769230769,0.881638846737481,0.102201257861635,0.815151515151515,0.196594427244582,0.998475609756098,0.0920634920634921,0.998447204968944,0.92802450229709,0.214285714285714,0.832558139534884,0.834645669291339,0.0928792569659443,0.0972222222222222,0.998507462686567,0.897271268057785,0.9078125,0.990430622009569,0.998432601880878,0.087962962962963,0.85145482388974,0.0976377952755905,0.998402555910543,0.0881889763779528,0.105100463678516,1,0.949464012251149,0.0932069510268562,0.982649842271293,0.332298136645963,0.910094637223975,1,0.09375,0.0944272445820433,0.962732919254658,0.998463901689708,0.998487140695915,0.0808709175738725,0.10031847133758,0.998456790123457,0.998405103668262,0.995207667731629,0.0920436817472699,0.998473282442748,0.0932069510268562,0.107086614173228,0.515197568389058,0.998439937597504,0.817905918057663,0.829528158295282,0.0887480190174326,0.882260596546311,0.384735202492212,0.881804043545879,0.089171974522293,0.353218210361067,0.080952380952381,0.998430141287284,0.998417721518987,0.141304347826087,0.095166163141994,0.170953101361573,0.998452012383901,0.998439937597504,0.38390092879257,0.998381877022654,0.904088050314465,0.998480243161094,0.0883720930232558,0.0793893129770992,0.107644305772231,0.559748427672956,0.09375,0.986175115207373,0.0841121495327103,0.0946564885496183,0.0882352941176471,0.349358974358974,0.996918335901387,0.880952380952381,0.998435054773083,0.123076923076923,0.118483412322275,0.332824427480916,0.998470948012232,1,0.98538961038961,0.391236306729264,1,0.371517027863777,0.120743034055728,0.088785046728972,0.348348348348348,0.970588235294118,0.0884676145339652,0.257186081694402,0.932917316692668,0.0893416927899686,0.0853462157809984,0.96551724137931,0.863563402889246,0.910769230769231,0.088145896656535,0.998470948012232,0.0936555891238671,1,0.8453125,0.998442367601246,0.0903426791277259,0.811437403400309,0.108490566037736,1,0.0938967136150235,0.0870967741935484,0.998456790123457,0.982371794871795
"218",0.727975270479134,0.728971962616822,0.736434108527132,0.71606864274571,0,0,0,0,0,0,0,0,0,0,0,0,0,0,0,0,0,0,0,0,0,0,0,0,0,0,0,0,0,0,0,0,0,0,0,0,0,0,0,0,0,0,0,0.71969696969697,0.728658536585366,0.724683544303797,0.735433070866142,0,0.00156494522691706,0.00153846153846154,0,0,0,0,0,0,0,0,0,0,0,0,0,0,0,0,0,0,0,0,0,0,0,0,0,0,0,0,0,0,0,0,0,0,0,0,0,0,0,0,0,0,0.720858895705521,0.448736998514116,0.377742946708464,0.374414976599064,0.38871473354232,0.747603833865815,0.728395061728395,0.729393468118196,0.432348367029549,0.784638554216867,0.381679389312977,0.396196513470681,0.767441860465116,1,0.720858895705521,0.621004566210046,0.36030534351145,0.422087745839637,0.387596899224806,0.729071537290715,0.745762711864407,0.36979969183359,0.557723577235772,0.719936708860759,0.383647798742138,0.730827067669173,0.382495948136143,0.729133858267716,0.387247278382582,0.4484375,0.371775417298938,0.726844583987441,0.385321100917431,0.514285714285714,0.71608832807571,0.498507462686567,0.751166407465008,0.38391502276176,0.736089030206677,0.363076923076923,0.430930930930931,0.745788667687596,0.482442748091603,0.48125,0.72884012539185,0.735159817351598,0.382440476190476,0.467817896389325,0.444444444444444,0.399678972712681,0.380655226209048,0.73159509202454,0.537764350453172,0.704510108864697,0.351014040561622,0.728125,0.726993865030675,0.368012422360248,0.427480916030534,0.726429675425039,0.382581648522551,1,0.465437788018433,0.390432098765432,0.721792890262751,0.703245749613601,0.411214953271028,0.374608150470219,0.368421052631579,0.730529595015576,0.718110236220472,0.370769230769231,0.360374414976599,0.39622641509434,0.711598746081505,0.363354037267081,0.730529595015576,0.731132075471698,0.653846153846154,0.391304347826087,0.560606060606061,0.49478390461997,0.70846394984326,0.465189873417722,0.998417721518987,0.523148148148148,0.717741935483871,0.99537037037037,0.73094867807154,0.381761978361669,0.368501529051988,0.746543778801843,0.728358208955224,0.745454545454545,0.372163388804841,0.376160990712074,1,0.364069952305246,0.452119309262166,0.386466165413534,0.736923076923077,0.725460122699387,0.753894080996885,0.5640625,0.719814241486068,0.373860182370821,0.733024691358025,0.745068285280728,0.737909516380655,1,0.378419452887538,0.432,0.378335949764521,0.745426829268293,0.752321981424149,0.702865761689291,0.367851622874807,0.369565217391304,0.348171701112878,1,0.371517027863777,1,0.78003120124805,0.72386895475819,0.98036253776435,0.415644171779141,0.730109204368175,0.8003003003003,0.451010886469673,0.715625,0.754019292604502,0.397174254317111,0.49597423510467,0.445131375579598,0.723467862481315,0.371559633027523,0.720121028744327,0.379573170731707,0.474654377880184,0.370942812982998,0.726574500768049,0.496124031007752,0.762052877138414,0.380880121396055,0.728943338437979,0.721780604133545,0.376506024096386,0.377179080824089
"219",0.975077881619938,0.978090766823161,0.971698113207547,0.977707006369427,0,0,0,0,0,0,0,0,0,0,0,0,0,0,0,0,0,0,0,0,0,0,0,0,0,0,0,0,0,0,0,0,0,0,0,0,0,0,0,0,0,0,0,0.975535168195719,0.974006116207951,0.974068071312804,0.976415094339623,0,0,0,0,0,0,0,0,0,0,0,0,0,0,0,0,0,0,0,0,0,0,0,0,0,0,0,0,0,0,0,0,0,0,0,0,0,0,0,0,0,0,0,0,0,0.976744186046512,0.216666666666667,0.133437990580848,0.118022328548644,0.114599686028257,0.907790143084261,0.976340694006309,0.979166666666667,0.186520376175549,0.92412746585736,0.138508371385084,0.177215189873418,0.811526479750779,0.786283891547049,0.976708074534162,0.36875,0.119122257053292,0.167701863354037,0.158139534883721,0.975270479134467,0.970679012345679,0.123052959501558,0.313408723747981,0.971153846153846,0.132492113564669,0.973805855161787,0.12621359223301,0.974643423137876,0.137715179968701,0.208267090620032,0.123100303951368,0.979623824451411,0.130637636080871,0.263399693721286,0.998397435897436,0.319758672699849,0.912307692307692,0.125,0.9808,0.115323854660348,0.19236641221374,0.897196261682243,0.29153605015674,0.274881516587678,0.97360248447205,0.973561430793157,0.12443095599393,0.224919093851133,0.212460063897764,0.141479099678457,0.133647798742138,0.975384615384615,0.28858024691358,0.990610328638498,0.113744075829384,0.975232198142415,0.992435703479576,0.125796178343949,0.172573189522342,0.978090766823161,0.139280125195618,0.818897637795276,0.215625,0.11875,0.975116640746501,0.975961538461538,0.168992248062016,0.12888198757764,0.125748502994012,0.9734375,0.971337579617834,0.11402157164869,0.122448979591837,0.137876386687797,0.974723538704581,0.12037037037037,0.974643423137876,0.97339593114241,0.607963246554365,0.124615384615385,0.326219512195122,0.3,0.972536348949919,0.249206349206349,0.771428571428571,0.255451713395639,0.97557003257329,0.808176100628931,0.97339593114241,0.129746835443038,0.125588697017268,0.954330708661417,0.976923076923077,0.921658986175115,0.125581395348837,0.127692307692308,0.78125,0.119547657512116,0.213946117274168,0.123664122137405,0.971608832807571,0.975384615384615,1,0.541864139020537,0.978193146417445,0.136012364760433,0.978125,0.99388379204893,0.976489028213166,0.802839116719243,0.133748055987558,0.216772151898734,0.126348228043143,0.967492260061919,0.964230171073095,0.776073619631902,0.118827160493827,0.119751166407465,0.135265700483092,0.779503105590062,0.120743034055728,0.78003120124805,1,0.978021978021978,0.816232771822358,0.170769230769231,0.971383147853736,0.855623100303951,0.21216848673947,0.973228346456693,0.972536348949919,0.175632911392405,0.262057877813505,0.214067278287462,0.975572519083969,0.118279569892473,0.975867269984917,0.126543209876543,0.287735849056604,0.1296875,0.974882260596546,0.332807570977918,1,0.122480620155039,0.975270479134467,0.972447325769854,0.121165644171779,0.140845070422535
"220",1,1,1,1,0,0,0,0,0,0,0,0,0,0,0,0,0,0,0,0,0,0,0,0,0,0,0,0,0,0,0,0,0,0,0,0,0,0,0,0,0,0,0,0,0,0,0,1,1,1,1,0,0,0,0,0,0,0,0,0,0,0,0,0,0,0,0,0,0,0,0,0,0,0,0,0,0,0,0,0,0,0,0,0,0,0,0,0,0,0,0,0,0,0,0,0,1,0.187214611872146,0.10625,0.0900473933649289,0.0996835443037975,0.904838709677419,0.993730407523511,0.9984,0.158059467918623,0.887366818873668,0.109062980030722,0.141494435612083,0.761829652996845,0.725118483412322,1,0.320061255742726,0.0962732919254658,0.134883720930233,0.129485179407176,1,0.988906497622821,0.102964118564743,0.266886326194399,0.996815286624204,0.107765451664025,1,0.0950819672131148,1,0.11496062992126,0.1939586645469,0.102167182662539,1,0.102803738317757,0.216300940438871,0.988941548183254,0.288990825688073,0.89622641509434,0.0990712074303406,0.996830427892235,0.0916271721958926,0.165109034267913,0.890795631825273,0.263650546021841,0.251592356687898,1,0.993759750390016,0.1,0.194719471947195,0.200320512820513,0.113964686998395,0.108359133126935,1,0.254601226993865,0.990580847723705,0.0881410256410256,1,0.992248062015504,0.096,0.143079315707621,1,0.112676056338028,0.759055118110236,0.190251572327044,0.0942812982998454,1,1,0.135725429017161,0.103448275862069,0.103076923076923,1,0.996825396825397,0.0904907975460123,0.0977564102564103,0.108064516129032,0.998427672955975,0.0959119496855346,0.996789727126806,0.995253164556962,0.576271186440678,0.0937019969278034,0.279752704791345,0.258805513016845,1,0.215408805031447,0.712025316455696,0.219284603421462,0.996779388083736,0.743390357698289,1,0.107544141252006,0.0998439937597504,0.957943925233645,0.995419847328244,0.917573872472784,0.0959119496855346,0.103125,0.721792890262751,0.0981996726677578,0.193548387096774,0.0990853658536585,1,1,0.987341772151899,0.530254777070064,1,0.105511811023622,1,0.990783410138249,0.99685534591195,0.743178170144462,0.102643856920684,0.193650793650794,0.0964230171073095,0.973724884080371,0.970358814352574,0.769470404984424,0.0948678071539658,0.0932069510268562,0.111111111111111,0.717391304347826,0.088785046728972,0.72386895475819,0.978021978021978,1,0.762633996937213,0.136434108527132,1,0.827217125382263,0.177293934681182,1,1,0.134615384615385,0.224555735056543,0.180555555555556,1,0.0945121951219512,0.998493975903614,0.100470957613815,0.259316770186335,0.10989010989011,1,0.289676425269646,0.988888888888889,0.108320251177394,1,1,0.0970724191063174,0.105263157894737
"221",0.757621951219512,0.766153846153846,0.770992366412214,0.752738654147105,0,0,0,0,0,0,0,0,0,0,0,0,0,0,0,0,0,0,0,0,0,0,0,0,0,0,0,0,0,0,0,0,0,0,0,0,0,0,0,0,0,0,0,0.758308157099698,0.769461077844311,0.762578616352201,0.773993808049536,0,0.0015527950310559,0.00153374233128834,0,0,0,0,0,0,0,0,0,0,0,0,0,0,0,0,0,0,0,0,0,0,0,0,0,0,0,0,0,0,0,0,0,0,0,0,0,0,0,0,0,0,0.767964071856287,0.419259259259259,0.33843797856049,0.330757341576507,0.344512195121951,0.806603773584906,0.754224270353303,0.765793528505393,0.398791540785498,0.811940298507463,0.345291479820628,0.359877488514548,0.780715396578538,0.975346687211094,0.754518072289157,0.57910447761194,0.323308270676692,0.370481927710843,0.345679012345679,0.764179104477612,0.777099236641221,0.338509316770186,0.528662420382166,0.75195007800312,0.344186046511628,0.771428571428571,0.341232227488152,0.760188087774295,0.352134146341463,0.413416536661466,0.332335329341317,0.765793528505393,0.348484848484849,0.472346786248132,0.755384615384615,0.467261904761905,0.766153846153846,0.337858220211161,0.770061728395062,0.328220858895706,0.400887573964497,0.752608047690015,0.462121212121212,0.451070336391437,0.769706336939722,0.75975975975976,0.354074074074074,0.43343653250774,0.412130637636081,0.362363919129082,0.348159509202454,0.768072289156627,0.498507462686567,0.753424657534247,0.318252730109204,0.76791277258567,0.768072289156627,0.32,0.384732824427481,0.774242424242424,0.338957055214724,0.996908809891808,0.429447852760736,0.341426403641882,0.765337423312883,0.74347158218126,0.367127496159754,0.343939393939394,0.329359165424739,0.764795144157815,0.767228177641654,0.32781954887218,0.328725038402458,0.353395061728395,0.752279635258359,0.332326283987915,0.770769230769231,0.771822358346095,0.637181409295352,0.349013657056146,0.515789473684211,0.472592592592593,0.749615975422427,0.431464174454829,0.976923076923077,0.476550680786687,0.760252365930599,0.96793893129771,0.771121351766513,0.347352024922118,0.336363636363636,0.768996960486322,0.777614138438881,0.750741839762611,0.344879518072289,0.346969696969697,0.971168437025797,0.340288924558588,0.408736349453978,0.335843373493976,0.772519083969466,0.762996941896025,0.78516228748068,0.564142194744977,0.763888888888889,0.341426403641882,0.768292682926829,0.783783783783784,0.769938650306748,0.976993865030675,0.354984894259819,0.4,0.341013824884793,0.772455089820359,0.780821917808219,0.695976154992548,0.328220858895706,0.32824427480916,0.328682170542636,0.978755690440061,0.348348348348348,0.98036253776435,0.816232771822358,0.762633996937213,1,0.375,0.766153846153846,0.837956204379562,0.429230769230769,0.756923076923077,0.783950617283951,0.358139534883721,0.448979591836735,0.409365558912387,0.762114537444934,0.333333333333333,0.750741839762611,0.33030303030303,0.450532724505327,0.340298507462687,0.762917933130699,0.472222222222222,0.790909090909091,0.348091603053435,0.76840490797546,0.766718506998445,0.329819277108434,0.336923076923077
"222",0.128125,0.145285935085008,0.130368098159509,0.122448979591837,0,0,0,0,0,0,0,0,0,0,0,0,0,0,0,0,0,0,0,0,0,0,0,0,0,0,0,0,0,0,0,0,0,0,0,0,0,0,0,0,0,0,0,0.126696832579186,0.13767019667171,0.138436482084691,0.137984496124031,0,0.00469483568075117,0.00155038759689922,0,0,0,0,0,0,0,0,0,0,0,0,0,0,0,0,0,0,0,0,0,0,0,0,0,0,0,0,0,0,0,0,0,0,0,0,0,0,0,0,0,0,0.139183055975794,0.915022761760243,0.970542635658915,0.9640625,0.975232198142415,0.233176838810642,0.147692307692308,0.137223974763407,0.941807044410414,0.24024024024024,0.968562874251497,1,0.3625,0.411392405063291,0.131297709923664,0.826625386996904,0.968181818181818,1,0.964285714285714,0.146604938271605,0.148606811145511,0.961240310077519,0.873376623376623,0.14488188976378,0.973478939157566,0.150537634408602,0.967373572593801,0.146031746031746,0.967542503863988,0.909509202453988,0.977272727272727,0.122834645669291,0.967692307692308,0.91981845688351,0.150159744408946,0.841389728096677,0.230061349693252,0.963581183611533,0.133971291866029,0.969135802469136,0.925869894099849,0.249614791987673,0.854517611026034,0.85625,0.137614678899083,0.143511450381679,0.969879518072289,0.918138041733547,0.911251980982567,0.96,0.96594427244582,0.124620060790274,0.890225563909774,0.146153846153846,0.961904761904762,0.137770897832817,0.156297420333839,0.973354231974922,0.949464012251149,0.141524105754277,0.967441860465116,0.362229102167183,0.917445482866044,0.965785381026439,0.137984496124031,0.137931034482759,1,0.964506172839506,0.967016491754123,0.127725856697819,0.1453125,0.972434915773354,0.962323390894819,0.967441860465116,0.133435582822086,0.966717095310136,0.13968253968254,0.148031496062992,0.546282245827011,0.964777947932619,0.865761689291101,0.852459016393443,0.124409448818898,0.897798742138365,0.433070866141732,0.897239263803681,0.138263665594855,0.400625978090767,0.129429892141757,0.962732919254658,0.964285714285714,0.184331797235023,0.138345864661654,0.209895052473763,0.966205837173579,0.972477064220184,0.41304347826087,0.969404186795491,0.903276131045242,0.969512195121951,0.125581395348837,0.122913505311077,0.150234741784038,0.575427682737169,0.137984496124031,0.967492260061919,0.129770992366412,0.141122913505311,0.131782945736434,0.378421900161031,0.976923076923077,0.892690513219285,0.964006259780908,0.165137614678899,0.152905198776758,0.360482654600302,0.9629057187017,0.9640625,0.987117552334944,0.427272727272727,0.970588235294118,0.415644171779141,0.170769230769231,0.136434108527132,0.375,1,0.128930817610063,0.303951367781155,0.98310291858679,0.124223602484472,0.133971291866029,0.996884735202492,0.891891891891892,0.925531914893617,0.130105900151286,0.968036529680365,0.142857142857143,0.969278033794163,0.871317829457364,0.969088098918083,0.135802469135802,0.85243328100471,0.143518518518519,0.967542503863988,0.136434108527132,0.132492113564669,0.966412213740458,0.96998420221169
"223",1,1,1,1,0,0,0,0,0,0,0,0,0,0,0,0,0,0,0,0,0,0,0,0,0,0,0,0,0,0,0,0,0,0,0,0,0,0,0,0,0,0,0,0,0,0,0,1,1,1,1,0,0,0,0,0,0,0,0,0,0,0,0,0,0,0,0,0,0,0,0,0,0,0,0,0,0,0,0,0,0,0,0,0,0,0,0,0,0,0,0,0,0,0,0,0,1,0.188854489164087,0.0983870967741935,0.0862619808306709,0.0903328050713154,0.909235668789809,0.993769470404984,0.998412698412698,0.159126365054602,0.903076923076923,0.0965309200603318,0.130016051364366,0.779578606158833,0.736176935229068,1,0.309707241910632,0.081377151799687,0.1375,0.119426751592357,1,0.9858934169279,0.0903328050713154,0.26006711409396,0.995184590690209,0.0970873786407767,1,0.0963455149501661,1,0.10828025477707,0.189406099518459,0.0962732919254658,1,0.0950155763239875,0.22015503875969,0.98876404494382,0.283969465648855,0.903328050713154,0.0873634945397816,0.996784565916399,0.0864779874213836,0.161787365177196,0.895734597156398,0.264566929133858,0.26038338658147,1,0.993700787401575,0.0805471124620061,0.190938511326861,0.190938511326861,0.110929853181077,0.103503184713376,1,0.251543209876543,0.98876404494382,0.0825242718446602,1,0.988993710691824,0.0885668276972625,0.139240506329114,1,0.108661417322835,0.764044943820225,0.186413902053712,0.0899053627760252,1,1,0.131868131868132,0.0956112852664577,0.093167701863354,1,0.996805111821086,0.078125,0.0849358974358974,0.0969305331179321,0.998402555910543,0.0920436817472699,0.996774193548387,0.995238095238095,0.583975346687211,0.0892018779342723,0.277691107644306,0.254237288135593,1,0.210691823899371,0.710144927536232,0.217391304347826,0.996688741721854,0.739403453689168,1,0.0977564102564103,0.0943396226415094,0.952681388012618,0.995461422087746,0.921174652241113,0.0925925925925926,0.0909090909090909,0.724727838258165,0.0891089108910891,0.186195826645265,0.095679012345679,1,1,0.98389694041868,0.552715654952077,1,0.0982839313572543,1,0.987480438184664,0.996825396825397,0.753225806451613,0.0987460815047022,0.190016103059581,0.0878594249201278,0.976303317535545,0.972886762360447,0.776049766718507,0.0927672955974843,0.087719298245614,0.099025974025974,0.71606864274571,0.0884676145339652,0.730109204368175,0.971383147853736,1,0.766153846153846,0.128930817610063,1,0.837712519319938,0.164817749603803,1,1,0.130645161290323,0.216965742251224,0.174922600619195,1,0.0826833073322933,0.998461538461539,0.0894819466248038,0.253125,0.102848101265823,1,0.287284144427002,0.987117552334944,0.093603744149766,1,1,0.0952380952380952,0.0998415213946117
"224",0.83206106870229,0.832565284178187,0.836923076923077,0.833075734157651,0,0,0,0,0,0,0,0,0,0,0,0,0,0,0,0,0,0,0,0,0,0,0,0,0,0,0,0,0,0,0,0,0,0,0,0,0,0,0,0,0,0,0,0.834087481146305,0.832835820895522,0.84310618066561,0.8234375,0,0,0,0,0,0,0,0,0,0,0,0,0,0,0,0,0,0,0,0,0,0,0,0,0,0,0,0,0,0,0,0,0,0,0,0,0,0,0,0,0,0,0,0,0,0.832840236686391,0.36849925705795,0.282208588957055,0.259026687598116,0.270186335403727,0.975077881619938,0.825227963525836,0.84012539184953,0.343605546995377,0.971342383107089,0.273809523809524,0.29393468118196,0.929230769230769,0.801829268292683,0.830275229357798,0.516030534351145,0.27123695976155,0.325301204819277,0.300763358778626,0.831070889894419,0.83969465648855,0.277016742770167,0.452648475120385,0.819595645412131,0.264705882352941,0.832579185520362,0.278125,0.823161189358372,0.284627092846271,0.372699386503067,0.267459138187221,0.835637480798771,0.276018099547511,0.405365126676602,0.836166924265842,0.44,0.846153846153846,0.27123695976155,0.849683544303797,0.258409785932722,0.345697329376855,0.825954198473282,0.420333839150228,0.428351309707242,0.825227963525836,0.835365853658537,0.267062314540059,0.390551181102362,0.358024691358025,0.276827371695179,0.275229357798165,0.829850746268657,0.429429429429429,0.821100917431193,0.255054432348367,0.838258164852255,0.846497764530551,0.260336906584992,0.331334332833583,0.841221374045802,0.298003072196621,0.809597523219814,0.382039573820396,0.26412213740458,0.829007633587786,0.817484662576687,0.31306990881459,0.26355421686747,0.276119402985075,0.836115326251897,0.820276497695853,0.260211800302572,0.264840182648402,0.275,0.825227963525836,0.267563527653214,0.844615384615385,0.832572298325723,0.657185628742515,0.268476621417798,0.457652303120357,0.44640234948605,0.827639751552795,0.403053435114504,0.792569659442725,0.413793103448276,0.828885400313972,0.813559322033898,0.839258114374034,0.279752704791345,0.26969696969697,0.842662632375189,0.84077380952381,0.829046898638427,0.273001508295626,0.277272727272727,0.803981623277182,0.269413629160063,0.35981308411215,0.276946107784431,0.839393939393939,0.834609494640122,0.840425531914894,0.567484662576687,0.833846153846154,0.272590361445783,0.827692307692308,0.84272997032641,0.838905775075988,0.813953488372093,0.284839203675345,0.373660030627871,0.257668711656442,0.851351351351351,0.842987804878049,0.744394618834081,0.252663622526636,0.273413897280967,0.276827371695179,0.795731707317073,0.257186081694402,0.8003003003003,0.855623100303951,0.827217125382263,0.837956204379562,0.303951367781155,0.837712519319938,1,0.340978593272171,0.825493171471927,0.834115805946792,0.299689440993789,0.415748031496063,0.360482654600302,0.833333333333333,0.256060606060606,0.826086956521739,0.267776096822995,0.420647149460709,0.278366111951589,0.825688073394495,0.459090909090909,0.859969558599696,0.273846153846154,0.830584707646177,0.841860465116279,0.274888558692422,0.286377708978328
"225",0.172413793103448,0.183254344391785,0.173643410852713,0.166666666666667,0,0,0,0,0,0,0,0,0,0,0,0,0,0,0,0,0,0,0,0,0,0,0,0,0,0,0,0,0,0,0,0,0,0,0,0,0,0,0,0,0,0,0,0.173374613003096,0.175115207373272,0.187601957585644,0.167987321711569,0,0.00158227848101266,0,0,0,0,0,0,0,0,0,0,0,0,0,0,0,0,0,0,0,0,0,0,0,0,0,0,0,0,0,0,0,0,0,0,0,0,0,0,0,0,0,0,0,0.183890577507599,0.878787878787879,0.934065934065934,0.932692307692308,0.93603744149766,0.270015698587127,0.1796875,0.178456591639871,0.905718701700155,0.28858024691358,0.933333333333333,0.976076555023923,0.404724409448819,0.457463884430177,0.1671875,0.843410852713178,0.936728395061728,0.972136222910217,0.932098765432099,0.181959564541213,0.188767550702028,0.927786499215071,0.895,0.180952380952381,0.938388625592417,0.18348623853211,0.929508196721311,0.181964573268921,0.934169278996865,0.883280757097792,0.942989214175655,0.169059011164274,0.93343653250774,0.918335901386749,0.195512820512821,0.818045112781955,0.283048211508554,0.934250764525994,0.174679487179487,0.933649289099526,0.898617511520737,0.29874213836478,0.829192546583851,0.836507936507937,0.184542586750789,0.184496124031008,0.933333333333333,0.890499194847021,0.885579937304075,0.9264,0.9328125,0.168469860896445,0.90625,0.1875,0.921474358974359,0.166144200626959,0.199081163859112,0.936102236421725,0.921996879875195,0.183835182250396,0.941915227629513,0.413078149920255,0.89358372456964,0.925984251968504,0.180817610062893,0.172955974842767,0.974723538704581,0.926267281105991,0.930340557275542,0.162460567823344,0.179650238473768,0.93613707165109,0.927302100161551,0.934817170111288,0.170278637770898,0.93125,0.174803149606299,0.186119873817035,0.571209800918836,0.93343653250774,0.885496183206107,0.831306990881459,0.171383647798742,0.878740157480315,0.485668789808917,0.888024883359253,0.185185185185185,0.446372239747634,0.172093023255814,0.931746031746032,0.927244582043344,0.216640502354788,0.178517397881997,0.245775729646697,0.930599369085173,0.936630602782071,0.469673405909798,0.935379644588045,0.880573248407643,0.931087289433384,0.166666666666667,0.156739811912226,0.181818181818182,0.562009419152276,0.173228346456693,0.932707355242567,0.171383647798742,0.178461538461538,0.173228346456693,0.437096774193548,0.947286821705426,0.869774919614148,0.923556942277691,0.19969040247678,0.198412698412698,0.395993836671803,0.925465838509317,0.927672955974843,0.954323001631321,0.46656298600311,0.932917316692668,0.451010886469673,0.21216848673947,0.177293934681182,0.429230769230769,0.98310291858679,0.164817749603803,0.340978593272171,1,0.165615141955836,0.184,1,0.885113268608414,0.908372827804107,0.167177914110429,0.931570762052877,0.17737003058104,0.930015552099533,0.848101265822785,0.93953488372093,0.181818181818182,0.831496062992126,0.1859375,0.930555555555556,0.171653543307087,0.173913043478261,0.929230769230769,0.936688311688312
"226",1,1,1,1,0,0,0,0,0,0,0,0,0,0,0,0,0,0,0,0,0,0,0,0,0,0,0,0,0,0,0,0,0,0,0,0,0,0,0,0,0,0,0,0,0,0,0,1,1,1,1,0,0,0,0,0,0,0,0,0,0,0,0,0,0,0,0,0,0,0,0,0,0,0,0,0,0,0,0,0,0,0,0,0,0,0,0,0,0,0,0,0,0,0,0,0,1,0.188650306748466,0.1046875,0.0882825040128411,0.0919175911251981,0.900641025641026,0.993808049535604,0.998407643312102,0.15962441314554,0.890577507598784,0.106153846153846,0.131955484896661,0.76517571884984,0.729133858267716,1,0.307332293291732,0.0938461538461538,0.135007849293564,0.12755905511811,1,0.984251968503937,0.102643856920684,0.27257525083612,0.995192307692308,0.107424960505529,1,0.098546042003231,1,0.114649681528662,0.185714285714286,0.0880503144654088,1,0.09375,0.216257668711656,0.9904,0.290322580645161,0.904173106646059,0.0995405819295559,0.996820349761526,0.0919175911251981,0.163833075734158,0.899843505477308,0.2660406885759,0.24203821656051,1,0.993720565149137,0.0927051671732523,0.195161290322581,0.187599364069952,0.110047846889952,0.107086614173228,1,0.246105919003115,0.990595611285266,0.0852090032154341,1,0.990683229813665,0.0990415335463259,0.143974960876369,1,0.110584518167457,0.758785942492013,0.188291139240506,0.0950871632329636,1,1,0.130708661417323,0.100946372239748,0.0998463901689708,1,0.996805111821086,0.0853080568720379,0.0932475884244373,0.104265402843602,0.998444790046656,0.0958268933539413,0.996825396825397,0.995238095238095,0.583850931677019,0.0943396226415094,0.277519379844961,0.254901960784314,1,0.21283255086072,0.706730769230769,0.221183800623053,0.996753246753247,0.744479495268139,1,0.10377358490566,0.0990566037735849,0.958730158730159,0.995412844036697,0.921658986175115,0.0906298003072197,0.100313479623824,0.71583850931677,0.0983606557377049,0.186195826645265,0.0967741935483871,1,1,0.987261146496815,0.549295774647887,1,0.100313479623824,1,0.989247311827957,1,0.751203852327448,0.102362204724409,0.188498402555911,0.0937996820349762,0.973724884080371,0.968404423380727,0.78494623655914,0.0933125972006221,0.0938967136150235,0.106969205834684,0.715396578538103,0.0893416927899686,0.715625,0.973228346456693,1,0.756923076923077,0.124223602484472,1,0.825493171471927,0.165615141955836,1,1,0.133333333333333,0.235483870967742,0.182098765432099,1,0.0825545171339564,0.998484848484849,0.0947204968944099,0.257097791798107,0.105345911949686,1,0.29595015576324,0.988976377952756,0.0940438871473354,1,1,0.093558282208589,0.106623586429725
"227",1,1,1,1,0,0,0,0,0,0,0,0,0,0,0,0,0,0,0,0,0,0,0,0,0,0,0,0,0,0,0,0,0,0,0,0,0,0,0,0,0,0,0,0,0,0,0,1,1,1,1,0,0,0,0,0,0,0,0,0,0,0,0,0,0,0,0,0,0,0,0,0,0,0,0,0,0,0,0,0,0,0,0,0,0,0,0,0,0,0,0,0,0,0,0,0,1,0.191950464396285,0.103668261562998,0.0897009966777409,0.0983870967741935,0.917609046849758,0.993569131832797,0.998397435897436,0.15814696485623,0.902362204724409,0.1078125,0.139344262295082,0.770491803278688,0.762214983713355,1,0.322784810126582,0.093603744149766,0.132165605095541,0.126805778491172,1,0.984051036682616,0.0987460815047022,0.266441821247892,0.995065789473684,0.104,1,0.0981697171381032,1,0.1136,0.201298701298701,0.0927672955974843,1,0.104,0.219589257503949,0.987034035656402,0.292721518987342,0.908517350157729,0.0966719492868463,0.996753246753247,0.0906148867313916,0.170382165605096,0.908227848101266,0.267741935483871,0.253682487725041,1,0.993740219092332,0.0963302752293578,0.205254515599343,0.192556634304207,0.106312292358804,0.111642743221691,1,0.251968503937008,0.987381703470032,0.0858085808580858,1,0.988906497622821,0.099025974025974,0.142172523961661,1,0.115015974440895,0.79047619047619,0.194267515923567,0.0976,1,1,0.131121642969984,0.10207336523126,0.0965732087227414,1,0.996747967479675,0.0894568690095847,0.0962479608482871,0.103960396039604,0.998422712933754,0.0950871632329636,0.9967585089141,0.995184590690209,0.597523219814242,0.0981012658227848,0.28006329113924,0.25314465408805,1,0.211538461538462,0.746388443017656,0.2112,0.996715927750411,0.781150159744409,1,0.102564102564103,0.0977917981072555,0.959935897435897,0.99537750385208,0.924148606811146,0.0926517571884984,0.104501607717042,0.751188589540412,0.107438016528926,0.188617886178862,0.0998415213946117,1,1,0.983766233766234,0.538087520259319,1,0.106518282988871,1,0.986024844720497,1,0.788177339901478,0.100478468899522,0.20259319286872,0.0988654781199352,0.977883096366509,0.97456279809221,0.76661514683153,0.0876369327073552,0.0897435897435897,0.10655737704918,0.75,0.0853462157809984,0.754019292604502,0.972536348949919,1,0.783950617283951,0.133971291866029,1,0.834115805946792,0.184,1,1,0.143086816720257,0.220563847429519,0.177394034536892,1,0.0949367088607595,0.998432601880878,0.0990566037735849,0.251980982567353,0.105431309904153,1,0.2848,0.985342019543974,0.0935023771790808,1,1,0.0993788819875776,0.105436573311367
"228",0.135350318471338,0.145135566188198,0.133122028526149,0.117647058823529,0,0,0,0,0,0,0,0,0,0,0,0,0,0,0,0,0,0,0,0,0,0,0,0,0,0,0,0,0,0,0,0,0,0,0,0,0,0,0,0,0,0,0,0.135384615384615,0.1421875,0.142620232172471,0.135922330097087,0,0.00486223662884927,0.00161030595813205,0,0,0,0,0,0,0,0,0,0,0,0,0,0,0,0,0,0,0,0,0,0,0,0,0,0,0,0,0,0,0,0,0,0,0,0,0,0,0,0,0,0,0.143079315707621,0.904615384615385,0.968203497615262,0.966292134831461,0.969648562300319,0.235008103727715,0.147672552166934,0.135782747603834,0.929936305732484,0.238021638330757,0.964451313755796,0.996742671009772,0.357723577235772,0.394863563402889,0.13237639553429,0.826224328593997,0.96411856474259,0.996830427892235,0.963022508038585,0.14622641509434,0.14785373608903,0.961661341853035,0.880398671096346,0.143790849673203,0.973941368078176,0.148902821316614,0.958263772954925,0.139384116693679,0.968152866242038,0.895498392282958,0.973478939157566,0.131067961165049,0.970031545741325,0.925867507886435,0.153721682847896,0.837962962962963,0.242811501597444,0.960691823899371,0.138436482084691,0.964573268921095,0.920245398773006,0.246031746031746,0.852848101265823,0.8578352180937,0.150793650793651,0.143307086614173,0.963246554364472,0.908943089430894,0.906902086677368,0.954248366013072,0.9664,0.136363636363636,0.901869158878505,0.151857835218094,0.957996768982229,0.133012820512821,0.159305993690852,0.962962962962963,0.949526813880126,0.142410015649452,0.974068071312804,0.349593495934959,0.917073170731707,0.95859872611465,0.140096618357488,0.140096618357488,0.996840442338073,0.959119496855346,0.96048632218845,0.127760252365931,0.1488,0.96594427244582,0.956521739130435,0.970540098199673,0.140096618357488,0.964573268921095,0.142628205128205,0.156050955414013,0.562204724409449,0.960815047021944,0.871069182389937,0.85099846390169,0.133223684210526,0.895330112721417,0.413961038961039,0.899053627760252,0.138888888888889,0.385350318471338,0.134706814580032,0.963549920760697,0.958664546899841,0.183254344391785,0.145061728395062,0.20094191522763,0.965023847376789,0.964856230031949,0.411392405063291,0.966832504145937,0.900813008130081,0.962674961119751,0.126198083067093,0.125391849529781,0.152623211446741,0.565217391304348,0.139423076923077,0.960443037974684,0.139280125195618,0.146919431279621,0.13258785942492,0.371150729335494,0.974842767295597,0.884244372990354,0.959871589085072,0.169278996865204,0.159489633173844,0.35625,0.961904761904762,0.96031746031746,0.983660130718954,0.410742496050553,0.96551724137931,0.397174254317111,0.175632911392405,0.134615384615385,0.358139534883721,0.996884735202492,0.130645161290323,0.299689440993789,1,0.133333333333333,0.143086816720257,1,0.891410048622366,0.923676012461059,0.131375579598145,0.964230171073095,0.141509433962264,0.962204724409449,0.872239747634069,0.971518987341772,0.138755980861244,0.846034214618974,0.15224358974359,0.962382445141066,0.137007874015748,0.137479541734861,0.9625,0.970826580226904
"229",0.219312602291326,0.237704918032787,0.226475279106858,0.207516339869281,0,0,0,0,0,0,0,0,0,0,0,0,0,0,0,0,0,0,0,0,0,0,0,0,0,0,0,0,0,0,0,0,0,0,0,0,0,0,0,0,0,0,0,0.221169036334913,0.225908372827804,0.247457627118644,0.22824302134647,0,0.00488599348534202,0.00161550888529887,0,0,0,0,0,0,0,0,0,0,0,0,0,0,0,0,0,0,0,0,0,0,0,0,0,0,0,0,0,0,0,0,0,0,0,0,0,0,0,0,0,0,0.243243243243243,0.851030110935024,0.879032258064516,0.860927152317881,0.877221324717286,0.301324503311258,0.232899022801303,0.224919093851133,0.859450726978998,0.34585289514867,0.878504672897196,0.884552845528455,0.478618421052632,0.486798679867987,0.233704292527822,0.9088,0.86053882725832,0.888540031397174,0.875796178343949,0.235864297253635,0.244019138755981,0.868167202572347,0.974182444061962,0.237704918032787,0.866995073891626,0.247619047619048,0.863105175292154,0.237623762376238,0.875598086124402,0.86088379705401,0.864649681528662,0.228618421052632,0.878205128205128,0.943217665615142,0.239413680781759,0.82306477093207,0.330658105939005,0.87220447284345,0.225913621262458,0.86437908496732,0.857366771159875,0.326923076923077,0.830097087378641,0.827079934747145,0.224755700325733,0.235104669887279,0.872813990461049,0.871074380165289,0.845648604269294,0.864686468646865,0.863192182410424,0.226837060702875,0.954983922829582,0.239549839228296,0.848184818481848,0.23739837398374,0.256,0.8578352180937,0.92914653784219,0.228758169934641,0.890850722311397,0.43317230273752,0.897727272727273,0.878489326765189,0.226537216828479,0.233494363929147,0.880191693290735,0.858974358974359,0.869496855345912,0.216129032258065,0.237704918032787,0.862341772151899,0.865573770491803,0.882644628099174,0.232744783306581,0.867954911433172,0.234710743801653,0.242671009771987,0.536277602523659,0.866129032258064,0.956386292834891,0.85511811023622,0.240066225165563,0.865912762520194,0.504091653027823,0.987220447284345,0.232323232323232,0.473170731707317,0.239482200647249,0.855500821018062,0.855048859934853,0.274636510500808,0.227564102564103,0.297427652733119,0.876602564102564,0.87075928917609,0.496784565916399,0.868552412645591,0.868078175895766,0.868044515103339,0.229032258064516,0.209003215434084,0.243156199677939,0.571661237785016,0.228525121555916,0.873376623376623,0.224165341812401,0.245222929936306,0.229617304492512,0.449419568822554,0.885350318471338,0.844517184942717,0.86709886547812,0.266773162939297,0.254045307443366,0.419457735247209,0.863636363636364,0.861337683523654,0.871666666666667,0.50561797752809,0.863563402889246,0.49597423510467,0.262057877813505,0.224555735056543,0.448979591836735,0.891891891891892,0.216965742251224,0.415748031496063,0.885113268608414,0.235483870967742,0.220563847429519,0.891410048622366,1,0.977491961414791,0.220820189274448,0.865384615384615,0.232227488151659,0.872,0.840650406504065,0.865168539325843,0.211538461538462,0.831973898858075,0.25,0.872,0.236245954692557,0.228714524207012,0.863422291993721,0.876441515650741
"230",0.180555555555556,0.184210526315789,0.174114021571649,0.158631415241058,0,0,0,0,0,0,0,0,0,0,0,0,0,0,0,0,0,0,0,0,0,0,0,0,0,0,0,0,0,0,0,0,0,0,0,0,0,0,0,0,0,0,0,0.17593984962406,0.182503770739065,0.191869918699187,0.186520376175549,0,0.00462249614791988,0.0015600624024961,0,0,0,0,0,0,0,0,0,0,0,0,0,0,0,0,0,0,0,0,0,0,0,0,0,0,0,0,0,0,0,0,0,0,0,0,0,0,0,0,0,0,0.196671709531014,0.884384384384384,0.916795069337442,0.915094339622642,0.924499229583975,0.270866141732283,0.187981510015408,0.188679245283019,0.905572755417957,0.283763277693475,0.914670658682635,0.918367346938776,0.429457364341085,0.447574334898279,0.185867895545315,0.871317829457364,0.908809891808346,0.918711656441718,0.918495297805643,0.189230769230769,0.197819314641745,0.916403785488959,0.925324675324675,0.190923317683881,0.917701863354037,0.197568389057751,0.911147011308562,0.193146417445483,0.91820987654321,0.910518053375196,0.917557251908397,0.17527386541471,0.923896499238965,0.932432432432432,0.197802197802198,0.836826347305389,0.27760736196319,0.920367534456355,0.186009538950715,0.917573872472784,0.895209580838323,0.289433384379786,0.85145482388974,0.867807153965785,0.187786259541985,0.188854489164087,0.927299703264095,0.902866242038217,0.898894154818325,0.9185303514377,0.912037037037037,0.18030303030303,0.91969696969697,0.186440677966102,0.905901116427432,0.181533646322379,0.201219512195122,0.910798122065728,1,0.180555555555556,0.934049079754601,0.397515527950311,0.945736434108527,0.927131782945736,0.185243328100471,0.195956454121306,0.920731707317073,0.914373088685015,0.914156626506024,0.171875,0.195685670261941,0.915254237288136,0.91679748822606,0.926100628930818,0.180555555555556,0.914110429447853,0.186520376175549,0.194006309148265,0.581183611532625,0.918586789554531,0.911854103343465,0.86377245508982,0.178683385579937,0.893416927899687,0.462382445141066,0.986003110419907,0.190705128205128,0.43167701863354,0.1828125,0.910216718266254,0.91271056661562,0.224299065420561,0.181409295352324,0.254573170731707,0.919504643962848,0.91499227202473,0.459541984732824,0.9185303514377,0.915094339622642,0.915279878971256,0.181538461538462,0.171212121212121,0.2015625,0.582434514637905,0.184952978056426,0.922137404580153,0.177195685670262,0.197268588770865,0.182380216383308,0.424806201550388,0.925869894099849,0.896062992125984,0.910658307210031,0.204301075268817,0.198449612403101,0.394894894894895,0.916923076923077,0.915254237288136,0.921824104234528,0.46417445482866,0.910769230769231,0.445131375579598,0.214067278287462,0.180555555555556,0.409365558912387,0.925531914893617,0.174922600619195,0.360482654600302,0.908372827804107,0.182098765432099,0.177394034536892,0.923676012461059,0.977491961414791,1,0.185459940652819,0.914503816793893,0.191394658753709,0.914110429447853,0.867283950617284,0.918836140888208,0.17530487804878,0.837209302325581,0.203100775193798,0.917933130699088,0.188650306748466,0.1808,0.918305597579425,0.917460317460317
"231",1,1,1,1,0,0,0,0,0,0,0,0,0,0,0,0,0,0,0,0,0,0,0,0,0,0,0,0,0,0,0,0,0,0,0,0,0,0,0,0,0,0,0,0,0,0,0,1,1,1,1,0,0,0,0,0,0,0,0,0,0,0,0,0,0,0,0,0,0,0,0,0,0,0,0,0,0,0,0,0,0,0,0,0,0,0,0,0,0,0,0,0,0,0,0,0,1,0.186943620178042,0.0957446808510638,0.0808709175738725,0.0937019969278034,0.909375,0.993865030674847,0.998454404945904,0.158536585365854,0.894814814814815,0.099554234769688,0.134674922600619,0.769113149847095,0.730650154798762,1,0.322289156626506,0.0810810810810811,0.130168453292496,0.116564417177914,1,0.987915407854985,0.0979782270606532,0.254838709677419,0.995283018867924,0.0995405819295559,1,0.094488188976378,1,0.0996932515337423,0.191950464396285,0.087667161961367,1,0.0986342943854325,0.232142857142857,0.98937784522003,0.285714285714286,0.902439024390244,0.0906389301634472,0.998456790123457,0.0749235474006116,0.164424514200299,0.897897897897898,0.261724659606657,0.258164852255054,1,0.993939393939394,0.0839469808541973,0.192789968652038,0.194704049844237,0.10062893081761,0.098310291858679,1,0.248502994011976,0.989197530864197,0.0775193798449612,1,0.992481203007519,0.0863422291993721,0.145285935085008,1,0.103975535168196,0.763608087091757,0.189024390243902,0.0858895705521472,1,1,0.126348228043143,0.0895295902883156,0.091044776119403,1,0.996894409937888,0.0852359208523592,0.0873634945397816,0.0955315870570108,1,0.0833333333333333,0.996918335901387,0.996870109546166,0.586626139817629,0.0823353293413174,0.281203007518797,0.26401179941003,1,0.206422018348624,0.716510903426791,0.212349397590361,0.998417721518987,0.756880733944954,1,0.0871559633027523,0.0900763358778626,0.958333333333333,0.997019374068554,0.925705794947994,0.0806697108066971,0.0949464012251149,0.721633888048411,0.0849056603773585,0.191131498470948,0.0849478390461997,1,1,0.987748851454824,0.551242236024845,1,0.0969230769230769,1,0.988041853512706,0.996969696969697,0.756211180124224,0.0945945945945946,0.195348837209302,0.0848484848484849,0.980421686746988,0.978294573643411,0.769230769230769,0.0845921450151057,0.0898021308980213,0.0952380952380952,0.714499252615845,0.088145896656535,0.723467862481315,0.975572519083969,1,0.762114537444934,0.130105900151286,1,0.833333333333333,0.167177914110429,1,1,0.131375579598145,0.220820189274448,0.185459940652819,1,0.0840978593272171,0.998511904761905,0.0877458396369138,0.25226586102719,0.0977099236641221,1,0.287901990811639,0.987823439878234,0.087218045112782,1,1,0.0894187779433681,0.101694915254237
"232",0.0838414634146342,0.0947204968944099,0.0928462709284627,0.07981220657277,0,0,0,0,0,0,0,0,0,0,0,0,0,0,0,0,0,0,0,0,0,0,0,0,0,0,0,0,0,0,0,0,0,0,0,0,0,0,0,0,0,0,0,0.0867579908675799,0.0941704035874439,0.0907643312101911,0.0904836193447738,0,0.00470957613814757,0.00157728706624606,0,0,0,0,0,0,0,0,0,0,0,0,0,0,0,0,0,0,0,0,0,0,0,0,0,0,0,0,0,0,0,0,0,0,0,0,0,0,0,0,0,0,0.0896656534954407,0.915915915915916,0.996889580093313,1,0.998447204968944,0.187993680884676,0.105754276827372,0.106750392464678,0.946708463949843,0.194319880418535,1,0.957413249211357,0.329192546583851,0.367762128325509,0.0847457627118644,0.768049155145929,1,0.963020030816641,0.972049689440994,0.0909090909090909,0.107361963190184,1,0.835236541598695,0.0966183574879227,0.998432601880878,0.0940819423368741,1,0.0964230171073095,0.98310291858679,0.912307692307692,0.996983408748115,0.0811232449297972,0.990950226244344,0.872340425531915,0.0965732087227414,0.825892857142857,0.19236641221374,1,0.0904836193447738,1,0.933634992458522,0.214285714285714,0.840062111801242,0.854037267080745,0.0914634146341463,0.0940819423368741,1,0.905362776025237,0.920062695924765,0.9890625,1,0.0928462709284627,0.85,0.100931677018634,1,0.0933125972006221,0.105990783410138,0.998454404945904,0.951219512195122,0.0946564885496183,0.984423676012461,0.329211746522411,0.919003115264797,0.998456790123457,0.098613251155624,0.0941358024691358,0.964451313755796,1,1,0.0844854070660522,0.100313479623824,1,1,0.996840442338073,0.0941358024691358,1,0.0885093167701863,0.105180533751962,0.522455089820359,1,0.817496229260935,0.841317365269461,0.0914728682170543,0.895475819032761,0.38801261829653,0.885670731707317,0.090032154340836,0.334883720930233,0.089922480620155,1,1,0.138461538461538,0.0952380952380952,0.169465648854962,1,1,0.375384615384615,1,0.918367346938776,1,0.086687306501548,0.0845921450151057,0.104938271604938,0.56043956043956,0.0914728682170543,0.987692307692308,0.0874233128834356,0.0936555891238671,0.089622641509434,0.341772151898734,0.998447204968944,0.899053627760252,1,0.118181818181818,0.1201248049922,0.340909090909091,1,0.998452012383901,0.983870967741935,0.378086419753086,0.998470948012232,0.371559633027523,0.118279569892473,0.0945121951219512,0.333333333333333,0.968036529680365,0.0826833073322933,0.256060606060606,0.931570762052877,0.0825545171339564,0.0949367088607595,0.964230171073095,0.865384615384615,0.914503816793893,0.0840978593272171,1,0.0926756352765321,1,0.857364341085271,0.998470948012232,0.087962962962963,0.81832298136646,0.105426356589147,0.998454404945904,0.0917573872472784,0.0906200317965024,1,0.984126984126984
"233",0.998475609756098,0.998473282442748,1,0.998459167950693,0,0,0,0,0,0,0,0,0,0,0,0,0,0,0,0,0,0,0,0,0,0,0,0,0,0,0,0,0,0,0,0,0,0,0,0,0,0,0,0,0,0,0,0.998489425981873,0.998507462686567,1,0.998444790046656,0,0,0,0,0,0,0,0,0,0,0,0,0,0,0,0,0,0,0,0,0,0,0,0,0,0,0,0,0,0,0,0,0,0,0,0,0,0,0,0,0,0,0,0,0,0.998509687034277,0.202662721893491,0.108231707317073,0.0981308411214953,0.104615384615385,0.901408450704225,0.995412844036697,1,0.17737003058104,0.890881913303438,0.114413075780089,0.145510835913313,0.757668711656442,0.732307692307692,0.998475609756098,0.312217194570136,0.092814371257485,0.142428785607196,0.134052388289676,1,0.98937784522003,0.106221547799697,0.275806451612903,0.996908809891808,0.108024691358025,0.99851411589896,0.102201257861635,0.998449612403101,0.112480739599384,0.194486983154671,0.103915662650602,0.998454404945904,0.107413010590015,0.226865671641791,0.989247311827957,0.27910447761194,0.909230769230769,0.100751879699248,0.9953125,0.0929878048780488,0.166167664670659,0.896656534954407,0.260606060606061,0.26040061633282,0.998477929984779,0.995535714285714,0.0962099125364431,0.191950464396285,0.205521472392638,0.115323854660348,0.113671274961598,0.998487140695915,0.255255255255255,0.989473684210526,0.0903426791277259,0.998463901689708,0.991004497751124,0.100463678516229,0.151651651651652,0.998477929984779,0.125567322239032,0.756134969325153,0.200607902735562,0.103975535168196,0.998468606431853,0.998463901689708,0.139605462822458,0.105182926829268,0.104633781763827,0.998484848484849,0.995356037151703,0.091324200913242,0.0973724884080371,0.106481481481481,0.996960486322188,0.0948795180722892,0.996904024767802,0.993865030674847,0.570359281437126,0.0936555891238671,0.282089552238806,0.270588235294118,0.998449612403101,0.21583850931677,0.712556732223903,0.220543806646526,0.995290423861852,0.737404580152672,0.998480243161094,0.1109375,0.105343511450382,0.966463414634146,0.994108983799705,0.925925925925926,0.0945121951219512,0.101949025487256,0.710644677661169,0.100470957613815,0.197802197802198,0.100299401197605,0.998482549317147,0.998480243161094,0.987596899224806,0.552099533437014,1,0.106927710843373,0.998509687034277,0.988112927191679,0.998473282442748,0.744186046511628,0.112951807228916,0.199687987519501,0.100308641975309,0.975903614457831,0.972932330827068,0.772455089820359,0.0963855421686747,0.100151745068285,0.115323854660348,0.714501510574018,0.0936555891238671,0.720121028744327,0.975867269984917,0.998493975903614,0.750741839762611,0.142857142857143,0.998461538461539,0.826086956521739,0.17737003058104,0.998484848484849,0.998432601880878,0.141509433962264,0.232227488151659,0.191394658753709,0.998511904761905,0.0926756352765321,1,0.0986342943854325,0.248847926267281,0.109281437125749,0.99851411589896,0.285930408472012,0.989197530864197,0.10590015128593,0.998487140695915,0.998442367601246,0.0982142857142857,0.114420062695925
"234",0.0859375,0.0985915492957746,0.09375,0.0862068965517241,0,0,0,0,0,0,0,0,0,0,0,0,0,0,0,0,0,0,0,0,0,0,0,0,0,0,0,0,0,0,0,0,0,0,0,0,0,0,0,0,0,0,0,0.0922844175491679,0.104229607250755,0.0914927768860353,0.0940988835725678,0,0.0015600624024961,0,0,0,0,0,0,0,0,0,0,0,0,0,0,0,0,0,0,0,0,0,0,0,0,0,0,0,0,0,0,0,0,0,0,0,0,0,0,0,0,0,0,0,0.0955993930197269,0.907715582450832,0.996870109546166,1,1,0.191387559808612,0.109567901234568,0.095389507154213,0.935837245696401,0.20679012345679,0.998496240601504,0.963836477987421,0.338006230529595,0.367088607594937,0.0933125972006221,0.780337941628264,1,0.964451313755796,0.973312401883831,0.100609756097561,0.109907120743034,1,0.837748344370861,0.110591900311526,0.998444790046656,0.100151745068285,1,0.103833865814696,0.984472049689441,0.904238618524333,0.998456790123457,0.0845070422535211,0.990853658536585,0.874809160305344,0.103286384976526,0.816666666666667,0.197183098591549,1,0.0996784565916399,1,0.928895612708018,0.216174183514774,0.833075734157651,0.838212634822804,0.0984375,0.099236641221374,1,0.8992,0.9125,1,1,0.0961832061068702,0.853658536585366,0.104938271604938,1,0.0938967136150235,0.112977099236641,1,0.950693374422188,0.0976744186046512,0.985915492957746,0.321086261980831,0.911353032659409,1,0.101246105919003,0.0934579439252336,0.967084639498433,1,1,0.0921658986175115,0.103610675039246,1,1,0.996870109546166,0.103875968992248,1,0.0979782270606532,0.111821086261981,0.532625189681335,1,0.818873668188737,0.844879518072289,0.0923566878980892,0.89540412044374,0.384493670886076,0.8921875,0.1024,0.348297213622291,0.0921875,1,1,0.142635658914729,0.102255639097744,0.17298937784522,1,1,0.384969325153374,1,0.907668231611894,1,0.0927672955974843,0.08125,0.114599686028257,0.590342679127726,0.0962145110410095,0.990536277602524,0.0919003115264797,0.10260336906585,0.09375,0.331738437001595,0.998470948012232,0.883572567783094,1,0.12111801242236,0.127725856697819,0.346625766871166,1,1,0.988835725677831,0.380216383307573,1,0.379573170731707,0.126543209876543,0.100470957613815,0.33030303030303,0.969278033794163,0.0894819466248038,0.267776096822995,0.930015552099533,0.0947204968944099,0.0990566037735849,0.962204724409449,0.872,0.914110429447853,0.0877458396369138,1,0.0986342943854325,1,0.84984520123839,0.998449612403101,0.0948678071539658,0.815668202764977,0.113207547169811,1,0.0973724884080371,0.0990415335463259,1,0.985691573926868
"235",0.250388802488336,0.253943217665615,0.252336448598131,0.243156199677939,0,0,0,0,0,0,0,0,0,0,0,0,0,0,0,0,0,0,0,0,0,0,0,0,0,0,0,0,0,0,0,0,0,0,0,0,0,0,0,0,0,0,0,0.257229832572298,0.25609756097561,0.2508038585209,0.252019386106624,0,0.004739336492891,0.00158982511923688,0,0,0,0,0,0,0,0,0,0,0,0,0,0,0,0,0,0,0,0,0,0,0,0,0,0,0,0,0,0,0,0,0,0,0,0,0,0,0,0,0,0,0.2642089093702,0.846270928462709,0.853543307086614,0.855095541401274,0.862068965517241,0.342857142857143,0.26875,0.262243285939968,0.857364341085271,0.339969372128637,0.844984802431611,0.867834394904459,0.441786283891547,0.482003129890454,0.255485893416928,0.776416539050536,0.843558282208589,0.878504672897196,0.861244019138756,0.261275272161742,0.2703125,0.85,0.822075782537068,0.26517571884984,0.856012658227848,0.26791277258567,0.859271523178808,0.265700483091787,0.861635220125786,0.86698717948718,0.854938271604938,0.253184713375796,0.883614088820827,0.829230769230769,0.27602523659306,1,0.361067503924647,0.843410852713178,0.252006420545746,0.84748427672956,0.937308868501529,0.354489164086687,1,0.830427892234548,0.265210608424337,0.271450858034321,0.851289833080425,0.992,0.849445324881141,0.843450479233227,0.863422291993721,0.253499222395023,0.8125,0.268330733229329,0.847649918962723,0.261980830670927,0.273570324574961,0.854889589905363,0.888024883359253,0.274294670846395,0.875583203732504,0.445151033386327,0.885895404120444,0.850467289719626,0.251184834123223,0.267716535433071,0.867394695787831,0.853125,0.86322188449848,0.235668789808917,0.270569620253165,0.842679127725857,0.856466876971609,0.871589085072231,0.25077399380805,0.850699844479005,0.256735340729002,0.287974683544304,0.615030674846626,0.85824345146379,0.806748466257669,0.865761689291101,0.249201277955272,0.878357030015798,0.493610223642172,0.864992150706436,0.256821829855538,0.470866141732283,0.257097791798107,0.843014128728414,0.85179407176287,0.305295950155763,0.270958083832335,0.312217194570136,0.847589424572317,0.882995319812793,0.479813664596273,0.8578352180937,0.867924528301887,0.849544072948328,0.247278382581649,0.239130434782609,0.280564263322884,0.598736176935229,0.258267716535433,0.859154929577465,0.247663551401869,0.265527950310559,0.256735340729002,0.46656050955414,0.865740740740741,0.848966613672496,0.841940532081377,0.285714285714286,0.273449920508744,0.494590417310665,0.851162790697674,0.851330203442879,0.869009584664537,0.496913580246914,0.8453125,0.474654377880184,0.287735849056604,0.259316770186335,0.450532724505327,0.871317829457364,0.253125,0.420647149460709,0.848101265822785,0.257097791798107,0.251980982567353,0.872239747634069,0.840650406504065,0.867283950617284,0.25226586102719,0.857364341085271,0.248847926267281,0.84984520123839,1,0.859375,0.250388802488336,1,0.271293375394322,0.852255054432348,0.258267716535433,0.247191011235955,0.856488549618321,0.859424920127795
"236",0.1015625,0.108695652173913,0.104938271604938,0.0927672955974843,0,0,0,0,0,0,0,0,0,0,0,0,0,0,0,0,0,0,0,0,0,0,0,0,0,0,0,0,0,0,0,0,0,0,0,0,0,0,0,0,0,0,0,0.106317411402157,0.113323124042879,0.108414239482201,0.105431309904153,0,0.0031104199066874,0.00156494522691706,0,0,0,0,0,0,0,0,0,0,0,0,0,0,0,0,0,0,0,0,0,0,0,0,0,0,0,0,0,0,0,0,0,0,0,0,0,0,0,0,0,0,0.105100463678516,0.916167664670659,0.993720565149137,0.996789727126806,1,0.205741626794258,0.116279069767442,0.107371794871795,0.942097026604069,0.210769230769231,1,0.96656050955414,0.335949764521193,0.36741214057508,0.107309486780715,0.784375,0.996932515337423,0.966257668711656,0.970172684458399,0.107858243451464,0.109737248840804,0.996860282574568,0.8330550918197,0.113207547169811,0.998407643312102,0.105343511450382,0.99673735725938,0.111821086261981,0.981424148606811,0.903381642512077,0.998468606431853,0.0862619808306709,0.990783410138249,0.878787878787879,0.11496062992126,0.824324324324324,0.207165109034268,0.996955859969559,0.10031847133758,0.996860282574568,0.938556067588326,0.222049689440994,0.839009287925697,0.855784469096672,0.107309486780715,0.108895705521472,0.996974281391831,0.907467532467532,0.919303797468354,0.988853503184713,0.996840442338073,0.101538461538462,0.848531684698609,0.111811023622047,0.996840442338073,0.10410094637224,0.11937984496124,1,0.953703703703704,0.110764430577223,0.984447900466563,0.327503974562798,0.912908242612753,0.998442367601246,0.107717041800643,0.1046875,0.971742543171115,0.996918335901387,0.996960486322188,0.0921875,0.117834394904459,0.996904024767802,0.996805111821086,0.998407643312102,0.109737248840804,0.996923076923077,0.0998415213946117,0.116427432216906,0.525757575757576,0.996865203761755,0.821100917431193,0.848348348348348,0.107936507936508,0.891304347826087,0.39171974522293,0.883720930232558,0.103559870550162,0.350877192982456,0.102201257861635,0.996820349761526,0.996904024767802,0.153846153846154,0.103293413173653,0.181679389312977,0.99685534591195,0.996860282574568,0.386895475819033,0.996768982229402,0.911353032659409,0.998468606431853,0.107692307692308,0.0909090909090909,0.124018838304553,0.575949367088608,0.105180533751962,0.985781990521327,0.0981308411214953,0.113808801213961,0.102848101265823,0.353312302839117,0.998442367601246,0.894154818325434,0.996865203761755,0.132307692307692,0.126348228043143,0.343122102009274,0.996865203761755,0.998439937597504,0.990306946688207,0.390625,0.998442367601246,0.370942812982998,0.1296875,0.10989010989011,0.340298507462687,0.969088098918083,0.102848101265823,0.278366111951589,0.93953488372093,0.105345911949686,0.105431309904153,0.971518987341772,0.865168539325843,0.918836140888208,0.0977099236641221,0.998470948012232,0.109281437125749,0.998449612403101,0.859375,1,0.0995334370139969,0.821596244131455,0.121306376360809,1,0.10625,0.104838709677419,0.996932515337423,0.983922829581994
"237",1,1,1,1,0,0,0,0,0,0,0,0,0,0,0,0,0,0,0,0,0,0,0,0,0,0,0,0,0,0,0,0,0,0,0,0,0,0,0,0,0,0,0,0,0,0,0,1,1,1,1,0,0,0,0,0,0,0,0,0,0,0,0,0,0,0,0,0,0,0,0,0,0,0,0,0,0,0,0,0,0,0,0,0,0,0,0,0,0,0,0,0,0,0,0,0,1,0.18796992481203,0.0998415213946117,0.0920840064620355,0.0906298003072197,0.905808477237049,0.995260663507109,0.998410174880763,0.158307210031348,0.889400921658986,0.101823708206687,0.144409937888199,0.761526232114467,0.732704402515723,1,0.313846153846154,0.0921658986175115,0.138674884437596,0.121875,1,0.987480438184664,0.0953125,0.256198347107438,0.995222929936306,0.10126582278481,1,0.0907617504051864,1,0.106870229007634,0.181388012618297,0.0899390243902439,1,0.101538461538462,0.22154779969651,0.990491283676704,0.275602409638554,0.904615384615385,0.1,0.998420221169036,0.0870917573872473,0.168949771689498,0.90015600624025,0.250778816199377,0.250391236306729,1,0.995363214837713,0.0903522205206738,0.196850393700787,0.195583596214511,0.1056,0.109004739336493,1,0.251524390243902,0.990491283676704,0.0870967741935484,1,0.989296636085627,0.101426307448494,0.141538461538462,1,0.113671274961598,0.766929133858268,0.191823899371069,0.0965189873417722,1,1,0.138364779874214,0.0942812982998454,0.0977099236641221,1,0.996860282574568,0.0928792569659443,0.095389507154213,0.106084243369735,0.998439937597504,0.0918836140888208,0.998415213946117,0.996875,0.58179012345679,0.0927357032457496,0.277089783281734,0.251885369532428,1,0.209448818897638,0.71405750798722,0.212403100775194,0.998376623376623,0.745709828393136,1,0.103668261562998,0.0975232198142415,0.9625,0.996969696969697,0.923664122137405,0.0928792569659443,0.102167182662539,0.719135802469136,0.0932475884244373,0.182108626198083,0.0972644376899696,1,1,0.987361769352291,0.552380952380952,1,0.101851851851852,1,0.990825688073395,0.996865203761755,0.750798722044728,0.10260336906585,0.186795491143317,0.0976377952755905,0.976993865030675,0.97196261682243,0.766871165644172,0.0877742946708464,0.0956112852664577,0.113452188006483,0.719814241486068,0.0903426791277259,0.726574500768049,0.974882260596546,1,0.762917933130699,0.135802469135802,1,0.825688073394495,0.181818181818182,1,1,0.138755980861244,0.211538461538462,0.17530487804878,1,0.087962962962963,0.99851411589896,0.0948678071539658,0.250388802488336,0.0995334370139969,1,0.272585669781931,0.989180834621329,0.0948678071539658,1,1,0.0936555891238671,0.104928457869634
"238",0.285935085007728,0.286846275752773,0.285046728971963,0.27536231884058,0,0,0,0,0,0,0,0,0,0,0,0,0,0,0,0,0,0,0,0,0,0,0,0,0,0,0,0,0,0,0,0,0,0,0,0,0,0,0,0,0,0,0,0.291540785498489,0.294117647058824,0.290584415584416,0.280254777070064,0,0.00316455696202532,0.00155038759689922,0,0,0,0,0,0,0,0,0,0,0,0,0,0,0,0,0,0,0,0,0,0,0,0,0,0,0,0,0,0,0,0,0,0,0,0,0,0,0,0,0,0,0.289833080424886,0.833080424886191,0.827315541601256,0.817034700315457,0.82992125984252,0.386581469648562,0.2984375,0.2896,0.843505477308294,0.382945736434109,0.811263318112633,0.842948717948718,0.481540930979133,0.494488188976378,0.294670846394984,0.764615384615385,0.812693498452012,0.851851851851852,0.842271293375394,0.29264475743349,0.294209702660407,0.824451410658307,0.81,0.289137380191693,0.824088748019017,0.297380585516179,0.833881578947368,0.3,0.839874411302983,0.85048231511254,0.827160493827161,0.298555377207063,0.857142857142857,0.816074188562597,0.30379746835443,0.990922844175492,0.3984375,0.812785388127854,0.292207792207792,0.82472613458529,0.913978494623656,0.385692068429238,0.993836671802773,0.818325434439178,0.302507836990596,0.299382716049383,0.821212121212121,0.9776,0.832012678288431,0.811074918566775,0.830482115085537,0.287735849056604,0.811349693251534,0.30564263322884,0.812101910828026,0.287081339712919,0.313271604938272,0.820349761526232,0.866359447004608,0.300940438871473,0.854632587859425,0.479559748427673,0.870662460567823,0.825396825396825,0.290679304897314,0.298578199052133,0.833855799373041,0.81875,0.825347758887172,0.26813880126183,0.301261829652997,0.814241486068111,0.819488817891374,0.830940988835726,0.273993808049536,0.815336463223787,0.288709677419355,0.3234375,0.625382262996942,0.82701062215478,0.800608828006088,0.876132930513595,0.283653846153846,0.873217115689382,0.513385826771654,0.846273291925466,0.276143790849673,0.489795918367347,0.276898734177215,0.808777429467085,0.816326530612245,0.334375,0.304545454545455,0.345201238390093,0.819314641744548,0.844339622641509,0.50390015600624,0.824590163934426,0.851735015772871,0.819548872180451,0.274570982839314,0.277519379844961,0.312796208530806,0.60731319554849,0.280314960629921,0.830455259026688,0.28062015503876,0.294117647058824,0.282843894899536,0.495222929936306,0.836671802773498,0.831496062992126,0.809968847352025,0.322033898305085,0.315372424722662,0.509230769230769,0.810852713178295,0.820872274143302,0.844051446945338,0.52,0.811437403400309,0.496124031007752,0.332807570977918,0.289676425269646,0.472222222222222,0.85243328100471,0.287284144427002,0.459090909090909,0.831496062992126,0.29595015576324,0.2848,0.846034214618974,0.831973898858075,0.837209302325581,0.287901990811639,0.81832298136646,0.285930408472012,0.815668202764977,1,0.821596244131455,0.272585669781931,1,0.307332293291732,0.821981424148607,0.29153605015674,0.280645161290323,0.823076923076923,0.840944881889764
"239",0.987460815047022,0.987341772151899,0.987441130298273,0.988636363636364,0,0,0,0,0,0,0,0,0,0,0,0,0,0,0,0,0,0,0,0,0,0,0,0,0,0,0,0,0,0,0,0,0,0,0,0,0,0,0,0,0,0,0,0.989180834621329,0.989180834621329,0.986970684039088,0.988745980707395,0,0,0,0,0,0,0,0,0,0,0,0,0,0,0,0,0,0,0,0,0,0,0,0,0,0,0,0,0,0,0,0,0,0,0,0,0,0,0,0,0,0,0,0,0,0.989096573208723,0.208012326656394,0.12202852614897,0.1136,0.107424960505529,0.912420382165605,0.9826224328594,0.990322580645161,0.168238993710692,0.910769230769231,0.122324159021407,0.149206349206349,0.784591194968553,0.76984126984127,0.989010989010989,0.344827586206897,0.112480739599384,0.147744945567652,0.135860979462875,0.990697674418605,0.982649842271293,0.12202852614897,0.294314381270903,0.982484076433121,0.123613312202853,0.987577639751553,0.116472545757072,0.98538961038961,0.1296875,0.1968,0.113178294573643,0.992050874403816,0.11993769470405,0.240683229813665,1,0.300763358778626,0.910377358490566,0.11609907120743,0.990338164251208,0.106349206349206,0.188361408882083,0.9,0.28125,0.261904761904762,0.987301587301587,0.98297213622291,0.11791730474732,0.211974110032362,0.200317965023847,0.128930817610063,0.130573248407643,0.989079563182527,0.269406392694064,1,0.10702875399361,0.987381703470032,1,0.117363344051447,0.162460567823344,0.990536277602524,0.132165605095541,0.797169811320755,0.2,0.1168,0.9890625,0.988958990536278,0.14488188976378,0.116719242902208,0.125193199381762,0.987421383647799,0.983974358974359,0.108191653786708,0.113924050632911,0.126198083067093,0.985871271585557,0.110419906687403,0.98740157480315,0.987179487179487,0.609375,0.113564668769716,0.303951367781155,0.284839203675345,0.987220447284345,0.234349919743178,0.750798722044728,0.242236024844721,0.988448844884488,0.781645569620253,0.987361769352291,0.1265625,0.113029827315542,0.957680250783699,0.989441930618401,0.921779141104294,0.116352201257862,0.118110236220472,0.750392464678179,0.109324758842444,0.199044585987261,0.113149847094801,0.987635239567233,0.98740157480315,1,0.557692307692308,0.990491283676704,0.117174959871589,0.992088607594937,1,0.985826771653543,0.795786061588331,0.116923076923077,0.20253164556962,0.110223642172524,0.975039001560062,0.971653543307087,0.772307692307692,0.108832807570978,0.110584518167457,0.129807692307692,0.7515625,0.108490566037736,0.762052877138414,1,0.988888888888889,0.790909090909091,0.143518518518519,0.987117552334944,0.859969558599696,0.1859375,0.988976377952756,0.985342019543974,0.15224358974359,0.25,0.203100775193798,0.987823439878234,0.105426356589147,0.989197530864197,0.113207547169811,0.271293375394322,0.121306376360809,0.989180834621329,0.307332293291732,1,0.114551083591331,0.990625,0.985221674876847,0.110260336906585,0.123993558776167
"240",0.087962962962963,0.0995334370139969,0.0910518053375196,0.0883280757097792,0,0,0,0,0,0,0,0,0,0,0,0,0,0,0,0,0,0,0,0,0,0,0,0,0,0,0,0,0,0,0,0,0,0,0,0,0,0,0,0,0,0,0,0.087218045112782,0.102760736196319,0.0944,0.100931677018634,0,0.0046656298600311,0.00156494522691706,0,0,0,0,0,0,0,0,0,0,0,0,0,0,0,0,0,0,0,0,0,0,0,0,0,0,0,0,0,0,0,0,0,0,0,0,0,0,0,0,0,0,0.105343511450382,0.911719939117199,0.993788819875776,0.998402555910543,1,0.201587301587302,0.114906832298137,0.0996835443037975,0.937791601866252,0.203053435114504,1,0.958466453674121,0.335433070866142,0.372854914196568,0.0951638065522621,0.779320987654321,0.998470948012232,0.963470319634703,0.968847352024922,0.106317411402157,0.109062980030722,0.998444790046656,0.844481605351171,0.108626198083067,0.996845425867508,0.100917431192661,0.998363338788871,0.101910828025478,0.982839313572543,0.9088,0.998475609756098,0.0848,0.989296636085627,0.873668188736682,0.105015673981191,0.820089955022489,0.197819314641745,0.998461538461539,0.0940438871473354,0.998439937597504,0.927601809954751,0.22257053291536,0.841368584758942,0.847723704866562,0.100931677018634,0.101694915254237,0.998496240601504,0.89968152866242,0.917316692667707,0.993620414673046,0.998435054773083,0.0921450151057402,0.856488549618321,0.110591900311526,0.998415213946117,0.0976377952755905,0.113846153846154,1,0.948598130841122,0.103286384976526,0.983180428134557,0.329173166926677,0.912772585669782,1,0.101404056162246,0.102201257861635,0.963020030816641,0.998459167950693,0.998493975903614,0.0927672955974843,0.11216429699842,0.998442367601246,0.998427672955975,0.996845425867508,0.105754276827372,0.998452012383901,0.097331240188383,0.110764430577223,0.531587057010786,0.998454404945904,0.822804314329738,0.844311377245509,0.0968253968253968,0.890795631825273,0.394944707740916,0.889922480620155,0.0992,0.359375,0.0926216640502355,0.998442367601246,0.998454404945904,0.144409937888199,0.101949025487256,0.175925925925926,0.998463901689708,0.998432601880878,0.396024464831804,0.998387096774194,0.907523510971787,0.998484848484849,0.1,0.0903522205206738,0.118564742589704,0.558869701726845,0.0959752321981424,0.987577639751553,0.0979782270606532,0.103875968992248,0.0909090909090909,0.346645367412141,0.998442367601246,0.89297124600639,0.998432601880878,0.131699846860643,0.12755905511811,0.339506172839506,0.998475609756098,1,0.988745980707395,0.385321100917431,1,0.380880121396055,0.122480620155039,0.108320251177394,0.348091603053435,0.967542503863988,0.093603744149766,0.273846153846154,0.930555555555556,0.0940438871473354,0.0935023771790808,0.962382445141066,0.872,0.917933130699088,0.087218045112782,0.998454404945904,0.10590015128593,1,0.852255054432348,1,0.0948678071539658,0.821981424148607,0.114551083591331,1,0.0970266040688576,0.0972886762360447,0.998475609756098,0.984326018808777
"241",1,1,1,1,0,0,0,0,0,0,0,0,0,0,0,0,0,0,0,0,0,0,0,0,0,0,0,0,0,0,0,0,0,0,0,0,0,0,0,0,0,0,0,0,0,0,0,1,1,1,1,0,0,0,0,0,0,0,0,0,0,0,0,0,0,0,0,0,0,0,0,0,0,0,0,0,0,0,0,0,0,0,0,0,0,0,0,0,0,0,0,0,0,0,0,0,1,0.180866965620329,0.106481481481481,0.0923566878980892,0.0977917981072555,0.900787401574803,0.996840442338073,0.998449612403101,0.159305993690852,0.891437308868501,0.104545454545455,0.143974960876369,0.7625,0.735614307931571,1,0.31832298136646,0.0916149068322981,0.137345679012346,0.122670807453416,1,0.986089644513138,0.101880877742947,0.274086378737542,0.9984375,0.10410094637224,1,0.100813008130081,1,0.109717868338558,0.189358372456964,0.100151745068285,1,0.100463678516229,0.225954198473282,0.987281399046105,0.288753799392097,0.905956112852665,0.102134146341463,0.9968,0.0914826498422713,0.166153846153846,0.901081916537867,0.257861635220126,0.249211356466877,1,0.996918335901387,0.0966767371601208,0.187702265372168,0.193700787401575,0.111642743221691,0.110077519379845,1,0.26412213740458,0.990595611285266,0.0901898734177215,1,0.99388379204893,0.101721439749609,0.152542372881356,1,0.114906832298137,0.768621236133122,0.190625,0.0996884735202492,1,1,0.132716049382716,0.100154083204931,0.0986342943854325,1,1,0.0933125972006221,0.10126582278481,0.115805946791862,0.998422712933754,0.0993788819875776,0.998412698412698,0.996845425867508,0.581288343558282,0.095679012345679,0.285280728376328,0.26355421686747,1,0.216772151898734,0.724358974358974,0.226993865030675,0.996747967479675,0.746500777604977,1,0.105180533751962,0.10641627543036,0.966153846153846,0.996978851963746,0.926040061633282,0.0975232198142415,0.0985915492957746,0.728395061728395,0.0979133226324237,0.18312101910828,0.100308641975309,1,1,0.985759493670886,0.540412044374009,1,0.104454685099846,1,0.990783410138249,1,0.767628205128205,0.103125,0.192982456140351,0.0920436817472699,0.978260869565217,0.975308641975309,0.766768292682927,0.0913385826771654,0.0892018779342723,0.110932475884244,0.724458204334365,0.0938967136150235,0.728943338437979,0.975270479134467,1,0.76840490797546,0.136434108527132,1,0.830584707646177,0.171653543307087,1,1,0.137007874015748,0.236245954692557,0.188650306748466,1,0.0917573872472784,0.998487140695915,0.0973724884080371,0.258267716535433,0.10625,1,0.29153605015674,0.990625,0.0970266040688576,1,1,0.0972644376899696,0.112359550561798
"242",1,1,1,1,0,0,0,0,0,0,0,0,0,0,0,0,0,0,0,0,0,0,0,0,0,0,0,0,0,0,0,0,0,0,0,0,0,0,0,0,0,0,0,0,0,0,0,1,1,1,1,0,0,0,0,0,0,0,0,0,0,0,0,0,0,0,0,0,0,0,0,0,0,0,0,0,0,0,0,0,0,0,0,0,0,0,0,0,0,0,0,0,0,0,0,0,1,0.178736517719569,0.102605863192182,0.0915032679738562,0.0936995153473344,0.907317073170732,0.99349593495935,0.998384491114701,0.140776699029126,0.8953125,0.104524180967239,0.134646962233169,0.768729641693811,0.734959349593496,1,0.317034700315457,0.0934579439252336,0.135265700483092,0.125806451612903,1,0.987034035656402,0.0988654781199352,0.267676767676768,0.995098039215686,0.0983333333333333,1,0.0925925925925926,1,0.111642743221691,0.172920065252855,0.0909090909090909,1,0.0936507936507937,0.218500797448166,0.988467874794069,0.278301886792453,0.898550724637681,0.0932069510268562,0.996726677577741,0.0889967637540453,0.152996845425868,0.8896,0.248796147672552,0.247154471544715,1,0.99375,0.0945736434108527,0.175496688741722,0.175895765472313,0.11038961038961,0.109324758842444,1,0.253125,0.987138263665595,0.0901639344262295,1,0.988941548183254,0.101123595505618,0.143540669856459,1,0.108452950558214,0.761827079934747,0.184640522875817,0.0990415335463259,1,1,0.128038897893031,0.0939490445859873,0.0989010989010989,1,0.996677740863787,0.0810810810810811,0.0960912052117264,0.10327868852459,0.998397435897436,0.090032154340836,0.996779388083736,0.995090016366612,0.572542901716069,0.0957613814756672,0.278301886792453,0.253543307086614,1,0.208130081300813,0.715210355987055,0.211690363349131,0.996726677577741,0.743178170144462,1,0.102773246329527,0.10031847133758,0.959871589085072,0.99537037037037,0.918238993710692,0.0937996820349762,0.0998415213946117,0.7216,0.0979381443298969,0.174267100977199,0.0903328050713154,1,1,0.985365853658537,0.52572347266881,1,0.104430379746835,1,0.985804416403785,0.998376623376623,0.752459016393443,0.0987261146496815,0.181518151815182,0.0944,0.974481658692185,0.9728,0.767295597484277,0.092948717948718,0.0869565217391304,0.110016420361248,0.722488038277512,0.0870967741935484,0.721780604133545,0.972447325769854,1,0.766718506998445,0.132492113564669,1,0.841860465116279,0.173913043478261,1,1,0.137479541734861,0.228714524207012,0.1808,1,0.0906200317965024,0.998442367601246,0.0990415335463259,0.247191011235955,0.104838709677419,1,0.280645161290323,0.985221674876847,0.0972886762360447,1,1,0.0951638065522621,0.107615894039735
"243",0.0914634146341463,0.0970724191063174,0.0972644376899696,0.0868217054263566,0,0,0,0,0,0,0,0,0,0,0,0,0,0,0,0,0,0,0,0,0,0,0,0,0,0,0,0,0,0,0,0,0,0,0,0,0,0,0,0,0,0,0,0.0870870870870871,0.101515151515152,0.0948553054662379,0.0996835443037975,0,0.0046656298600311,0.00151975683890578,0,0,0,0,0,0,0,0,0,0,0,0,0,0,0,0,0,0,0,0,0,0,0,0,0,0,0,0,0,0,0,0,0,0,0,0,0,0,0,0,0,0,0.0998487140695915,0.914156626506024,0.995341614906832,1,0.998463901689708,0.194312796208531,0.110248447204969,0.0971786833855799,0.937116564417178,0.222388059701493,0.99851411589896,0.957413249211357,0.349378881987578,0.374213836477987,0.0953846153846154,0.781818181818182,1,0.965361445783133,0.967741935483871,0.10381679389313,0.111111111111111,1,0.837704918032787,0.105678233438486,0.9984375,0.0977099236641221,1,0.0979462875197472,0.983358547655068,0.901869158878505,0.995529061102832,0.0843558282208589,0.990825688073395,0.877245508982036,0.0982839313572543,0.824850299401198,0.192955589586524,1,0.0946372239747634,1,0.925816023738872,0.204615384615385,0.843465045592705,0.841121495327103,0.101694915254237,0.0984848484848485,1,0.900311526479751,0.909375,0.990610328638498,1,0.0920060331825038,0.853915662650602,0.100609756097561,1,0.089644513137558,0.110438729198185,0.998449612403101,0.952599388379205,0.100763358778626,0.984662576687117,0.322932917316693,0.907834101382488,0.998463901689708,0.101382488479263,0.0961832061068702,0.963358778625954,1,1,0.0937019969278034,0.108864696734059,1,1,0.998432601880878,0.106707317073171,1,0.0920436817472699,0.109034267912773,0.521804511278195,1,0.814199395770393,0.831610044313146,0.0940438871473354,0.881435257410296,0.388544891640867,0.884969325153374,0.093603744149766,0.348982785602504,0.0917573872472784,1,1,0.138508371385084,0.099702380952381,0.173453996983409,1,1,0.379727685325265,1,0.903875968992248,1,0.0918836140888208,0.086890243902439,0.113671274961598,0.54531490015361,0.0986342943854325,0.987673343605547,0.0938461538461538,0.105580693815988,0.10061919504644,0.34181240063593,0.996965098634294,0.879499217527387,1,0.124042879019908,0.120743034055728,0.340675477239354,1,0.998456790123457,0.984051036682616,0.385208012326656,0.998456790123457,0.376506024096386,0.121165644171779,0.0970724191063174,0.329819277108434,0.966412213740458,0.0952380952380952,0.274888558692422,0.929230769230769,0.093558282208589,0.0993788819875776,0.9625,0.863422291993721,0.918305597579425,0.0894187779433681,1,0.0982142857142857,1,0.856488549618321,0.996932515337423,0.0936555891238671,0.823076923076923,0.110260336906585,0.998475609756098,0.0972644376899696,0.0951638065522621,1,0.984350547730829
"244",0.105511811023622,0.106623586429725,0.105095541401274,0.0957792207792208,0,0,0,0,0,0,0,0,0,0,0,0,0,0,0,0,0,0,0,0,0,0,0,0,0,0,0,0,0,0,0,0,0,0,0,0,0,0,0,0,0,0,0,0.0996884735202492,0.10989010989011,0.101836393989983,0.103392568659128,0,0.00160513643659711,0.00160771704180064,0,0,0,0,0,0,0,0,0,0,0,0,0,0,0,0,0,0,0,0,0,0,0,0,0,0,0,0,0,0,0,0,0,0,0,0,0,0,0,0,0,0,0.108150470219436,0.926216640502355,0.996794871794872,0.983739837398374,0.985342019543974,0.212520593080725,0.123376623376623,0.109324758842444,0.94912559618442,0.213622291021672,0.985781990521327,0.96656050955414,0.345276872964169,0.375203915171289,0.109149277688604,0.772370486656201,0.984251968503937,0.971698113207547,1,0.115323854660348,0.125,0.987220447284345,0.831632653061224,0.115635179153094,0.990115321252059,0.117739403453689,0.985123966942149,0.112769485903814,0.998384491114701,0.921951219512195,0.989010989010989,0.0946166394779772,0.988817891373802,0.879807692307692,0.124386252045827,0.832049306625578,0.21256038647343,0.984251968503937,0.110743801652893,0.987138263665595,0.928348909657321,0.225396825396825,0.847402597402597,0.868078175895766,0.108108108108108,0.114467408585056,0.984202211690363,0.905844155844156,0.923452768729642,0.979966611018364,0.987096774193548,0.105511811023622,0.861417322834646,0.11525974025974,0.983686786296901,0.110749185667752,0.126382306477093,0.980645161290323,0.953674121405751,0.113782051282051,0.985623003194888,0.327390599675851,0.926517571884984,0.981132075471698,0.114104595879556,0.114832535885167,0.975688816855754,0.9872,0.982677165354331,0.103833865814696,0.118506493506494,0.9859375,0.982113821138211,0.988486842105263,0.10828025477707,0.982371794871795,0.110754414125201,0.122349102773246,0.537124802527646,0.985781990521327,0.820919175911252,0.859133126934985,0.10327868852459,0.901294498381877,0.402640264026403,0.890127388535032,0.103852596314908,0.353503184713376,0.103668261562998,0.983739837398374,0.984076433121019,0.159677419354839,0.113003095975232,0.1890625,0.984051036682616,0.985507246376812,0.392344497607655,0.986798679867987,0.923948220064725,0.982731554160126,0.102773246329527,0.0992125984251968,0.12241653418124,0.568881685575365,0.116903633491311,0.99203821656051,0.0992125984251968,0.115141955835962,0.110210696920583,0.356451612903226,0.985668789808917,0.906300484652666,0.982343499197432,0.135860979462875,0.1376,0.353503184713376,0.988727858293076,0.984076433121019,0.98993288590604,0.393650793650794,0.982371794871795,0.377179080824089,0.140845070422535,0.105263157894737,0.336923076923077,0.96998420221169,0.0998415213946117,0.286377708978328,0.936688311688312,0.106623586429725,0.105436573311367,0.970826580226904,0.876441515650741,0.917460317460317,0.101694915254237,0.984126984126984,0.114420062695925,0.985691573926868,0.859424920127795,0.983922829581994,0.104928457869634,0.840944881889764,0.123993558776167,0.984326018808777,0.112359550561798,0.107615894039735,0.984350547730829,1
